33 0.64765625 0.31953125 0.09375 0.115625
24 0.45234375 0.9203125 0.09375 0.1125
24 0.45 0.80625 0.09375 0.1171875
33 0.6484375 0.43984375 0.0953125 0.1171875
39 0.83515625 0.6828125 0.09375 0.11875
3 0.06796875 0.4359375 0.09375 0.115625
7 0.165625 0.196875 0.09375 0.1140625
11 0.2609375 0.56015625 0.09375 0.115625
3 0.06875 0.315625 0.090625 0.115625
29 0.934375 0.43671875 0.0890625 0.1203125
7 0.16484375 0.07734375 0.09375 0.1109375
9 0.1625 0.92109375 0.096875 0.1171875
16 0.35625 0.559375 0.09375 0.1140625
12 0.2640625 0.196875 0.09375 0.115625
11 0.259375 0.68125 0.0953125 0.11875
40 0.8375 0.19609375 0.09375 0.1140625
28 0.55234375 0.43984375 0.09375 0.115625
40 0.83828125 0.0796875 0.0921875 0.109375
29 0.9328125 0.3171875 0.0875 0.11875
32 0.64609375 0.196875 0.0921875 0.1140625
19 0.353125 0.91640625 0.09375 0.1140625
28 0.5515625 0.3203125 0.09375 0.1171875
16 0.35234375 0.6796875 0.09375 0.1171875
4 0.06640625 0.9203125 0.0953125 0.1140625
12 0.26328125 0.08046875 0.09375 0.1109375
1 0.06875 0.55703125 0.0921875 0.1125
4 0.0625 0.80546875 0.09375 0.1203125
8 0.16640625 0.3171875 0.0953125 0.1171875
41 0.83984375 0.4390625 0.09375 0.115625
27 0.55 0.1953125 0.09375 0.1140625
2 0.06875 0.07578125 0.090625 0.109375
32 0.64453125 0.07734375 0.09375 0.109375
14 0.2578125 0.79921875 0.096875 0.1171875
38 0.74609375 0.32109375 0.0921875 0.1171875
8 0.16640625 0.4375 0.0953125 0.115625
19 0.353125 0.8 0.0953125 0.115625
27 0.54921875 0.07890625 0.09375 0.109375
1 0.0671875 0.68046875 0.0921875 0.1171875
15 0.83671875 0.803125 0.09375 0.115625
39 0.83984375 0.55859375 0.0953125 0.1203125
38 0.74375 0.4390625 0.09375 0.115625
31 0.6484375 0.56015625 0.0953125 0.1171875
17 0.3546875 0.19765625 0.09375 0.1140625
5 0.646875 0.79921875 0.09375 0.1140625
17 0.35546875 0.08125 0.09375 0.1109375
6 0.16640625 0.559375 0.096875 0.1140625
41 0.83984375 0.31953125 0.09375 0.1171875
31 0.64375 0.68046875 0.0953125 0.1171875
13 0.2609375 0.31875 0.0921875 0.115625
2 0.06953125 0.196875 0.090625 0.1140625
26 0.5484375 0.6828125 0.0953125 0.11875
23 0.4546875 0.321875 0.09375 0.115625
9 0.16328125 0.80234375 0.096875 0.11875
34 0.93046875 0.67890625 0.0921875 0.1171875
13 0.2640625 0.440625 0.0953125 0.11875
22 0.453125 0.08125 0.09375 0.1078125
37 0.7421875 0.078125 0.090625 0.1140625
22 0.453125 0.19765625 0.0890625 0.10625
37 0.7421875 0.19375 0.0828125 0.109375
18 0.3578125 0.31875 0.0890625 0.1140625
18 0.359375 0.43984375 0.084375 0.1140625
23 0.45234375 0.43984375 0.1 0.109375
21 0.45078125 0.68203125 0.0921875 0.11875
36 0.73828125 0.68125 0.0890625 0.1125
6 0.16484375 0.6796875 0.0953125 0.1140625
14 0.25859375 0.91796875 0.0890625 0.1140625
21 0.45703125 0.5609375 0.096875 0.1140625
26 0.55234375 0.5578125 0.090625 0.1234375
36 0.74140625 0.55859375 0.09375 0.11875
34 0.93515625 0.559375 0.0859375 0.11875
0 0.74140625 0.80234375 0.084375 0.10625
0 0.54921875 0.80234375 0.096875 0.115625