33 0.616846175322664 0.2509744580064307 0.13534893912238158 0.1545996547112475
24 0.6418726379807006 0.8781161122134751 0.135294392044481 0.15147465471124733
24 0.5993794005626023 0.7739256389486802 0.13534893912238175 0.1545996547112475
33 0.6594485068965635 0.36141493127122565 0.13534893912238158 0.1545996547112475
39 0.9202883697200512 0.5168244250670394 0.13696598620028233 0.15783391535490915
3 0.10933723295057614 0.5727494491274798 0.1353489391223816 0.15459965471124731
7 0.11814562256272036 0.3155707336563551 0.13532166558343128 0.15303715471124751
11 0.33537362743068905 0.61639091644019 0.13534893912238158 0.1545996547112475
3 0.07061387783772614 0.4604733242535306 0.1275364391223816 0.1540533514929388
29 0.9274251651763942 0.2535049702395763 0.12912621266133187 0.1557251121366005
7 0.07632454098882072 0.20507563006972934 0.13211484496658027 0.14813113342392406
9 0.3622220941492108 0.9446033977507564 0.12921594155801355 0.07145937278026224
16 0.4254804301906326 0.5803662991078093 0.13532166558343128 0.15303715471124751
12 0.2113774253226639 0.27932759503665094 0.13534893912238158 0.1545996547112475
11 0.3764407325435391 0.7285031503486465 0.14011825973923261 0.15961493664223259
40 0.7528540389602257 0.07138441903808003 0.13532166558343128 0.14276883807616006
28 0.5685468173671449 0.39671292892543714 0.13534893912238175 0.1545996547112475
40 0.7139630884737584 0.016336286118359116 0.12792617694751698 0.03267257223671823
29 0.8855904468330195 0.14222861665295058 0.13068871266133186 0.15583437278026224
32 0.5726267966708636 0.13751824538529758 0.1337591655834313 0.15292789406758578
19 0.5445027601396791 0.9013511524423337 0.1334046095770768 0.13261539406758588
28 0.5267257357932452 0.28621782533881135 0.13534893912238175 0.1545996547112475
16 0.46340889853400746 0.6919158043035895 0.13693871266133187 0.15627141535490913
4 0.27029369276923904 0.965893525726799 0.12244774431795716 0.04133483020561535
12 0.17039214082666496 0.17190286112819436 0.13211484496658024 0.14813113342392398
1 0.15273445129395097 0.6839165420704438 0.13373189204448094 0.15136539406758587
4 0.23182548213650195 0.9130470311746806 0.13688416558343128 0.1531464153549095
8 0.16076159090609518 0.42679245692115 0.13852848620028232 0.15794317599857094
41 0.8396757491859258 0.29014694660646434 0.13534893912238175 0.1545996547112475
27 0.48091658360249456 0.17130837336133994 0.135294392044481 0.1514746547112475
2 0.025979667612026164 0.2336266009887357 0.04606825081077889 0.13587179802252863
32 0.5285165121748646 0.05101692473806322 0.1320330243497292 0.10203384947612644
14 0.41510954057848837 0.8376542752225958 0.13852848620028232 0.15794317599857094
38 0.7100916148520826 0.21551256938672667 0.13378643912238175 0.1544903940675857
8 0.20258267247999484 0.5372875605077757 0.13534893912238166 0.1545996547112475
19 0.5060385036468574 0.8039187775683843 0.13850121266133186 0.15638067599857094
27 0.43993129910649553 0.06897460308242268 0.13211484496658024 0.13794920616484535
1 0.19385610348470161 0.7991537759789005 0.13540348620028228 0.1577246547112475
15 0.9476149342511176 0.6286470818719738 0.10477013149776475 0.15339778763096845
39 0.8814968307598253 0.40064205019309007 0.1385557597392328 0.15950567599857096
38 0.7495689464259823 0.326171563938845 0.13534893912238175 0.15459965471124743
31 0.7020781120094135 0.47341790453602056 0.13691143912238174 0.15470891535490913
17 0.29761888839103295 0.24591987931342468 0.13532166558343128 0.15303715471124751
5 0.7825952751572129 0.6946266329965954 0.135294392044481 0.15147465471124733
17 0.257414853895034 0.1384405150831372 0.13211484496658024 0.14813113342392398
6 0.24522591436232002 0.6500717837725707 0.13850121266133195 0.15638067599857094
41 0.7978683043815014 0.18043309301983862 0.13534893912238158 0.1545996547112475
31 0.7392526038917386 0.5865845400536315 0.13852848620028232 0.15794317599857094
13 0.25089566720498907 0.39233033958876934 0.13378643912238158 0.15449039406758577
2 0.04909165949435133 0.3477765822993023 0.08841939204448093 0.14819683540139544
26 0.6491594379012703 0.623390407386012 0.13696598620028233 0.15783391535490915
23 0.434302456572252 0.32396883363668455 0.13534893912238158 0.1545996547112475
9 0.32740103489644545 0.8766400015894839 0.14011825973923261 0.15961493664223275
34 0.9713876249983524 0.483148911573386 0.0572247500032951 0.14365144703379293
13 0.29666390908731427 0.5048960415662407 0.13696598620028233 0.15783391535490915
22 0.3498654066549775 0.10225200678526396 0.13206029788867957 0.14500613342392402
37 0.6235835503243116 0.03356734478454943 0.12841710064862308 0.06713468956909886
22 0.3900694411509765 0.20973137101555145 0.1257557508107789 0.14144409084927706
37 0.6619250758918568 0.09998575837474781 0.12112279788867966 0.14424130891829184
18 0.3425786067344078 0.35697771161272696 0.12742734496658023 0.1478033514929388
18 0.3859758250777826 0.46814480455569096 0.12589211850553053 0.14925659084927717
23 0.47377978814615157 0.4346278281888029 0.1383921185055307 0.15013067599857094
21 0.5574764983718516 0.6587430353620545 0.13540348620028234 0.1577246547112475
36 0.8285917934211575 0.5513958030430818 0.12742734496658023 0.14780335149293897
6 0.28551176947517 0.7622386480028581 0.13532166558343128 0.15303715471124732
14 0.45491810875970734 0.9224773894528834 0.12507391233702042 0.10238159084927716
21 0.5202747329505761 0.5440138998444435 0.13850121266133186 0.15638067599857094
26 0.6095730121715693 0.5064814128338938 0.1354853068171334 0.16241215471124731
36 0.7882650279998819 0.4368851888127942 0.13696598620028233 0.15783391535490915
34 0.9539586172877147 0.36867114833183423 0.09208276542457057 0.1490709205506892
0 0.8743327617645325 0.6623990050205532 0.12263075081077872 0.14122556956195353
0 0.69176176947517 0.733830880650807 0.13850121266133186 0.15638067599857094