33 0.2783862890800173 0.3989760237526764 0.20582627667402048 0.19791597743445788
24 0.9016760279146201 0.5451502740818809 0.19664794417075981 0.1962625492212126
24 0.7920764156302033 0.5566978763517364 0.2058262766740203 0.1979159774344577
33 0.39726256761606454 0.3883915279093115 0.20582627667402048 0.19791597743445788
39 0.610766333746115 0.18161164515635492 0.2106593258882322 0.20117736975432585
3 0.4847071412279852 0.9347340158351176 0.19561221463952716 0.13053196832976469
7 0.23559324503309206 0.8705267633278352 0.18838191149637407 0.15839883636823088
11 0.5763016741072586 0.7649720629447591 0.20582627667402048 0.19791597743445788
3 0.37547769044219687 0.9399197894231918 0.17591614474715103 0.12016042115361643
29 0.35046022642635144 0.10382029961692388 0.20404545285270287 0.19318301332783516
7 0.12727132278335107 0.8564522399708702 0.1609075748547749 0.10454641066226814
9 0.8998868773742462 0.8110564189090314 0.10400691149637424 0.15594377461060632
16 0.5617425603773543 0.6701452962517116 0.2041910020669146 0.19630801332783515
12 0.21473062737424628 0.7911204081549856 0.20582627667402048 0.1979159774344577
11 0.6968860018575176 0.7575580312080168 0.21236737510244375 0.20434783386094857
40 0.14314649420903175 0.22573944906292792 0.1724315798171736 0.18446123119538155
28 0.41263931864952186 0.4840222766556703 0.20582627667402048 0.1979159774344577
40 0.07592476095825476 0.25655152837152995 0.06556084160399789 0.1345401360516619
29 0.23314644789030417 0.11445025956691143 0.20411822745980873 0.19474551332783513
32 0.15638501054397 0.409469591382796 0.2041910020669146 0.19630801332783515
19 0.9082834966902311 0.6429656484550602 0.18343300661953776 0.19295569279472174
28 0.2937630401134746 0.4946067724990352 0.20582627667402048 0.19791597743445788
16 0.6816548000382721 0.665052282461658 0.20746155128112634 0.1995239415410804
12 0.11602129962398729 0.7991709373844454 0.16639990363849116 0.18896687476889085
1 0.6007859054960087 0.9293622057268454 0.20095468610347994 0.1412755885463092
4 0.8234592721213974 0.9200746111766929 0.15339048138875028 0.15985077764661426
8 0.34912920615796256 0.8792916610579795 0.2090968258882322 0.20113190564770314
41 0.36807156554914994 0.19717549452321664 0.20582627667402048 0.1979159774344578
27 0.16945439888098024 0.5058133939692206 0.2026285020669146 0.1962625492212126
32 0.07775274234700494 0.4298071719450392 0.12348465756743261 0.17211434389007838
14 0.8150538050006707 0.7485133033113407 0.21073210049533805 0.20273986975432584
38 0.26442648883234826 0.3002657391129403 0.20582627667402048 0.1979159774344578
8 0.4688231219975628 0.869511147267926 0.20582627667402048 0.1979159774344577
19 0.8012759412707664 0.6537092686716045 0.20916960049533806 0.20269440564770314
27 0.08736964495203879 0.5190287963182186 0.13514990363849116 0.18805759263643723
1 0.7246771697640325 0.9241040558851299 0.20629715756743253 0.15179188822974013
15 0.7275899607105858 0.17720895315305601 0.20219185442427942 0.18688754922121248
39 0.4862029813887502 0.18734951662654042 0.21073210049533805 0.20273986975432584
38 0.38192220388616016 0.29354202916295274 0.20582627667402048 0.19791597743445788
31 0.5177377334556648 0.3786337461725693 0.2090968258882322 0.20113190564770314
17 0.20195233746565946 0.7010266055685609 0.2041910020669146 0.19630801332783498
5 0.755672227045524 0.36137100448583953 0.2026285020669146 0.19626254922121245
17 0.10714925971540049 0.7091907950645774 0.15724322745980873 0.19338159012915473
6 0.5900795378371629 0.859776097584495 0.20916960049533806 0.20269440564770314
41 0.24837764970954973 0.2069560083132702 0.20582627667402048 0.1979159774344578
31 0.6376499731165826 0.3735407323825157 0.2090968258882322 0.20113190564770314
13 0.33691384242805816 0.7845330905248662 0.20582627667402048 0.19791597743445788
2 0.26477563088890294 0.9275496531404208 0.14687930810555186 0.0713701978092864
26 0.6545528368464869 0.4684356952354972 0.2106593258882322 0.20117736975432585
23 0.31073867845048475 0.5910642353520166 0.20582627667402048 0.19791597743445788
9 0.8295401441234693 0.8417775700043879 0.20760710049533806 0.20264894154108043
34 0.5874871914801634 0.1005745938235714 0.19023550992479735 0.1646943004748537
13 0.4572434590534467 0.7716503087881239 0.2106593258882322 0.20117736975432585
22 0.09716848407483732 0.6121566706913979 0.14616017824559702 0.1899383413827959
37 0.07062513895618278 0.34377874373179385 0.10542386228216231 0.15286423871722885
22 0.18717489991443753 0.6015123388755135 0.1911815798171736 0.1850068004748536
37 0.13948214681406562 0.3145746285298145 0.19110880521006773 0.1834443004748536
18 0.3215007040910479 0.6881210917785074 0.1975771290313853 0.18831365690134447
18 0.4418667080199894 0.6760195600417651 0.19750435442427944 0.18675115690134447
23 0.42819800620074383 0.583559275402029 0.20589905128112634 0.1994784774344577
21 0.6684398624870501 0.5655834798752333 0.20746155128112634 0.1995239415410804
36 0.6239084966902311 0.2795179477427797 0.1975771290313853 0.18831365690134447
6 0.7098462282838691 0.8515580837944416 0.2041910020669146 0.19630801332783535
14 0.906858161286977 0.72621841765539 0.14833910835322114 0.16971676959604132
21 0.5477099855225793 0.5698725116119755 0.20916960049533806 0.20269440564770314
26 0.530025871792675 0.4749548167056827 0.21222182588823202 0.20122283386094858
36 0.5017252816364192 0.28610526537289915 0.2106593258882322 0.20117736975432585
34 0.47275260339082215 0.09957673198680433 0.20175520678164424 0.17751254922121246
0 0.7434568633156196 0.26661243395272616 0.18947353060296185 0.18183633636823107
0 0.7742103653825343 0.45787393144544364 0.20916960049533806 0.20269440564770314