11 0.269644030414695 0.6067584646054555 0.21886726594251646 0.21819447241000384
24 0.48276922941932676 0.760027341461963 0.22059354025277605 0.22137403611233458
33 0.6220043905460317 0.5449802387368907 0.22026599163225705 0.2151240361123346
26 0.8355014037750148 0.6904638974445636 0.22207415309764614 0.21986609981466554
4 0.7903106552453527 0.512646432290954 0.22371854025277607 0.22148316351699648
13 0.22178198326451398 0.4226091538983495 0.22042976594251656 0.21824903611233476
28 0.5758276741285454 0.3632292417321155 0.21862160447712728 0.21350697241000383
8 0.6586832762308235 0.7240601035276806 0.2236366530976463 0.2199206635169963
27 0.31306756105653255 0.7806151160567343 0.2156603787873868 0.2165228450053421
17 0.7386242452503016 0.3299232123280208 0.22182849163225704 0.21517859981466553
32 0.3957207722740946 0.3935913204105709 0.2187853787873868 0.21663197241000381
30 0.44037593226914573 0.5760690037130151 0.21541471732199752 0.21183534500534212