2 0.5657855281696512 0.34411714318339437 0.27990986697916026 0.260620074586922
24 0.7063939080256889 0.1476737075186974 0.29413186364518024 0.24397821161023064
24 0.41232646194909534 0.5636161329317753 0.27614713819098746 0.2526984471822605
33 0.8497304802859847 0.4840899010727607 0.248755461828409 0.2797867368379741
20 0.3043058942307274 0.3224504411918106 0.29355777879787104 0.27511908420556896
40 0.46962916573241886 0.6870561221320022 0.28667005000969825 0.26708832939624544
26 0.6650210272515673 0.5873264845605395 0.3048779160707745 0.28018853012188494
0 0.12198708605525728 0.4267584513586116 0.24397417211051456 0.2838938834799295
6 0.2623112601226259 0.779318000084818 0.2847249127367947 0.26234626569391467
38 0.20696966906639877 0.6606473564380876 0.27614713819098746 0.2526984471822605
3 0.5144777328710586 0.224020408792491 0.30306032455550547 0.2770089664195541
6 0.6211908921046956 0.46200653683012494 0.2830348669791601 0.2607292019915839
9 0.1501931237678062 0.5403596490890261 0.29317514152496743 0.27043158420556884
4 0.8217326392297576 0.36637412221682014 0.27965477546389117 0.2574950745869221
33 0.769643593931165 0.24625010597475133 0.2765297754638912 0.2573859471822604
18 0.36101866665050275 0.44351939854087197 0.2730221381909875 0.2525893197775986