3 0.36405895130054156 0.2794795291629527 0.16056712743398424 0.16240437476889086
4 0.3674997767886565 0.4405988855894435 0.16536372158978568 0.16879076708875881
40 0.5348372812528834 0.4368697949980703 0.166871674511885 0.16571123119538153
3 0.5267089557647684 0.27561404625171154 0.1668171274339844 0.16258623119538154
38 0.7009417479747004 0.59334241851332 0.17794554220663664 0.1738419799417404
27 0.6951162621781599 0.43449861592689515 0.17320349512873606 0.17058058762187223
33 0.6987203234595201 0.2728025979802065 0.16212962743398443 0.16244983887551348
12 0.3689808616122623 0.7587722240692456 0.17024213636243807 0.17986465940862678
37 0.3757099228936225 0.5971671343358022 0.16229326866768634 0.17182483887551356
19 0.7065763189985885 0.7631237210997446 0.17805463636243815 0.18009197994174037
22 0.540910408690163 0.7606482757977405 0.1717500892845374 0.1767851235152495
9 0.5375786773578494 0.5932789193712498 0.17169554220663663 0.1736601235152495