3 0.25363510729957556 0.6143989354369646 0.25271328925077735 0.246903734734852
4 0.3480536942583354 0.4864200203535306 0.26098081555913655 0.2551256705105008
40 0.48337581520620077 0.5898205800553261 0.26245231029746474 0.2536450576656305
3 0.38569572035493316 0.7156195194490195 0.2574917945124492 0.24871189620024126
38 0.7090282625894823 0.562321942561512 0.2742088576525113 0.2682807677515388
27 0.6136919177382147 0.6879980512225108 0.2692483418674957 0.2633476062861494
33 0.5257963465644704 0.8203369176854258 0.2575827997741211 0.2502743962002413
12 0.5297231102833473 0.22848693238474677 0.27255535239083956 0.26663638059640904
37 0.4435720496329467 0.3638689116925319 0.26098081555913666 0.2551256705105008
19 0.8109408311323907 0.4284648417024294 0.27916937343752685 0.2732139292169281
22 0.6712497286003767 0.3307786934660232 0.2709018471291678 0.2649919934412793
9 0.5748514126883043 0.4651304392821517 0.2692483418674959 0.26334760628614956