3 0.46509438757102295 0.7741990066392994 0.19221450124939993 0.18697380093507654
4 0.42952097262931294 0.6141791120254936 0.19581309793005203 0.19324198165323558
40 0.5943171784381718 0.6022780339630541 0.198701299589726 0.190135162371395
3 0.6276060429649633 0.7630928141154794 0.19666520290907386 0.1838760720123151
38 0.7198705176456467 0.433504787184508 0.20878669461070398 0.19956470452587266
27 0.7529225838321121 0.5911945673369331 0.20530649710021506 0.19485902380771342
33 0.7978709987738221 0.7511599197962612 0.19533950124939992 0.18699198165323558
12 0.3515796910862191 0.2973052294137405 0.20277349295103003 0.20265334308955413
37 0.39809060602792906 0.45726149151398887 0.192924896270378 0.19634880093507637
19 0.6828054576829586 0.2641144377502421 0.21082279129135628 0.20582379488495217
22 0.5199861489696703 0.28147517545360196 0.20409919461070417 0.19953743344863373
9 0.5590989610069508 0.4469456393492484 0.2022998962703781 0.19640334308955404