3 0.16892727725156728 0.5775233385034886 0.263519592433353 0.2592321604112307
4 0.3023452972554466 0.48313918999642735 0.27184227546389117 0.2660284636295394
40 0.385780066341242 0.6256869589379623 0.27027977546389115 0.26591920298587757
3 0.25014584209499724 0.7183447164795309 0.26364713819098745 0.26079466041123067
38 0.5987266054309168 0.6735774277632818 0.28549018728260195 0.2809650487788332
27 0.4664086998211238 0.7641099565921738 0.2787300042520638 0.2742780062041863
33 0.33632297390788907 0.8657985067083894 0.265337183948622 0.2624664210548925
12 0.5631864287784744 0.290808850407658 0.2835450500096982 0.27616828813517147
37 0.4345356571076051 0.3941691611675353 0.27171472970625654 0.26446596362953934
19 0.740403535586517 0.5742708324745293 0.29056032455550546 0.28598033070981843
22 0.6527436521066352 0.4353561619238399 0.28198255000969824 0.27605902749150973
9 0.5150367448298523 0.5341546588217467 0.27860245849442933 0.2727155062041863