3 0.38488237043447376 0.2453713922260003 0.3443826925943174 0.3443826925943174
4 0.3913394560879707 0.40441861029501514 0.35608501709994955 0.35608501709994955
40 0.5609799667316324 0.41783589013231337 0.35608501709994955 0.35608501709994955
3 0.5506166310781355 0.2585155204541442 0.34928871388164084 0.3478354745253026
38 0.7331166827069604 0.5892459864294721 0.3743651235365668 0.37291188418022864
27 0.7244251076971251 0.43159737739496473 0.36778734160558174 0.36778734160558174
33 0.7242180220436281 0.27298720190059683 0.35096047452530266 0.3495072351689644
12 0.39929297578581036 0.7182790145020596 0.3728026235365668 0.3728026235365668
37 0.4029921401323134 0.5599419906168459 0.35608501709994955 0.35608501709994955
19 0.7433543322224277 0.7578867257858104 0.3811614267548755 0.3811614267548755
22 0.5732221486822882 0.7374381959485121 0.37102160224924335 0.3695683628929052
9 0.5686717704541443 0.5723048688449899 0.36778734160558174 0.36778734160558174