3 0.767525669999125 0.44590569871436453 0.18050453657757756 0.1815154813887503
4 0.6072593320524036 0.416607688789567 0.18694553756616053 0.18649407981717356
40 0.592914283649009 0.581250231593638 0.18388420456235507 0.18791103060296183
3 0.7538027041052444 0.6066783788219883 0.1791967045623551 0.18769270678164424
38 0.4205193133065042 0.7135789263835702 0.19207870653952136 0.19764990363849116
27 0.578314567260837 0.7396427743977089 0.18882637254713258 0.19437935442427942
33 0.7388674066904332 0.7759720343225063 0.18056820357377196 0.18307798138875012
12 0.2904419051703774 0.35350610545773675 0.19651153855474385 0.19161822745980875
37 0.45034082859236235 0.39292397807898133 0.18994320357377176 0.1835146290313853
19 0.25090980885787995 0.6846255188161376 0.19839237353571573 0.1995035020669146
22 0.270819107755566 0.5225814371369373 0.19345020555093823 0.19303517824559718
9 0.43736727920038465 0.552951795490158 0.19026153855474384 0.19132712903138546