28 0.82734375 0.58046875 0.046875 0.071875
8 0.5984375 0.57734375 0.04375 0.0734375
8 0.54375 0.57734375 0.0421875 0.0703125
28 0.76875 0.5796875 0.04375 0.0734375
29 0.6546875 0.57578125 0.0453125 0.0671875
8 0.48984375 0.5734375 0.040625 0.0703125
31 0.3296875 0.57265625 0.0421875 0.071875
31 0.43359375 0.57265625 0.0421875 0.0734375
28 0.88828125 0.58125 0.05 0.0734375
29 0.71171875 0.57578125 0.04375 0.059375
31 0.38203125 0.57265625 0.0421875 0.0734375
19 0.2265625 0.571875 0.0390625 0.0640625
19 0.2765625 0.57421875 0.0375 0.0609375
19 0.17578125 0.57109375 0.0390625 0.059375
19 0.125 0.56640625 0.0375 0.0640625