28 0.800444216304304 0.5626005715719822 0.07141581411407216 0.08625176051544958
8 0.5846114026944351 0.48699198269868715 0.06985331411407181 0.08616987336031982
8 0.5333602591310524 0.4686237630018404 0.06650979282674854 0.08288109905006032
28 0.7453414530627522 0.5432463839873111 0.06985331411407199 0.08616987336031982
29 0.6372611552923251 0.5077858395506636 0.06796303218308672 0.08140048620519007
8 0.4818905942803463 0.4533805433049937 0.06494729282674853 0.08279921189493056
31 0.33198878326836756 0.39926185210227805 0.06661905347041017 0.08444359905006031
31 0.4290769507169637 0.4349304364530173 0.06829081411407198 0.08608798620519006
28 0.8578360992240249 0.5828588398893478 0.07465007475773362 0.0879780348257091
29 0.690801418533877 0.5270581399802048 0.06429172896477801 0.07342421189493056
31 0.38089617683175014 0.4175072410664301 0.06829081411407198 0.08608798620519006
19 0.2347913551761096 0.3651557677515388 0.06138525025210155 0.07638543758467105
19 0.28235477002681575 0.3801942695605611 0.057932468321116384 0.07153416327441162
19 0.18733720096906523 0.3485547659425165 0.05949496832111634 0.07161605042954129
19 0.13810202547469735 0.33499687697836444 0.05971348960843983 0.0747410504295413