28 0.2046875 0.321875 0.0640625 0.0859375
8 0.425 0.36796875 0.0609375 0.0859375
8 0.478125 0.378125 0.0578125 0.084375
28 0.2609375 0.33359375 0.0609375 0.0859375
29 0.3703125 0.35859375 0.0609375 0.0828125
8 0.52890625 0.3921875 0.0578125 0.0828125
31 0.68359375 0.42265625 0.059375 0.084375
31 0.5828125 0.40234375 0.0578125 0.084375
28 0.14609375 0.31015625 0.0671875 0.0875
29 0.31484375 0.34765625 0.0578125 0.0734375
31 0.6328125 0.4125 0.0578125 0.084375
19 0.7828125 0.4421875 0.0546875 0.0765625
19 0.73515625 0.43046875 0.0515625 0.071875
19 0.83125 0.45234375 0.0515625 0.071875
19 0.8796875 0.46640625 0.053125 0.0765625