37 0.84921875 0.32734375 0.2125 0.259375
37 0.79453125 0.3625 0.20625 0.25
37 0.74375 0.3984375 0.2046875 0.2484375
27 0.68984375 0.4390625 0.2203125 0.26875
27 0.6421875 0.48125 0.2140625 0.259375
27 0.58203125 0.50625 0.215625 0.2625
34 0.5328125 0.54609375 0.2 0.2421875
34 0.48203125 0.58515625 0.2078125 0.2546875
34 0.434375 0.62265625 0.2046875 0.2484375
24 0.3859375 0.65859375 0.215625 0.2625
24 0.3359375 0.69375 0.2234375 0.2703125
24 0.2875 0.73046875 0.2234375 0.2703125
29 0.23828125 0.77109375 0.20625 0.25
29 0.1875 0.80078125 0.1984375 0.240625