37 0.898474003100372 0.639666345365627 0.20305199379925618 0.2754363146182751
37 0.8712019506810897 0.6075147630663248 0.2575960986378206 0.2674817029858776
37 0.8175366420565547 0.5730030052726547 0.26157116252983137 0.26591920298587757
27 0.7578320022718025 0.5364206490881388 0.2812672324222074 0.2875428307098183
27 0.7041954259692854 0.49549500032897614 0.27309085938667826 0.2791840274915097
27 0.6396770076484859 0.4733575563972764 0.27636140860089 0.2825275487788332
34 0.5854411178637335 0.4363927879599445 0.2551028387085138 0.26079466041123067
34 0.5296791153825342 0.4003185301662744 0.26654976095825483 0.27249698491686286
34 0.4762972502048878 0.36486163140711164 0.26000866252983135 0.26580994234221594
24 0.4222069096343472 0.33102186296977976 0.2763614086008898 0.2825275487788332
24 0.3681893436709125 0.2987445945324479 0.2829752816364192 0.2907770913534802
24 0.31402622849326606 0.263342326095116 0.28453778163641913 0.2908863519971419
29 0.25979033870851376 0.22637755765778414 0.26164393713693723 0.2674817029858776
29 0.20439220926284368 0.19811579986411398 0.25339478949430205 0.25756039976756895