29 0.5780017583285948 0.7259829549822845 0.14734452669174586 0.13235619665368964
29 0.56261949745418 0.7780866244499369 0.14890702669174588 0.13241986364988403
24 0.5456110695835706 0.8318164609137837 0.15378552768032883 0.13729836463846717
29 0.5966045196973013 0.6714082015222435 0.1327726907221905 0.11928319368794008
21 0.6842623230807928 0.415131685210621 0.14871602570316256 0.12773236364988402
26 0.6704743957044751 0.46639043768207894 0.15034219269935695 0.1293585306460784
11 0.701398084943791 0.35827684874677435 0.1504058596955513 0.1309210306460784
9 0.6120504475679107 0.617742032054591 0.12945668973360736 0.11446835969555132
35 0.746668117072744 0.2043414238419145 0.15534802768032882 0.13736203163466154
1 0.734538190190718 0.25319275931717805 0.14890702669174552 0.13241986364988403
24 0.5027922168081016 0.9255956358186432 0.1495781887450242 0.11060853064607841
24 0.5253821412186698 0.888017381370019 0.15534802768032882 0.1373620316346617
9 0.6281821249442284 0.5663877790888415 0.12301568874502422 0.1095261917107738
31 0.6535614683281574 0.5177765241459257 0.14227502471457926 0.12279019566510634
6 0.7167166788220115 0.307735679279122 0.13895902372599628 0.11797536167271767