37 0.8560819892584579 0.5164183181006959 0.2788908053787253 0.34558039133021284
37 0.8146848299252307 0.5173242434998473 0.31468285471036167 0.3345447322426839
37 0.7521666485916854 0.521433423347623 0.3131021733768161 0.33291856524648955
27 0.6849427859245945 0.5272961041839818 0.3368305747135434 0.35887357018940536
27 0.6215615385900944 0.5384683675298547 0.3257658053787253 0.34749040121604474
27 0.5584348299252306 0.5277656308757275 0.328927168045816 0.35074273520843346
34 0.49508994525782163 0.5358128942216004 0.30519876670908896 0.32478773026551766
34 0.43097290125718535 0.5431107410655704 0.3178805800445435 0.34092206623507265
34 0.3707711979233217 0.5494681704190545 0.3131021733768161 0.33291856524648955
24 0.3097973352562308 0.5550761832706357 0.3289271680458161 0.35074273520843346
24 0.2488507445894581 0.558340446122217 0.3399919373806341 0.3621259041817943
24 0.1886581319223672 0.5639166254757011 0.3399919373806342 0.36212590418179413
29 0.14054154197168311 0.5722994698482131 0.28108308394336623 0.3335260603035737
29 0.1085012013049104 0.5696983932701982 0.2170024026098208 0.3199782134596035