27 0.7915240651607801 0.6521096647523962 0.06314046265733601 0.0719946719450391
27 0.738351520969639 0.6396491171805364 0.06314046265733601 0.0719946719450391
38 0.6872267288530903 0.6233505157686106 0.06337726099766208 0.07511967194503928
8 0.2678712323775752 0.510589473673534 0.06349566016782511 0.0766821719450391
38 0.5820297433752374 0.5930061347315136 0.0650581601678251 0.07672763605166182
38 0.6338765859067046 0.6085462181967507 0.06025226099766208 0.07502874373179366
27 0.8418084076922474 0.6676042841110107 0.061459563487172984 0.07038670783841657
18 0.16140774482512987 0.4841058785298145 0.07154495850815121 0.08003449247815268
13 0.21229573860135256 0.49727947994174027 0.06650226099766207 0.07521060015828454
24 0.5302421004288517 0.5782473012662764 0.06493976099766208 0.07516513605166182
27 0.8887309518833885 0.6798829752563798 0.06145956348717334 0.07038670783841657
24 0.477791606652629 0.5650282357477281 0.06662066016782511 0.07677310015828454
14 0.37234616744050963 0.5416923726573197 0.05797936597668407 0.06560827962517131
14 0.32061772407920547 0.5277147891920826 0.059778664317010045 0.06877874373179385
14 0.42864371163165077 0.5542438484424249 0.061459563487172984 0.07038670783841638
10 0.9447208427551818 0.6986617189881736 0.07142655933798814 0.07847199247815269