39 0.40078125 0.57890625 0.0625 0.0734375
16 0.3 0.55078125 0.0640625 0.075
35 0.81171875 0.7015625 0.071875 0.0765625
39 0.45234375 0.5953125 0.0625 0.0734375
11 0.7609375 0.68671875 0.0640625 0.075
21 0.246875 0.534375 0.0671875 0.078125
11 0.6578125 0.65390625 0.0625 0.0734375
21 0.5046875 0.6078125 0.0640625 0.075
21 0.6078125 0.63984375 0.0625 0.0734375
34 0.14296875 0.50546875 0.059375 0.0703125
11 0.709375 0.6703125 0.0625 0.0734375
39 0.35078125 0.5640625 0.0625 0.0734375
21 0.55625 0.62265625 0.065625 0.0765625
26 0.1953125 0.51953125 0.0671875 0.0765625
34 0.0921875 0.49140625 0.0625 0.071875