39 0.5290475383049513 0.5968001936039745 0.07761905771188111 0.07543633723582169
16 0.45438978948607767 0.676905850121637 0.07918155771188111 0.07544542759490121
35 0.841686469878115 0.2778582543016083 0.08403274881887376 0.08016019867214012
39 0.5695014127143881 0.5567291846269841 0.07756449400955034 0.07387383723582168
11 0.8035763454686784 0.3179156277399794 0.08079862141421187 0.0770170179539809
21 0.41312738322547543 0.7177626542781672 0.08085318511654283 0.07857951795398091
11 0.7235044103521355 0.3964906005144204 0.07918155771188111 0.07544542759490121
21 0.6061036008261558 0.5151184015476927 0.07918155771188111 0.07544542759490121
21 0.686202817793864 0.43576217877325163 0.07761905771188111 0.07543633723582169
34 0.3353173525554364 0.7986677415139889 0.0759474303072194 0.07230224687674217
11 0.7639310029104068 0.35720084153743 0.07761905771188111 0.07543633723582169
39 0.49096469574667995 0.6360763170423456 0.07761905771188111 0.07543633723582169
21 0.6457489433844273 0.4758331877502421 0.08085318511654264 0.07857951795398091
26 0.37423600881603863 0.7578245728960781 0.08079862141421187 0.0770170179539809
34 0.29798847814599955 0.8387205697728201 0.07756449400955026 0.07387383723582168