27 0.2359375 0.41875 0.046875 0.0625
27 0.2890625 0.41953125 0.046875 0.0625
38 0.34140625 0.42421875 0.046875 0.065625
8 0.76484375 0.44453125 0.0453125 0.0671875
38 0.44765625 0.43125 0.046875 0.0671875
38 0.3953125 0.42734375 0.04375 0.065625
27 0.18515625 0.4140625 0.0453125 0.0609375
18 0.871875 0.44765625 0.053125 0.06875
13 0.8203125 0.44609375 0.05 0.065625
24 0.5 0.434375 0.0484375 0.065625
27 0.1375 0.41171875 0.0453125 0.0609375
24 0.553125 0.43671875 0.0484375 0.0671875
14 0.65859375 0.43671875 0.04375 0.05625
14 0.7109375 0.4390625 0.04375 0.059375
14 0.60234375 0.43671875 0.0453125 0.0609375
10 0.08046875 0.40546875 0.053125 0.0671875