39 0.04213225405250057 0.6479351194260676 0.08426450810500113 0.13363159084927717
39 0.09226293581467712 0.6139482494957968 0.1328110829407405 0.13352233020561535
39 0.16191105447634374 0.5811250418183423 0.12941268086722196 0.1301788089182919
31 0.4269782713473157 0.4624250462578178 0.12601427879370347 0.12683528763096846
11 0.6019481685198619 0.3795311467423504 0.1190807736099071 0.11858574505632147
11 0.5460597534868527 0.4059568889486802 0.1175182736099071 0.11847648441265975
4 0.29902963713426034 0.5226191371070948 0.13451028397749978 0.13519409084927717
4 0.22901037158287146 0.5508094751063803 0.13451028397749978 0.13519409084927717
21 0.7644474599902322 0.306050452054346 0.11581907257314797 0.11680472376899793
36 0.4861967379354638 0.43343703276416445 0.11568237153638883 0.11524222376899793
26 0.3649765573510658 0.4877253310387946 0.12941268086722194 0.13017880891829173
21 0.7148773954756026 0.331257901686029 0.11398317049962933 0.1135704631253363
11 0.6577682330344915 0.35388665453602053 0.11411987153638865 0.1151329631253362
21 0.8170741739864822 0.2814057311353396 0.11398317049962933 0.1135704631253363
5 0.8688512874643525 0.25759689053816415 0.125877577756944 0.12527278763096844