39 0.6197241925323963 0.5365131202592468 0.07997974715020835 0.08515053218308673
16 0.6961399157469101 0.45761258807616007 0.08157861474138883 0.08682229282674854
35 0.3159147404037855 0.8645059883479321 0.08793771751493065 0.09194683540139544
39 0.5823703161075005 0.5790337560289593 0.07838087955902787 0.08347877153942491
11 0.35412260201104234 0.8250557222563886 0.08157861474138901 0.08682229282674854
21 0.7358193583762157 0.414146811340955 0.0831774823325695 0.08849405347041035
11 0.42884853865642425 0.7407957007169637 0.07997974715020835 0.08515053218308673
21 0.5417823369090631 0.6170854130859953 0.08157861474138901 0.08682229282674854
21 0.4670564002636811 0.7013454346254203 0.07838087955902787 0.08347877153942491
34 0.8137430302039587 0.33279326851420643 0.07518314437666689 0.08013525025210155
11 0.39149466223152846 0.7833163364866762 0.07997974715020843 0.08515053218308673
39 0.6578956865484727 0.49550035416770344 0.07997974715020853 0.08515053218308673
21 0.5043920928929867 0.6580435488557078 0.0831774823325695 0.08849405347041017
26 0.773990852392292 0.3731340452494116 0.0831774823325695 0.08849405347041026
34 0.8519327080156252 0.2925617524226631 0.07997974715020817 0.08515053218308673