4 0.15530973996171413 0.6094373725099516 0.11554567049962942 0.1105793557412186
4 0.09991961093245497 0.6552883833843665 0.11228396946287018 0.10888952174882985
4 0.05121950909488489 0.7003899777568786 0.10243901818976978 0.11220552273741298
7 0.3644680008949545 0.4343233314837498 0.09685445909527761 0.09269151878308027
37 0.5081776276151395 0.3132548033091293 0.09175685598499986 0.08781301779449713
37 0.4623675501410192 0.35638006220637786 0.09345605702175916 0.0894391847906915
7 0.4138425757771767 0.3949451550960153 0.09529195909527761 0.09262785178688589
37 0.5564975504238432 0.277033460419492 0.09175685598499986 0.08781301779449713
40 0.6035283753060654 0.237750784526049 0.0951552580585183 0.09106535178688598
21 0.20686196950935293 0.5629642791260225 0.10874886635259244 0.10407468775644109
7 0.31488837445759355 0.4760452578714844 0.09855366013203692 0.09431768577927464
21 0.26225209853861214 0.5171132682516077 0.10025286116879614 0.0959438527754692
40 0.6502174475963893 0.20237435863260603 0.09855366013203692 0.09431768577927464
40 0.6923557209234726 0.16562643372774627 0.09855366013203692 0.09431768577927473