4 0.3336694366867496 0.24732711021276016 0.1047886858759707 0.10131884727034209
4 0.3106762215897857 0.18199053654935426 0.10004663879807012 0.09792083148532646
4 0.2861341432622969 0.11734420762427653 0.10640573295387146 0.10453485253201386
7 0.42149058522405236 0.494383391712204 0.09045345048646727 0.08487479991529553
37 0.4806724906612139 0.6656283311323906 0.0856841298696164 0.07991428413027979
37 0.46483325648952645 0.607732531146508 0.0872739034085667 0.08156778939195171
7 0.4427712958567894 0.5510352101139381 0.09042617694751698 0.08331229991529554
37 0.502666267446575 0.7184194021649606 0.0856841298696164 0.07991428413027997
40 0.5231657280793122 0.7750257179358588 0.08886367694751698 0.08322129465362345
21 0.3535103782447632 0.3109191733528224 0.09999209172016936 0.09479583148532651
7 0.4009638510523649 0.43621457594130597 0.09204322402541773 0.08652830517696727
21 0.37648995657225204 0.3754744970162282 0.09207049756436803 0.08809080517696719
40 0.5443646180951982 0.8269900363375928 0.09050799756436803 0.08799979991529554
40 0.5624248713416091 0.877991094215983 0.08894549756436802 0.0879087946536238