39 0.9219718229512726 0.32337053247399467 0.1004586798265045 0.1063239123370204
39 0.8476133706072343 0.35120125203518543 0.1004586798265045 0.1063239123370204
39 0.777261297812845 0.3774012877490004 0.09713342072720596 0.10314436525911966
31 0.5179783305094118 0.47791335105895544 0.09380816162790709 0.09996481818121908
11 0.34469222239756225 0.5394662800350674 0.08892040252860856 0.09675799756436802
11 0.39980002699335415 0.5197753429412806 0.08735790252860856 0.09673072402541756
4 0.6466633374492421 0.43040533117345314 0.1020211798265045 0.1063511858759707
4 0.7116467897932806 0.4027382528459643 0.1020211798265045 0.1063511858759707
21 0.18463729951088806 0.6015686339301014 0.08882027297895925 0.09519549756436803
36 0.45818302591361987 0.4976861087695932 0.08715764342931002 0.09360572402541756
26 0.5789554033038009 0.4518769565788426 0.0971334207272058 0.10314436525911966
21 0.23480728023255662 0.5858657674531657 0.08559514342930993 0.09357845048646744
11 0.2894342234772964 0.5615009671288541 0.08403264342930994 0.09355117694751698
21 0.1318732449150962 0.6212186607154626 0.08705751387966063 0.09204322402541773
5 0.08077181986895368 0.6392789139618735 0.0967329025286086 0.09689436525911965