27 0.22136154392109453 0.59453676820409 0.0980567866804539 0.1072048262236546
27 0.27520415925368547 0.6031451997317687 0.0980567866804539 0.1072048262236546
38 0.3298825685869128 0.6071116338902834 0.09963746801399935 0.1088583314853265
8 0.7678456452498675 0.6599823597892371 0.09805678668045381 0.1072048262236546
38 0.4399842745862764 0.6182150048381488 0.09963746801399935 0.1088583314853265
38 0.3860871152530491 0.61429407331047 0.0964942866804539 0.10711382096198285
27 0.16824563458786726 0.5906613393072471 0.09173406134627218 0.10059080517696728
18 0.8779109885821402 0.6742107307371026 0.1091033746817267 0.11721686305535747
13 0.8240501919160039 0.6671647992094237 0.10279883068109008 0.11216534200867016
24 0.4938541619191856 0.6244796863658276 0.1027806493475449 0.11060284200867017
27 0.11827290658818543 0.5854054209337479 0.09171588001272668 0.09902830517696729
24 0.549277458585322 0.6316166231551783 0.1027806493475449 0.11060284200867017
14 0.6569626892505038 0.6488334862105358 0.08855451734563573 0.09572129465362345
14 0.7108234859166401 0.6558794177382147 0.09171588001272682 0.09902830517696729
14 0.5992229145846857 0.6392162915286775 0.09331474267981754 0.10224431043863902
10 0.058897906588185424 0.5819472209902177 0.10750451201463569 0.11400085779368574