0 0.9070382923170414 0.3111604793173264 0.07263386182749905 0.07500430810555185
37 0.21465600247557778 0.5815390601724665 0.08584425684847723 0.08496150496239867
13 0.5267560286200869 0.4565220593438969 0.0841633576783142 0.08332623035529281
13 0.5712047682471246 0.4389921110393081 0.08248245850815117 0.08169095574818712
13 0.48357379106764153 0.4780310322555918 0.0841633576783142 0.08332623035529281
37 0.16780431326345843 0.5997410965663966 0.08584425684847723 0.08496150496239867
17 0.6568588483310374 0.40534916521591846 0.0806831601678251 0.07849318114108109
3 0.0763262856690568 0.6378168312649157 0.09256785352912933 0.09150260339082213
17 0.7434125775851129 0.3701801066960818 0.07900226099766208 0.07685790653397531
37 0.2591639416876971 0.5632278618678775 0.0857258576783142 0.08339900496239885
24 0.4394210493660113 0.49165473056018066 0.0841633576783142 0.08332623035529281
5 0.8297887080839439 0.3373547981762452 0.08908765601864026 0.0866695541766104
17 0.6996858883729935 0.3885276923042237 0.07900226099766208 0.07685790653397531
13 0.6155351087039994 0.4230246627347191 0.0841633576783142 0.08332623035529281
3 0.1246812752960946 0.6204688194780914 0.08584425684847723 0.08496150496239885
24 0.30349428214457186 0.5472604135632887 0.08236405933798814 0.08012845574818712
15 0.7861212184569062 0.35492113378438706 0.08404495850815116 0.0817637303552928
24 0.35263052177160964 0.5299487890800172 0.0841633576783142 0.08332623035529281
20 0.8757999477109817 0.31989762447876213 0.08236405933798849 0.08012845574818694
24 0.39407266056881046 0.5107107915612167 0.0857258576783142 0.08339900496239885