4 0.4127199458601039 0.3866066831540461 0.10241645020978148 0.09430451190385672
4 0.4205333684754837 0.4381919090517452 0.10241645020978148 0.09430451190385672
4 0.4308089402610265 0.49135327048806365 0.10241645020978148 0.09430451190385672
27 0.38922047842888297 0.23106975546094902 0.09737375269929238 0.08958974082661779
22 0.4728117991887405 0.7571055355151783 0.10073555103961844 0.09273292154477701
22 0.38068500539858474 0.18026123438371017 0.09905465186945542 0.09116133118569744
4 0.4055101744894795 0.3326822524358869 0.10241645020978148 0.09430451190385672
37 0.4553264560325735 0.6500197433607007 0.10397895020978147 0.09431360226293642
37 0.44739463424703063 0.5968720174630016 0.10397895020978147 0.09431360226293624
22 0.4633766769882793 0.7047299692583996 0.09557445435896632 0.08645565046753809
37 0.4394628124614878 0.5437242915653024 0.10397895020978147 0.09431360226293642
32 0.39685630228901825 0.2803112313586481 0.1040973493799445 0.09587610226293623
35 0.36488056141258063 0.07474703258831207 0.10565984937994441 0.09588519262201592
0 0.3623941788391571 0.041934532588312076 0.09571616431701013 0.06771474082661783
9 0.48824939027031533 0.8680839421310367 0.10061715186945541 0.09117042154477702
10 0.3719719336130419 0.1271089633064713 0.10914004689043359 0.10059087334017516
9 0.49954301039618415 0.9243748487468949 0.09545605518880329 0.08489315046753809
9 0.48019916931460943 0.8133737162333375 0.10061715186945541 0.09117042154477702