39 0.4734375 0.6296875 0.046875 0.065625
16 0.36640625 0.62734375 0.046875 0.0671875
35 0.91015625 0.64921875 0.0546875 0.0671875
39 0.52890625 0.63359375 0.0453125 0.0640625
11 0.85625 0.64765625 0.046875 0.0671875
21 0.309375 0.62421875 0.0484375 0.06875
11 0.74609375 0.640625 0.046875 0.065625
21 0.5828125 0.63203125 0.046875 0.0671875
21 0.69296875 0.6390625 0.0453125 0.0640625
34 0.19921875 0.62109375 0.04375 0.0609375
11 0.8015625 0.64453125 0.046875 0.065625
39 0.41953125 0.62734375 0.046875 0.065625
21 0.6375 0.63515625 0.046875 0.06875
26 0.2546875 0.621875 0.0484375 0.0671875
34 0.1453125 0.61953125 0.046875 0.0640625