39 0.3557655008331792 0.5503340636871231 0.0690120799535138 0.051494033498445904
16 0.33896077706418126 0.6561474160444879 0.0705745799535138 0.05156680810555194
35 0.412139731058465 0.1140348447043698 0.06955838317182242 0.05930653349844599
39 0.3619880036831708 0.49497447559778196 0.06890281930985206 0.0499315334984459
11 0.4044639888521352 0.16775915818660514 0.07068384059717552 0.05312930810555185
21 0.33262901357052793 0.7130695041338292 0.07224634059717552 0.053202082712657625
11 0.3920736134739829 0.2776970843652876 0.06912134059717552 0.05305653349844608
21 0.37206212621133156 0.44057807402620536 0.07057457995351371 0.05156680810555194
21 0.3852337515894838 0.33067653515107587 0.07046531930985207 0.05000430810555194
34 0.3163323881923756 0.8228254937947469 0.06734031930985207 0.04985875889134021
11 0.39829611632397444 0.22233749627594634 0.0690120799535138 0.05149403349844599
39 0.3481443889486803 0.6032771271693586 0.0690120799535138 0.051494033498445904
21 0.3790112487394922 0.3860361232404171 0.07224634059717552 0.053202082712657625
26 0.3248986410423672 0.7675750676160646 0.07068384059717552 0.05312930810555194
34 0.3087112763078766 0.8757685572769823 0.06744957995351371 0.051421258891340214