4 0.4703125 0.5703125 0.06875 0.06875
4 0.4546875 0.521875 0.06875 0.06875
4 0.44296875 0.47109375 0.06875 0.06875
27 0.5125 0.71640625 0.065625 0.0625
22 0.371875 0.22109375 0.0671875 0.0671875
22 0.525 0.7640625 0.065625 0.065625
4 0.48515625 0.61953125 0.06875 0.06875
37 0.39921875 0.3234375 0.0703125 0.065625
37 0.4140625 0.37265625 0.0703125 0.065625
22 0.38359375 0.27109375 0.0640625 0.0625
37 0.428125 0.42265625 0.0703125 0.065625
32 0.4984375 0.66875 0.06875 0.06875
35 0.5546875 0.86328125 0.0703125 0.06875
0 0.565625 0.91328125 0.075 0.0796875
9 0.3390625 0.11796875 0.0671875 0.065625
10 0.53984375 0.8140625 0.071875 0.0734375
9 0.32578125 0.06484375 0.0640625 0.0609375
9 0.35390625 0.16953125 0.0671875 0.065625