39 0.9072383874835271 0.6912671444867036 0.08968973477649342 0.10936709172016937
39 0.8351679447633152 0.6589279772784191 0.0896806444174139 0.10780459172016936
39 0.7685889779408025 0.6303996026838086 0.08653746369925468 0.1046250446422686
31 0.5194606106507516 0.5159860953769126 0.08340337334017497 0.10300799756436803
11 0.3518367734149299 0.44390436404459904 0.07868860226293624 0.09823867694751698
11 0.4058839239806639 0.46718217695081227 0.07712610226293641 0.09821140340856652
4 0.6424350232185383 0.5685326225693109 0.0896988251355733 0.11092959172016936
4 0.7051350111182898 0.6018166810112973 0.0896988251355733 0.11092959172016954
21 0.19907486689726747 0.37468853409225716 0.07710792154477705 0.0950864034085667
36 0.4630697100850175 0.4927491927791248 0.07554542154477702 0.0950591298696164
26 0.5766645774732643 0.5446781112052251 0.08653746369925486 0.1046250446422686
21 0.24762599638576271 0.39337430438479665 0.07398292154477701 0.09503185633066602
11 0.30013337284919583 0.4205856408299603 0.07555451190385672 0.0966216298696164
21 0.14894305669061303 0.35290503733866807 0.07708974082661783 0.09196140340856669
5 0.09959249648395857 0.3311079038156038 0.08807269262201592 0.09996481818121908