4 0.4006761646012551 0.4955949489944788 0.09157537799792799 0.08953658510611114
4 0.43988205976269096 0.5251181416237843 0.09157537799792799 0.08953658510611114
4 0.4823585041383384 0.5514435990707287 0.09157537799792799 0.08953658510611114
27 0.27975154259918317 0.4110043562889233 0.0835445541766104 0.08466724715020853
22 0.688726166463282 0.6949169228745827 0.08994010339082212 0.08793771751493065
22 0.24040009822353564 0.3846061636596178 0.0866695541766104 0.08473998233256949
4 0.35990776943981934 0.4661081239563538 0.09157537799792799 0.08953658510611114
37 0.6039552142297516 0.6383597579806939 0.08845037799792799 0.08946384992375016
37 0.5631868190683158 0.608872932942569 0.08845037799792799 0.08946384992375016
22 0.6470309720876345 0.668573281632048 0.08347177956950454 0.08310474715020835
37 0.5223820366033272 0.580167357904444 0.08845037799792799 0.08946384992375016
32 0.3190302123677248 0.4389650489182289 0.09157537799792799 0.08953658510611114
35 0.1588633079006641 0.32563251358336787 0.09164815260503385 0.09109908510611113
0 0.11635047622146366 0.3000883061364235 0.10451202564056317 0.09920252583555564
9 0.7724247702683888 0.7577422715640618 0.08830482878371626 0.08633884992374999
10 0.19963170306209985 0.3551193386214929 0.09648120181924558 0.09433318787965277
9 0.8171358027333776 0.7863569276242354 0.08183650496239885 0.08150587955902786
9 0.730093875106953 0.7282918141171175 0.08830482878371626 0.08633884992375015