18 0.48828125 0.328125 0.071875 0.0609375
37 0.4484375 0.43359375 0.0734375 0.0609375
32 0.56796875 0.10703125 0.08125 0.075
30 0.27890625 0.9125 0.06875 0.0625
40 0.46640625 0.38046875 0.075 0.065625
18 0.5078125 0.2734375 0.0765625 0.065625
32 0.54609375 0.16484375 0.08125 0.0734375
7 0.35859375 0.68125 0.0671875 0.053125
32 0.5234375 0.2203125 0.075 0.06875
7 0.34609375 0.72734375 0.0671875 0.053125
29 0.41171875 0.5328125 0.06875 0.059375
32 0.43203125 0.4796875 0.071875 0.0640625
7 0.3296875 0.7734375 0.0671875 0.053125
7 0.31171875 0.81953125 0.0625 0.05
29 0.37578125 0.6296875 0.0640625 0.0546875
10 0.29609375 0.8640625 0.071875 0.06875
29 0.39375 0.5828125 0.065625 0.0578125