27 0.5484375 0.3308481404818696 0.0859375 0.08112600362819702
12 0.34453125 0.5817187036360463 0.0875 0.08430556733052796
12 0.515625 0.3718377282308175 0.0875 0.08586806733052796
12 0.44453125 0.45400787668687154 0.0828125 0.0778918762235353
12 0.47890625 0.4121824752355927 0.084375 0.08107143992586625
2 0.27734375 0.6645336928362731 0.0890625 0.08592263103285873
14 0.4125 0.4988764325846541 0.078125 0.07460318511654282
30 0.20859375 0.7481844957388308 0.103125 0.10047620435383635
14 0.3796875 0.5398660203336021 0.0796875 0.0762202488188736
37 0.6140625 0.24730646498397366 0.084375 0.07794643992586625
32 0.57890625 0.2899403982864179 0.0890625 0.08592263103285873
7 0.3125 0.6242435095338289 0.0875 0.08274306733052797
25 0.24609375 0.7070312168828903 0.096875 0.09244544954451292
19 0.6765625 0.1584051668907394 0.078125 0.07460318511654278
19 0.7125 0.11183770173712974 0.078125 0.07460318511654278
19 0.64453125 0.20249247278852195 0.075 0.06980655771188111