27 0.4381656797362005 0.6490353801758663 0.06760565651766229 0.07226588544042353
12 0.6926117643397436 0.4717678564663488 0.07073974687674216 0.07384656615858276
12 0.47861341773414806 0.6183302808397962 0.07231133723582168 0.07541815651766245
12 0.5665719599868216 0.5623479255517978 0.06759656615858275 0.07070338544042354
12 0.5245571768093343 0.5922808652469475 0.07073065651766246 0.07228406615858277
2 0.7774316710537977 0.4134599318965096 0.0723204275949012 0.07698065651766246
14 0.6077873124461497 0.529294531036188 0.06602497579950324 0.06913179508134384
30 0.8630282825883121 0.3543662121471306 0.08488406010845857 0.08799087939029934
14 0.6498066408031767 0.5001428413410383 0.06602497579950324 0.06913179508134384
37 0.35490827302214645 0.7073342143866258 0.06759656615858275 0.07070338544042372
32 0.3992713513791735 0.6781688891528568 0.0738738372358216 0.07542724687674215
7 0.7338362071581512 0.44027696195073884 0.07073974687674198 0.07384656615858276
25 0.8163169090517451 0.3827639229195191 0.07859769867214013 0.0817045179539809
19 0.2732633632830302 0.7742177082383057 0.06288179508134402 0.06598861436318479
19 0.2281372156441624 0.8065125786516146 0.06445338544042353 0.06756020472226432
19 0.315264510921898 0.7419410185431561 0.06287270472226432 0.0644261143631848