20 0.8161000732021451 0.19321896394475593 0.08674232878371627 0.08919827886860801
8 0.5987198664205007 0.37728866900878366 0.08190927956950453 0.08580026308359238
8 0.5077630725829725 0.45660371366240726 0.08198205417661057 0.08736276308359248
1 0.3706739873891154 0.5728874082736785 0.08020123035529281 0.08258425782192055
8 0.5508431385464072 0.41825457422810325 0.08190927956950453 0.08580026308359248
1 0.41933196526320893 0.531876000423523 0.08027400496239885 0.08414675782192056
33 0.6871509737402643 0.3020163822476679 0.08347177956950454 0.08589126834526431
1 0.46326605583374947 0.491918858358383 0.0835445541766104 0.08745376834526439
32 0.3252501714256807 0.6113730556004903 0.08517982878371626 0.08910727360693613
33 0.7301218777930403 0.26601099281336393 0.08190927956950453 0.08580026308359248
33 0.6425811823839355 0.33889402694364373 0.08190927956950453 0.08580026308359248
32 0.23251255376683488 0.6954666055157857 0.09001287799792798 0.09250528939195171
32 0.27893594355158713 0.652247955558138 0.09001287799792798 0.09250528939195171
14 0.1824376251069531 0.733444018627613 0.08020123035529289 0.08258425782192055
14 0.13218075992930664 0.7753276817394403 0.08183650496239876 0.08423776308359247
35 0.7691137572387103 0.23179561653323955 0.08681510339082213 0.09076077886860796