27 0.6421875 0.41640625 0.040625 0.059375
12 0.33203125 0.4078125 0.04375 0.059375
12 0.59140625 0.41640625 0.046875 0.0578125
12 0.4875 0.409375 0.0421875 0.05625
12 0.5390625 0.4109375 0.0453125 0.05625
2 0.2296875 0.4046875 0.0453125 0.0609375
14 0.434375 0.41171875 0.040625 0.0546875
30 0.12578125 0.4015625 0.05625 0.0671875
14 0.38359375 0.41015625 0.040625 0.0546875
37 0.74375 0.41796875 0.040625 0.0578125
32 0.690625 0.415625 0.046875 0.059375
7 0.28046875 0.409375 0.0421875 0.0609375
25 0.1796875 0.40625 0.0484375 0.065625
19 0.84921875 0.41328125 0.040625 0.0515625
19 0.9046875 0.41328125 0.040625 0.053125
19 0.79609375 0.4140625 0.0390625 0.0515625