17 0.5132390035153817 0.343333173664287 0.11671733415618064 0.12270563942190069
17 0.529410170593472 0.28742671578083573 0.11511846656499998 0.12102474025173766
37 0.4320019616279162 0.6056187634964619 0.10872299620027785 0.11430114357108571
27 0.40307556820118 0.7051684776036904 0.10872299620027785 0.11430114357108571
37 0.5664945561364234 0.17362524752442227 0.1247116721120836 0.13111013527271584
40 0.48325860315479136 0.4545424381864341 0.11351959897381966 0.11934384108157463
37 0.5471256538759721 0.23241990706754745 0.11991506933854179 0.12606743776222676
32 0.42068194871013836 0.6548491688904022 0.1135195989738195 0.11934384108157481
40 0.4671601712590621 0.5073238960698854 0.1135195989738195 0.11934384108157481
17 0.4955235202328817 0.39833998237757523 0.11351959897381966 0.11934384108157473
40 0.44960834213687456 0.5552994547831736 0.11511846656500016 0.12102474025173784
7 0.36144849981256877 0.8460176979346963 0.09753092306201391 0.1025348493799445
7 0.37427646134357573 0.799249441710919 0.10076502583555555 0.10745914772027057
25 0.3470944058727423 0.8911050549883107 0.10076502583555565 0.10745914772027021
0 0.33268576054614507 0.938536162041925 0.10872299620027785 0.11430114357108537
7 0.3870498714878119 0.7548249354871416 0.10392639342673622 0.10925844606059662