18 0.5039586964527152 0.6684348199692118 0.10510239926336595 0.09588519262201593
37 0.49145906043090115 0.5567433410464506 0.10510239926336577 0.09588519262201593
32 0.5243086733238063 0.9035683440715129 0.12203852698730663 0.11472609621281223
30 0.44980861188449894 0.05052970248276913 0.10353989926336596 0.09587610226293627
40 0.49622832392455446 0.6137700458669109 0.10855518119435104 0.10059087334017516
18 0.5087825902681994 0.726242774789672 0.11178944183801284 0.10217155405833438
32 0.5176491278991678 0.8418632296101322 0.12192926634364483 0.11316359621281222
7 0.46841577229572967 0.29427061212368955 0.09507183540139544 0.08645565046753827
32 0.509536343118191 0.7817297055078312 0.11189870248167448 0.10373405405833439
7 0.46742707266404676 0.2466007265850701 0.09507183540139544 0.08645565046753827
29 0.4816855866619031 0.4505069765850701 0.10008711733238052 0.09117042154477702
32 0.4872361001555564 0.5075291362259905 0.10844592055068922 0.09902837334017515
7 0.46247749271053296 0.19817231694414972 0.09507183540139544 0.08645565046753823
7 0.45747328243518837 0.14896265730322933 0.08838479282674853 0.08016928903121974
29 0.47062276450205953 0.3481859524827692 0.09350933540139543 0.08644656010845857
10 0.45414083280350537 0.10130640730322933 0.10866444183801267 0.10215337334017516
29 0.476462855099235 0.3981723169441497 0.09685285668871887 0.08958974082661779