18 0.4609375 0.671875 0.075 0.06875
37 0.515625 0.575 0.075 0.06875
32 0.35078125 0.8796875 0.084375 0.084375
30 0.75078125 0.1265625 0.0734375 0.06875
40 0.4890625 0.625 0.0765625 0.0734375
18 0.43359375 0.7234375 0.0796875 0.0734375
32 0.38046875 0.82578125 0.0859375 0.0828125
7 0.6390625 0.34296875 0.06875 0.0609375
32 0.4109375 0.77421875 0.078125 0.0765625
7 0.65859375 0.29921875 0.06875 0.0609375
29 0.565625 0.48125 0.071875 0.065625
32 0.53828125 0.53125 0.0765625 0.071875
7 0.68203125 0.25703125 0.06875 0.0609375
7 0.70546875 0.21328125 0.0640625 0.05625
29 0.615625 0.39140625 0.0671875 0.0625
10 0.72734375 0.17109375 0.0765625 0.075
29 0.590625 0.43515625 0.06875 0.0640625