17 0.5367956530081202 0.7085234887835143 0.06811480032431164 0.05351588544042354
17 0.5412689188364327 0.7655229225267357 0.06814207386326192 0.05507838544042354
37 0.5203247678602028 0.4438024586310892 0.06644320616851011 0.04725679508134384
27 0.5134901611224997 0.3430712056060271 0.06488070616851012 0.04724770472226432
37 0.5478580637235828 0.8803166755517978 0.07129434740221222 0.05665906615858276
40 0.526218437504119 0.5984399616561513 0.06652502678536117 0.051944295081343836
37 0.5441933214342205 0.8217501966290367 0.07126707386326192 0.05509656615858276
32 0.5141389975676633 0.3954058652469475 0.06652502678536117 0.051944295081344016
40 0.5224582378284307 0.5453422327333902 0.06652502678536117 0.051944295081343836
17 0.5338576136408573 0.6530774646812134 0.06652502678536117 0.051944295081343836
40 0.5225633778443168 0.49456552791292996 0.06655230032431163 0.05350679508134384
7 0.5026771663975055 0.20174222365820388 0.05852161201270878 0.040961343285945875
7 0.5065464602289953 0.248589952580965 0.06013865909060954 0.04409543364502548
25 0.5003567357965405 0.1556666543763631 0.05709547970746058 0.04876475292686626
0 0.49650107873452587 0.10803767545360195 0.06030230032431163 0.05347043364502548
7 0.5104566643689106 0.29309393150372615 0.06170115909060954 0.0441045240041051