27 0.6274056819516819 0.5765598187799943 0.07578373920022674 0.07189358883351815
12 0.6806819601746502 0.6653207325673698 0.07098711179556502 0.06846820018457009
2 0.737110520248784 0.7535006554540441 0.07750993030721923 0.07668121838316751
12 0.5444071873939775 0.44204631399963235 0.07583830290255769 0.07345608883351815
22 0.6572370256910796 0.6191874097729807 0.06457342068857255 0.06338018198597287
24 0.49110362731984375 0.35406665021225675 0.08068949400955035 0.07844397748246604
24 0.43238588094804076 0.26417403300110853 0.08230655771188111 0.08010660703211539
7 0.7072246128070555 0.7124355644610576 0.07422123920022691 0.0717934592838688
17 0.5177554073569105 0.3980564821059446 0.07422123920022691 0.0717934592838688
32 0.5999999337657804 0.5317386721114818 0.07578373920022692 0.07189358883351815
24 0.4613268472827768 0.3098765592192703 0.07745536660488846 0.07511871838316742
19 0.3855505756832304 0.17034488741233028 0.06619048439090332 0.06504281153562212
25 0.7911680484717524 0.8423116340162442 0.08726687622353531 0.08821949568106327
7 0.5717583718775481 0.4884299606681447 0.07098711179556502 0.06846820018457009
0 0.7621725184346855 0.7981716077980826 0.08559524881887359 0.08499436613141391
19 0.4106398557202973 0.21423458975636875 0.06780754809323426 0.06670544108527147