20 0.9265625 0.40703125 0.0515625 0.075
8 0.65625 0.44140625 0.0484375 0.0734375
8 0.5421875 0.45390625 0.046875 0.0765625
1 0.371875 0.475 0.0515625 0.06875
8 0.59609375 0.4484375 0.046875 0.0734375
1 0.4328125 0.4671875 0.0515625 0.0703125
33 0.76640625 0.428125 0.0515625 0.075
1 0.4890625 0.46328125 0.0515625 0.075
32 0.315625 0.4828125 0.053125 0.075
33 0.8203125 0.42109375 0.0484375 0.0734375
33 0.71171875 0.4359375 0.05 0.0734375
32 0.196875 0.49375 0.0578125 0.078125
32 0.25703125 0.4890625 0.05625 0.078125
14 0.13671875 0.5046875 0.053125 0.0671875
14 0.075 0.51328125 0.0546875 0.06875
35 0.86953125 0.415625 0.0546875 0.0765625