28 0.6953125 0.75625 0.0875 0.0765625
34 0.459375 0.18125 0.0953125 0.0828125
8 0.51171875 0.3078125 0.0953125 0.08125
3 0.5375 0.371875 0.0953125 0.0796875
23 0.71796875 0.80859375 0.0859375 0.0734375
34 0.43125 0.1140625 0.090625 0.0765625
38 0.5828125 0.48359375 0.0921875 0.0765625
14 0.65390625 0.653125 0.084375 0.0703125
41 0.5625 0.4296875 0.090625 0.075
13 0.48515625 0.24296875 0.0984375 0.084375
33 0.60859375 0.5421875 0.084375 0.071875
14 0.63125 0.59921875 0.08125 0.0671875
14 0.6765625 0.70703125 0.078125 0.065625
18 0.73671875 0.85703125 0.084375 0.071875
20 0.7609375 0.909375 0.084375 0.0703125