12 0.51484375 0.5734375 0.096875 0.096875
2 0.37578125 0.41640625 0.1 0.1015625
2 0.33203125 0.36015625 0.096875 0.0984375
12 0.6484375 0.72734375 0.0921875 0.0921875
17 0.60390625 0.67578125 0.0921875 0.0921875
17 0.471875 0.52109375 0.0921875 0.0921875
37 0.23984375 0.24765625 0.1046875 0.1078125
22 0.56015625 0.625 0.0875 0.0890625
40 0.19375 0.1921875 0.115625 0.11875
22 0.4234375 0.46640625 0.0953125 0.096875
32 0.28984375 0.30390625 0.1046875 0.1078125
19 0.73515625 0.834375 0.0859375 0.0875
19 0.69296875 0.78203125 0.0859375 0.0875
19 0.7765625 0.88515625 0.0890625 0.0890625