28 0.8233731033286367 0.4212784407715045 0.12235044191141178 0.11668445712440043
34 0.3676982466992297 0.7792507156053903 0.13243583693238986 0.12666023442229637
8 0.4682175423402633 0.7001720897563687 0.13231743776222693 0.12509773442229638
3 0.5180865651607801 0.6606077444444457 0.1306365385920639 0.12343510487264701
23 0.8660808215850502 0.38980719771133476 0.11898864357108571 0.11335919802510182
34 0.3140413730488758 0.8201272370431901 0.12403134108157463 0.11834708667404996
38 0.6068754554078735 0.5908843321982296 0.12559384108157462 0.11844721622369914
14 0.7419823159859729 0.4860337507659671 0.11562684523075965 0.1100339389258032
41 0.5651857854917861 0.6255306400332239 0.12391294191141178 0.11678458667404978
13 0.41690441868990946 0.7411988055186425 0.13579763527271585 0.12998549352159508
33 0.6546967261537979 0.5550760425618325 0.11718934523075966 0.11013406847545255
14 0.6993929968997223 0.5190674938261368 0.11058414772027056 0.10504605027685514
14 0.7853528850722231 0.453050072480622 0.1072223493799445 0.10172079117755643
18 0.9033789894265452 0.35876675122739243 0.11718934523075966 0.11013406847545255
20 0.9445568673263303 0.3281268229420474 0.11088626534733947 0.1100339389258032