12 0.559375 0.46875 0.06875 0.075
17 0.60859375 0.45 0.065625 0.0703125
2 0.3546875 0.534375 0.065625 0.0703125
2 0.3078125 0.55 0.0640625 0.06875
2 0.259375 0.56640625 0.0640625 0.071875
4 0.45859375 0.50078125 0.0625 0.06875
22 0.6640625 0.43203125 0.065625 0.06875
34 0.82421875 0.375 0.0703125 0.075
34 0.93671875 0.3375 0.06875 0.0765625
34 0.87890625 0.35625 0.071875 0.078125
4 0.5046875 0.4859375 0.0625 0.06875
4 0.40703125 0.51796875 0.0609375 0.0671875
5 0.209375 0.584375 0.06875 0.0734375
32 0.7140625 0.41484375 0.071875 0.078125
32 0.7671875 0.396875 0.0734375 0.0796875
20 0.1109375 0.61328125 0.06875 0.075
35 0.1609375 0.59921875 0.0703125 0.075