12 0.52109375 0.44375 0.0484375 0.06875
17 0.57421875 0.43515625 0.0484375 0.0640625
2 0.303125 0.46640625 0.0484375 0.0640625
2 0.253125 0.471875 0.046875 0.0625
2 0.20078125 0.47890625 0.046875 0.065625
4 0.41328125 0.45546875 0.0453125 0.0625
22 0.6328125 0.4296875 0.0484375 0.0625
34 0.8046875 0.40703125 0.05 0.06875
34 0.92578125 0.39296875 0.0484375 0.0703125
34 0.8640625 0.4 0.053125 0.071875
4 0.46328125 0.45078125 0.0453125 0.0625
4 0.35859375 0.46171875 0.04375 0.059375
5 0.14765625 0.4859375 0.05 0.0671875
32 0.68671875 0.42265625 0.053125 0.071875
32 0.74296875 0.415625 0.053125 0.0734375
20 0.04375 0.49296875 0.0484375 0.06875
35 0.096875 0.490625 0.05 0.06875