31 0.6177996445735496 0.7114361319758539 0.1516181386855447 0.1451745316346617
31 0.6114411039147312 0.653337130492979 0.15318063868554468 0.1452381986308559
16 0.5585461072963198 0.2955445351318837 0.15476132001909004 0.1468643656270503
6 0.540387547979001 0.17677994767945387 0.15636018268618096 0.15005303262324476
11 0.5498619979710468 0.2357875331547174 0.15636018268618096 0.15005303262324476
14 0.5996229039226855 0.5942340445234239 0.1516181386855447 0.1451745316346617
34 0.6407633352164599 0.8874548039149641 0.14845677601845358 0.1419221976422726
1 0.532548323321137 0.1115860292003847 0.15476132001909004 0.14686436562705038
14 0.5917018632638669 0.5360713760443547 0.15318063868554468 0.1452381986308559
26 0.5774404632797753 0.41824720608241084 0.15318063868554468 0.1452381986308559
21 0.5687836259548202 0.3561464541052445 0.15318063868554468 0.14523819863085602
34 0.6320610445576413 0.8292603019377978 0.14529541335136287 0.1386698636498842
34 0.6249212538988228 0.7711294669568257 0.15003745735199914 0.14354836463846715
14 0.585352413271821 0.47719112456148 0.15476132001909004 0.1468643656270503
0 0.5173869473265458 0.07110560923844078 0.15272610534690845 0.10617569863085596