27 0.67578125 0.31875 0.09375 0.0875
12 0.484375 0.60859375 0.0875 0.0828125
12 0.54453125 0.5125 0.0890625 0.084375
17 0.5796875 0.46640625 0.0890625 0.084375
17 0.74453125 0.2234375 0.090625 0.084375
12 0.51875 0.55859375 0.0859375 0.0828125
22 0.71171875 0.2734375 0.090625 0.0859375
40 0.38984375 0.74609375 0.096875 0.09375
17 0.6421875 0.3703125 0.090625 0.084375
29 0.36015625 0.790625 0.0921875 0.0875
29 0.3265625 0.83828125 0.09375 0.0890625
17 0.61015625 0.41484375 0.090625 0.0859375
37 0.42109375 0.696875 0.090625 0.0859375
32 0.45390625 0.65078125 0.09375 0.0890625
30 0.778125 0.1734375 0.1078125 0.1015625