27 0.3935020734906137 0.6791515780980708 0.09033731252120454 0.08481535178688589
12 0.5587252470895931 0.3839703651699399 0.08236112141421188 0.079809516805914
12 0.507529824038768 0.48174202030313606 0.08392362141421188 0.07987318380210837
17 0.47640879881102444 0.5288425133830539 0.08392362141421188 0.07987318380210837
17 0.33293165043978845 0.7765412312541008 0.08548612141421189 0.07993685079830257
12 0.5300843811176768 0.4350726087441492 0.08236112141421188 0.079809516805914
22 0.3615997982628702 0.7262202376798914 0.08710318511654283 0.08156301779449712
40 0.6427678864751544 0.2438493839530201 0.0920635036281972 0.08956651878308027
17 0.4221156576113646 0.6272680845238614 0.08548612141421189 0.07993685079830275
29 0.6676934754052286 0.19805672288832482 0.08715774881887377 0.08312551779449713
29 0.6979786869306414 0.14936189631030983 0.0887202488188736 0.08318918479069151
17 0.45016624654143894 0.5816027574515548 0.08872024881887378 0.08318918479069168
37 0.6148537068009071 0.2934209610253267 0.08872024881887378 0.08318918479069151
32 0.5861037134243292 0.341398204599536 0.09039187622353531 0.08637785178688588
30 0.3035095344678722 0.8276116413302128 0.10171132213985139 0.0977610207602467