15 0.8421875 0.68046875 0.0640625 0.0765625
12 0.2203125 0.46015625 0.0625 0.071875
12 0.1703125 0.4421875 0.0640625 0.075
41 0.465625 0.54765625 0.0578125 0.075
12 0.11484375 0.42265625 0.075 0.08125
41 0.41640625 0.5296875 0.0578125 0.075
29 0.27109375 0.47890625 0.059375 0.0734375
32 0.65546875 0.615625 0.0578125 0.0734375
29 0.32265625 0.4953125 0.0609375 0.071875
41 0.3671875 0.5140625 0.059375 0.0765625
32 0.70390625 0.63359375 0.05625 0.071875
32 0.75 0.65078125 0.0515625 0.071875
35 0.79453125 0.66328125 0.0640625 0.075
20 0.89296875 0.6984375 0.06875 0.0765625
31 0.5125 0.56171875 0.0578125 0.0734375
31 0.56171875 0.5796875 0.0546875 0.071875
31 0.60859375 0.60078125 0.053125 0.071875