27 0.5410256817505799 0.6721957984633946 0.11032468775644091 0.10867311151914834
12 0.4351191689361797 0.34757804892243654 0.1006950197716634 0.10165783697334127
12 0.46656814570447513 0.4548007464968423 0.10388368676785795 0.10347542848861017
17 0.4885585508376714 0.5075112872535069 0.10388368676785795 0.10347542848861017
17 0.5818178250207782 0.7794344714919931 0.10550985376405234 0.10516547424624481
12 0.45463849007698726 0.40360490831555307 0.1006313527754692 0.1000953369733411
22 0.5630160868837762 0.7249063392200593 0.1055735207602467 0.1067279742462448
40 0.3798944525480076 0.19324110634900069 0.1137043557412186 0.11517820303441746
17 0.5223194441078697 0.6153239161914608 0.10550985376405216 0.10516547424624481
29 0.36399487992432533 0.14392663256179786 0.10713602076024671 0.10685552000387935
29 0.34438005828922624 0.09024352316868135 0.10876218775644109 0.10854556576151386
17 0.5041397884803818 0.5646382610407098 0.10550985376405216 0.10516547424624481
37 0.39791494068500954 0.24783301149975173 0.10550985376405234 0.10516547424624481
32 0.41674851232010857 0.3015798937716855 0.10882585475263547 0.11010806576151388
30 0.6005240626634885 0.8363063537639268 0.12508752471457923 0.1270085233378591