27 0.3911056819432764 0.7180035325689555 0.08140923879011233 0.06204862141421188
12 0.4569846130169605 0.3716568114248962 0.07190669303247788 0.06015873920022674
12 0.43829877270963935 0.48539192921091096 0.07490414727484325 0.058705366604888454
17 0.42342332967716156 0.5428497651457604 0.07490414727484325 0.058705366604888454
17 0.36350722724186896 0.8353447999921506 0.07646664727484324 0.05875993030721958
12 0.44497907846921353 0.4323487747644073 0.07190669303247788 0.06015873920022692
22 0.37544898891079853 0.7754340866526397 0.07659419303247779 0.06032243030721922
40 0.49328825908385576 0.20526048510869357 0.08035692182065049 0.0682440577118811
17 0.40232996649102326 0.657284287378279 0.07646664727484324 0.0587599303072194
29 0.5031573377222471 0.15154520806685157 0.07672173879011232 0.06188493030721935
29 0.5165340536335423 0.09325155842967128 0.07828423879011233 0.06193949400955021
17 0.4146065680082319 0.6028696058899333 0.07815669303247788 0.06037699400955034
37 0.48225529317256066 0.26363598029937013 0.07984673879011232 0.061994057711881115
32 0.4697873730189001 0.3203944117877159 0.0801018303053814 0.06511905771188112
30 0.35156546557293933 0.8952555133316619 0.0872446506088231 0.07627481252120419