15 0.44453125 0.796875 0.0765625 0.06875
12 0.578125 0.16796875 0.0734375 0.0671875
12 0.58828125 0.11796875 0.075 0.06875
41 0.525 0.41640625 0.0765625 0.0609375
12 0.60078125 0.06171875 0.0796875 0.0796875
41 0.53515625 0.36640625 0.0765625 0.0609375
29 0.565625 0.21953125 0.0734375 0.0640625
32 0.4828125 0.6078125 0.075 0.0609375
29 0.55703125 0.27109375 0.0734375 0.065625
41 0.54453125 0.3171875 0.0765625 0.0625
32 0.471875 0.65703125 0.0734375 0.0609375
32 0.46171875 0.7046875 0.0703125 0.05625
35 0.45390625 0.7484375 0.0765625 0.0671875
20 0.4328125 0.84765625 0.0765625 0.0734375
31 0.5171875 0.4640625 0.075 0.0609375
31 0.50546875 0.51328125 0.0703125 0.059375
31 0.49140625 0.5609375 0.0703125 0.0578125