12 0.5278842566352886 0.49140625 0.08046755243632368 0.0609375
17 0.5506697169988914 0.440625 0.07734255243632351 0.0609375
2 0.4473795265319288 0.69921875 0.07734255243632351 0.0609375
2 0.4286505104927999 0.74765625 0.07411742288667415 0.059375
2 0.40752767967884623 0.796875 0.07724242288667416 0.059375
4 0.4877320211332579 0.59375 0.07401729333702498 0.0578125
22 0.571461880786267 0.384375 0.0757800524363235 0.0609375
34 0.639737918724621 0.22109375 0.08213018198597286 0.0625
34 0.6862100053986708 0.10546875 0.08213018198597286 0.0625
34 0.6628738325119967 0.16484375 0.08555557063492074 0.0671875
4 0.5056297223975623 0.54609375 0.07401729333702498 0.0578125
4 0.46640893122000565 0.64609375 0.07069203423772627 0.0546875
5 0.38630471931524324 0.84765625 0.08056768198597286 0.0625
32 0.5934660911498699 0.33359375 0.08555557063492074 0.0671875
32 0.6148893106127715 0.2796875 0.08711807063492075 0.0671875
20 0.35099017813768674 0.94765625 0.0804675524363235 0.0609375
35 0.36757570327611433 0.89609375 0.08213018198597286 0.0625