8 0.5550016263908782 0.6979136461987667 0.11255737153638883 0.11201452174882984
30 0.44416930754092415 0.9007905898867067 0.1107214694628702 0.10882585475263547
41 0.8440896270030089 0.15769457551506968 0.137771985014259 0.1332820266917457
41 0.6371908268619897 0.5440299594309088 0.11411987153638865 0.11207818874502422
8 0.5810275926962024 0.645890889772976 0.1074597684261109 0.10713602076024671
3 0.5281944100855541 0.7499682361226545 0.11935417568342573 0.11851918973360735
3 0.49877004170671135 0.798993326540834 0.11935417568342573 0.11851918973360753
8 0.6094656595199062 0.5945538828528939 0.10915896946287021 0.1087621877564409
33 0.7812075011312958 0.2723738408381089 0.12261587672018485 0.12020902372599611
33 0.75311118689949 0.32761709775819114 0.12601427879370347 0.12346135771838496
38 0.6653554916121749 0.4895679525108266 0.12091667568342572 0.11858285672980173
41 0.8119209674366198 0.2201600834237351 0.13451028397749987 0.13159219269935693
33 0.7262356200757862 0.378890437682079 0.12261587672018485 0.1202090237259962
33 0.6943697568807399 0.4358553620926472 0.11581907257314797 0.1137043557412186
3 0.4726757248830076 0.8502348329666246 0.11255737153638865 0.11201452174882967
10 0.4130751324231463 0.9396912638029834 0.12382706220555537 0.09846135771838505