15 0.4241057279641665 0.20874530356735507 0.08139677678548622 0.07390110831306052
12 0.5760558604698952 0.8308071768093344 0.0781990416031249 0.07075792759490121
12 0.5874102813477077 0.8800986496819714 0.07979790919430556 0.07232951795398108
41 0.5161405722852426 0.5851128817279904 0.08121493882958326 0.0660886083130606
12 0.6017442318607978 0.9356583032727673 0.08633884992375015 0.08486587939029917
41 0.527494993163055 0.6344043546006274 0.08121493882958326 0.0660886083130606
29 0.5623940571832632 0.779939568398078 0.07812630642076393 0.06763292759490121
32 0.46819730081808986 0.39574585469882323 0.07961607123840295 0.0645170179539809
29 0.5518572538966314 0.7290901407049809 0.07816267401194459 0.0691954275949012
41 0.5380681640408674 0.6836912822937246 0.08125130642076392 0.0676511083130606
32 0.4560434461446873 0.3472310866466465 0.07805357123840295 0.06450792759490129
32 0.4438532238801039 0.3002788185944697 0.07481946846486114 0.05980224687674198
35 0.43469708263756923 0.2572509812604522 0.08136040919430557 0.07233860831306052
20 0.4112069908819443 0.15866349033563848 0.08150587955902786 0.07858860831306051
31 0.5062941000206592 0.538174249214433 0.07961607123840295 0.0645170179539809
31 0.4933589953472565 0.4896549359827166 0.0748922036472223 0.06292724687674216
31 0.47804377308267315 0.4426844872123805 0.07485583605604162 0.06136474687674216