12 0.5375630431217365 0.426788437976562 0.10236389342673621 0.10389002583555573
17 0.5638521329775003 0.3808395051309023 0.0975309230620141 0.09753092306201401
2 0.4213782647207297 0.606932492497465 0.09753092306201391 0.0975309230620141
2 0.3949982558870144 0.6489751753431247 0.09436955547083344 0.09589568787965277
2 0.36787336464447973 0.6925985419843748 0.09753092306201391 0.09753092306201391
4 0.4802064444322573 0.5148891564414232 0.09433318787965277 0.09433318787965277
22 0.595537237650903 0.33163828571611065 0.09596842306201392 0.09749455547083344
34 0.6835976692622918 0.18576078163204804 0.10396276101791671 0.10548889342673622
34 0.7461502610179167 0.08581402659805494 0.10396276101791671 0.1054888934267362
34 0.7137202739356946 0.13659592980843688 0.10716049620027786 0.10868662860909728
4 0.5066228208571533 0.4744089735957635 0.09433318787965277 0.09433318787965277
4 0.4507923545764935 0.5609108244694441 0.09117182028847229 0.0926979526972918
5 0.34000359099312566 0.7378025924212149 0.10232752583555556 0.10232752583555574
32 0.6234070113022572 0.2864342352792703 0.10716049620027786 0.10868662860909728
32 0.6527847335668404 0.23885006725124946 0.10875936379145834 0.11028549620027786
20 0.28257425712128537 0.8227783108860761 0.10236389342673621 0.10389002583555573
35 0.3120610821594104 0.7798816428580553 0.10396276101791671 0.1054888934267364