27 0.35592003419989915 0.6728257830537503 0.10822739926336578 0.09767639342673604
12 0.5524790518809264 0.4051882606366671 0.10008711733238052 0.09280705547083343
12 0.49084741921330705 0.4942312704203129 0.10175887797604233 0.09440592306201392
17 0.45478958691400473 0.536290830640799 0.10175887797604233 0.09440592306201392
17 0.2847495105667871 0.7593068372903128 0.10332137797604232 0.0944422906531944
12 0.5174756211907784 0.45117225465274335 0.09852461733238069 0.09277068787965277
22 0.3189716912569351 0.7133046594786461 0.10499313861970413 0.09604115824437506
40 0.6497150487788332 0.278755006836945 0.11178944183801284 0.10399912860909737
17 0.39003295424638534 0.6252611052420836 0.10332137797604232 0.0944422906531944
29 0.6804133917217973 0.23813066004732691 0.10666489926336595 0.09764002583555564
29 0.7147994633774377 0.1944722322356603 0.1083366599070276 0.09923889342673617
17 0.42302041686751846 0.5839100598392364 0.10499313861970413 0.09604115824437506
37 0.6178366180886853 0.3248117360353825 0.10499313861970413 0.09604115824437506
32 0.584122535789383 0.36692584764263936 0.1083366599070276 0.09923889342673622
30 0.25052732987663917 0.8053090151019793 0.12338250569998319 0.11362870174736131