31 0.30791272240715517 0.6395418925637376 0.1219761858759707 0.10513352333785911
31 0.32919343303989224 0.5824150477144886 0.12200345941492108 0.10669602333785928
16 0.46951406453106637 0.23082111255791854 0.12356595941492117 0.10682356909549373
6 0.516803896104966 0.11384103558651701 0.12359323295387128 0.10838606909549373
11 0.4923845487027537 0.172004221951035 0.12515573295387145 0.10851361485312827
14 0.35438039367262936 0.5249693384711532 0.1219761858759707 0.10513352333785927
34 0.24090468020051845 0.8135212686267534 0.11723413879807003 0.10162588606495575
1 0.5397698376629796 0.051483589763690184 0.12356595941492117 0.10296717952738037
14 0.37642871753589124 0.4685599707430871 0.12197618587597078 0.10513352333785911
26 0.42060718587926604 0.3510537352869546 0.1219761858759707 0.10513352333785919
21 0.44508108035937893 0.28976554892243656 0.1219761858759707 0.10513352333785927
34 0.2645291408332555 0.7562031051410527 0.11723413879807003 0.10162588606495575
34 0.28582348823546777 0.6982950102918037 0.11723413879807013 0.10162588606495557
14 0.39775033847705377 0.4090893758938381 0.12200345941492116 0.10669602333785928
0 0.5672187276788657 0.022242564384388007 0.12181254464226861 0.044485128768776014