31 0.6625343540052324 0.42568036612641613 0.14056479434509228 0.14591555674305995
31 0.614146080678149 0.46215507521847393 0.1439631964186109 0.14913148495630518
16 0.3032694948626865 0.6753670952102266 0.14566239745537005 0.15073944906292774
6 0.19966674976365886 0.7461773518741442 0.1472248974553701 0.15078491316955062
11 0.25182457205398284 0.7111514825155297 0.14579909849212935 0.1523019490629279
14 0.5613437094245843 0.49564117663039975 0.14056479434509228 0.14591555674305995
34 0.8143886713945839 0.3199579003704408 0.13886559330833315 0.14430759263643722
1 0.14553632436305705 0.7859361853393814 0.14579909849212935 0.1523019490629279
14 0.51159798765264 0.5298175998290802 0.14226399538185158 0.14752352084968248
26 0.41013394099847333 0.6029034103330637 0.1439631964186109 0.14913148495630518
21 0.35627691767139014 0.6395372437983008 0.14396319641861083 0.14913148495630518
34 0.7639300501410193 0.35337580562243265 0.13560389227157382 0.1426541644231918
34 0.712416776813936 0.38994144292773575 0.13886559330833315 0.14430759263643714
14 0.46157886380717705 0.5671190230277606 0.14409989745537005 0.1506939849563052
0 0.08960895310949232 0.8195132149645523 0.14409989745537008 0.15069398495630537