12 0.45232348575845227 0.5724744776273958 0.08165906615858276 0.07599405347041017
17 0.4645189587292851 0.6256923127766896 0.07852497579950324 0.07421303218308672
2 0.3933944342342007 0.35733044284641896 0.07852497579950324 0.07421303218308672
2 0.3796137353656688 0.3079095970534634 0.07539088544042354 0.07243201089576327
2 0.36662792203575634 0.2561996315823386 0.07852497579950324 0.07421303218308672
4 0.4240262898167867 0.4657656557196536 0.07538179508134384 0.07086951089576328
22 0.4805979558024188 0.6830895495351379 0.07696247579950324 0.07410377153942509
34 0.52337074220136 0.8541175975576664 0.08323065651766229 0.07766581411407217
34 0.5547156700908488 0.9677466418478481 0.08323065651766245 0.06450671630430378
34 0.5386593989154141 0.9130227039942838 0.08638292759490121 0.08257183540139543
4 0.4378069886853185 0.5151865015126094 0.07538179508134384 0.07086951089576346
4 0.4094870668459539 0.4123839296048672 0.07223861436318461 0.06752598960843983
5 0.3536466538853838 0.20370841611121385 0.08166815651766246 0.07755655347041027
32 0.4943513835937118 0.7371978953280934 0.08638292759490121 0.08257183540139543
32 0.5080957210259252 0.7928687411210491 0.0879454275949012 0.08268109604505706
20 0.3221926416869395 0.10224982291614829 0.08165906615858276 0.07599405347041022
35 0.33987050019639176 0.15350632031825823 0.08323065651766245 0.07766581411407199