15 0.5450812059020368 0.08029905537098421 0.099898180687266 0.0936079025286086
12 0.608543835366792 0.7378216587024717 0.09504690637700666 0.09018251387966067
12 0.6128904986412037 0.7908465291528224 0.09833568068726599 0.09350777297895921
41 0.5839721240376884 0.47836631555001696 0.09488313206674714 0.08705751387966068
12 0.6190862669585693 0.8492400200535238 0.10836577792830404 0.10660855027685515
41 0.5882778437345351 0.5306099360003677 0.09488313206674696 0.08705751387966068
29 0.6041562285148157 0.684015538252121 0.0949650192218769 0.08862001387966068
32 0.5655961810259503 0.27730446329826364 0.09332063206674697 0.08695738433001132
29 0.5966436216628391 0.6304096769010691 0.0934025192218769 0.08851988433001132
41 0.5948863698538169 0.5819221121262445 0.09817190637700648 0.09038277297895939
32 0.5613314049066686 0.22584209284791296 0.09167624491161738 0.08529475478036197
32 0.5571894595200814 0.17672347239756225 0.08986808344622794 0.08050712523071266
35 0.5500862884437536 0.13093011104651026 0.09833568068726599 0.09350777297895929
20 0.5399123490500604 0.03787038286729357 0.10170634215265544 0.07574076573458714
31 0.5767461222286661 0.43022920419896493 0.09332063206674697 0.08695738433001132
31 0.5724404025318194 0.3779855837486143 0.09159435775648764 0.08373225478036198
31 0.5720818764125376 0.32627288942414034 0.08994997060135787 0.0820696252307127