27 0.29296875 0.46953125 0.0515625 0.071875
12 0.64296875 0.47109375 0.0515625 0.0625
12 0.52890625 0.4734375 0.05 0.065625
17 0.4703125 0.46953125 0.05 0.065625
17 0.17421875 0.4640625 0.05 0.0671875
12 0.58203125 0.4703125 0.0515625 0.0625
22 0.234375 0.46484375 0.0515625 0.0671875
40 0.81171875 0.47578125 0.059375 0.06875
17 0.3546875 0.46953125 0.05 0.0671875
29 0.865625 0.47578125 0.053125 0.0671875
29 0.925 0.478125 0.053125 0.06875
17 0.41015625 0.471875 0.0515625 0.06875
37 0.753125 0.47578125 0.0515625 0.0703125
32 0.6953125 0.47421875 0.0546875 0.0703125
30 0.11328125 0.46328125 0.065625 0.075