33 0.6631007813192061 0.62265625 0.08065685775648745 0.078125
28 0.3309312539567289 0.321875 0.08402751922187682 0.0828125
28 0.2533141870188442 0.25703125 0.08402751922187682 0.0828125
4 0.5871281015364511 0.559375 0.07407930913596843 0.071875
4 0.5501703341235966 0.525 0.07572369629109836 0.0734375
33 0.7307253725673503 0.690625 0.08230124491161739 0.0796875
33 0.6992772987320606 0.65703125 0.08065685775648745 0.078125
4 0.6246624010614813 0.58984375 0.07572369629109836 0.0734375
28 0.2924519301214392 0.28828125 0.08394563206674706 0.08125
13 0.43941986261772764 0.42421875 0.07572369629109836 0.0734375
13 0.3670258842144537 0.3546875 0.08065685775648763 0.078125
13 0.4054642644721785 0.3875 0.08065685775648763 0.078125
3 0.4817235492978876 0.45625 0.07909435775648763 0.078125
3 0.5185175424004826 0.4875 0.08394563206674714 0.08125