2 0.871875 0.471875 0.0546875 0.0953125
4 0.45 0.4734375 0.05 0.10625
9 0.1578125 0.4703125 0.0484375 0.1
34 0.33125 0.47265625 0.046875 0.109375
4 0.39140625 0.4703125 0.0484375 0.1109375
34 0.27265625 0.47109375 0.046875 0.10625
9 0.2140625 0.47109375 0.05 0.1015625
29 0.62734375 0.46640625 0.05 0.0828125
24 0.5671875 0.47421875 0.05 0.1125
24 0.50859375 0.471875 0.046875 0.1125
2 0.93203125 0.4734375 0.05625 0.1015625
13 0.81015625 0.4734375 0.0578125 0.1078125
13 0.7515625 0.47109375 0.0515625 0.1015625
29 0.690625 0.46953125 0.0515625 0.0875
5 0.09375 0.47421875 0.05625 0.115625