4 0.6460682487571457 0.4159416453312604 0.061014582712657625 0.07211719468185844
4 0.7070785233642516 0.41395494012605827 0.05945208271265763 0.07202618942018653
34 0.7681251852749102 0.41274948492085617 0.05945208271265763 0.07202618942018653
34 0.835458234489122 0.41196125866896666 0.059452082712657985 0.07202618942018653
38 0.41107466459674596 0.4163111845820377 0.0561815334984459 0.06871917889684287
34 0.8972497590962278 0.40992905083292863 0.05781680810555194 0.07037268415851479
19 0.584985199542934 0.41636585053646247 0.05781680810555194 0.07037268415851479
19 0.46828785111451054 0.41689574253101525 0.0546190334984459 0.06862817363517096
38 0.3531530026860871 0.41733462926389614 0.05774403349844599 0.06881018415851478
19 0.5262459003287223 0.41665354784915687 0.056254308105551945 0.07028167889684286
3 0.29679384077542836 0.4182670686840827 0.056254308105551945 0.07028167889684286
3 0.23727329156121665 0.41860026862761296 0.059452082712657714 0.07202618942018653
3 0.18247662965055786 0.41944170278612775 0.05639985731976358 0.07340667889684287
15 0.12842483043634614 0.4194563843138065 0.06257708271265772 0.07220819994353037