17 0.640575846696199 0.48383440761136465 0.06378070018457009 0.07082342068857254
17 0.5444215399409389 0.5038616762156861 0.06211807063492074 0.0692063569862416
17 0.49756632633813347 0.5146974832945951 0.060355311535622215 0.06602679328391084
17 0.592889318318569 0.49386168283910814 0.06231832973421945 0.0723313569862416
27 0.25328420264858026 0.5708656046239889 0.06378070018457009 0.07082342068857254
27 0.3024831662513857 0.5601116430985764 0.0624184592838688 0.0738938569862416
27 0.20267293337024883 0.5839087524470707 0.0639809592838688 0.07394842068857255
7 0.45018018660945136 0.5294122585223385 0.05899307063492074 0.06909722958157989
5 0.1511302197674434 0.594580868418987 0.07189358883351811 0.07578373920022674
37 0.8389842658822454 0.44165437521204504 0.06418121838316751 0.07707342068857255
7 0.40171240823182125 0.5394122518989166 0.060755829734219446 0.07227679328391083
12 0.6877617273255826 0.4659946323836211 0.0655434592838688 0.0740029843909035
37 0.8863203408361029 0.4261583499843016 0.06740634793281686 0.07874504809323427
7 0.3503699537283144 0.5532093678708329 0.05753070018457009 0.07060516587924895
12 0.7897352375046154 0.4516270867374576 0.06720608883351815 0.07562004809323426
12 0.7419986443521606 0.46087311196520114 0.07239423658176473 0.08359623920022692