16 0.87734375 0.60703125 0.0515625 0.065625
16 0.209375 0.58984375 0.046875 0.0625
15 0.15859375 0.5921875 0.05 0.0625
24 0.64453125 0.59921875 0.046875 0.0640625
34 0.5890625 0.6 0.04375 0.059375
11 0.81953125 0.6046875 0.046875 0.0625
0 0.05 0.5859375 0.0578125 0.0640625
1 0.42578125 0.59453125 0.046875 0.0609375
1 0.48046875 0.59296875 0.0453125 0.0609375
34 0.53359375 0.59765625 0.04375 0.059375
21 0.9390625 0.60546875 0.0546875 0.0671875
30 0.10234375 0.58671875 0.046875 0.0625
24 0.75859375 0.6015625 0.046875 0.0625
24 0.703125 0.60078125 0.0484375 0.0640625
26 0.3125 0.59375 0.0453125 0.0609375
1 0.37109375 0.59140625 0.0453125 0.0609375
21 0.259375 0.5921875 0.046875 0.0625