22 0.7965658656642314 0.5619515385498934 0.07486734882113648 0.07469208279171564
23 0.4800800667293643 0.32456103814615167 0.08631418479069168 0.08738299756436803
27 0.8415892055881192 0.5939651976405029 0.08299818380210837 0.08264095048646744
8 0.2765173735357157 0.19531604869945846 0.07512201680591399 0.08094208279171564
13 0.3766884698853942 0.2587393948838547 0.08149935079830276 0.08417617694751697
41 0.751606192736538 0.531500379459284 0.08462435079830274 0.08423072402541773
8 0.3277907134596036 0.22743880194586935 0.07831068380210837 0.0825591298696163
41 0.7093895178316781 0.49172876744657507 0.079809516805914 0.08102390340856669
33 0.5198256576418353 0.36116673985043496 0.08306185079830275 0.08420345048646735
38 0.6139377549800968 0.4291684918790299 0.08625051779449713 0.08582049756436802
38 0.6590247619001792 0.46274465096963946 0.08468801779449713 0.08579322402541756
33 0.5688507480600147 0.3955923327884204 0.08306185079830275 0.08420345048646727
32 0.8850182120139098 0.6251703331921622 0.08462435079830258 0.08423072402541756
18 0.4319317268054765 0.2924928319776415 0.08149935079830276 0.08417617694751697