12 0.2640625 0.428125 0.0828125 0.0828125
12 0.21796875 0.38984375 0.0828125 0.0828125
12 0.43515625 0.57890625 0.0734375 0.075
34 0.175 0.34921875 0.08125 0.08125
34 0.1265625 0.309375 0.08125 0.08125
2 0.51796875 0.65234375 0.078125 0.0796875
40 0.35078125 0.50546875 0.08125 0.0828125
27 0.59765625 0.72109375 0.0734375 0.075
22 0.63515625 0.75625 0.0765625 0.0765625
32 0.5609375 0.690625 0.0765625 0.078125
40 0.39375 0.5421875 0.0828125 0.0828125
40 0.30703125 0.46796875 0.0828125 0.0828125
34 0.07734375 0.2671875 0.078125 0.0796875
15 0.6765625 0.7875 0.0796875 0.0796875
7 0.478125 0.6140625 0.0734375 0.075
35 0.71640625 0.8234375 0.0765625 0.0765625
20 0.75078125 0.859375 0.078125 0.0796875