28 0.15703125 0.4609375 0.090625 0.1046875
23 0.215625 0.4828125 0.0875 0.1015625
41 0.55859375 0.5859375 0.0765625 0.09375
41 0.50546875 0.56875 0.08125 0.0953125
41 0.6125 0.60234375 0.08125 0.096875
33 0.0890625 0.446875 0.090625 0.103125
13 0.39453125 0.53203125 0.084375 0.1
18 0.27734375 0.49609375 0.0875 0.103125
13 0.3359375 0.51484375 0.084375 0.0984375
33 0.0359375 0.43203125 0.071875 0.103125
13 0.4515625 0.5484375 0.078125 0.096875
38 0.66875 0.61875 0.08125 0.096875
38 0.775 0.64921875 0.08125 0.0953125
38 0.7234375 0.63515625 0.0796875 0.0953125
15 0.83125 0.66640625 0.0890625 0.0984375