8 0.3336180405592477 0.2727926457456618 0.07854410703211538 0.08439358883351807
8 0.23804592226836538 0.23812535394979642 0.083431866131414 0.08781897748246603
8 0.2859722825396832 0.25152771746031677 0.07854410703211538 0.08439358883351807
33 0.5728085533591741 0.3696421576227376 0.08665699568106326 0.08958173658176474
33 0.6202039875046154 0.38700083590808265 0.08675712523071262 0.09114423658176465
22 0.4778174259689932 0.33179980105204754 0.08166910703211538 0.08459384793281668
2 0.8148236775101527 0.46160391040051474 0.08499436613141391 0.08791910703211539
7 0.6706242921004073 0.40259675509412907 0.08665699568106326 0.08958173658176456
7 0.7196322910206729 0.4206365538298248 0.08499436613141391 0.08791910703211539
22 0.528868786240311 0.34500190546326925 0.08166910703211538 0.08459384793281677
22 0.4320345565983767 0.3151222432170532 0.08166910703211538 0.08459384793281668
7 0.7657155490402375 0.442001611664819 0.07844397748246604 0.08283108883351815
22 0.3805826781284615 0.2956701388058315 0.08323160703211538 0.08469397748246603
2 0.8630504264304186 0.4796937739110351 0.0782437183831675 0.07970608883351815
2 0.9125392867017365 0.49299600787190617 0.0815689774824662 0.08303134793281668