16 0.5208258586697871 0.281190744072224 0.07254084486680376 0.05550566000954493
36 0.5345289199247629 0.38608732940799656 0.07254084486680376 0.05550566000954511
16 0.5056239644110058 0.1747134774029059 0.07097834486680377 0.05548747867599957
36 0.5272549307991777 0.33441574140672387 0.07104201186299797 0.05704997867599957
36 0.5418029090503479 0.43775891740926925 0.07254084486680376 0.05550566000954511
23 0.5975675004199295 0.7956083274188143 0.06947951186299814 0.057031797342454206
23 0.6112387281768081 0.9012861627545868 0.07298651384016441 0.06644316000954512
36 0.5497626476816414 0.49178334607731455 0.06935217787060921 0.05390679734245403
21 0.5911065947924417 0.7431645800843143 0.07266817885919252 0.05863066000954511
23 0.6041875735379033 0.8441458247533141 0.06954317885919252 0.05859429734245438
16 0.5128342865403963 0.22794756540417857 0.07254084486680376 0.05550566000954502
21 0.5821746051725649 0.6938185607494962 0.07254084486680376 0.05550566000954511
35 0.49919489228161507 0.12148848006840593 0.07123301285158128 0.06173747867599957
20 0.49282948714841873 0.066700982733906 0.07435801285158128 0.061773841343090455
3 0.5579770542977125 0.53955777474536 0.07410334486680377 0.0555238413430903
3 0.5683760434232976 0.5912657254137235 0.06622717787060921 0.0538704346753633
3 0.5740875325488826 0.6429191320814509 0.06954317885919252 0.05859429734245403