28 0.47890625 0.45703125 0.0578125 0.08125
28 0.5453125 0.4578125 0.0578125 0.08125
8 0.16328125 0.45625 0.046875 0.078125
34 0.8140625 0.45546875 0.05 0.078125
34 0.88203125 0.4546875 0.053125 0.0796875
41 0.74609375 0.45546875 0.0640625 0.0828125
13 0.221875 0.4578125 0.0578125 0.078125
33 0.6109375 0.4578125 0.059375 0.08125
38 0.67890625 0.45625 0.059375 0.0828125
34 0.9515625 0.45546875 0.0515625 0.0796875
4 0.2859375 0.4546875 0.0546875 0.0734375
4 0.415625 0.45625 0.053125 0.0765625
5 0.040625 0.45625 0.0609375 0.0765625
4 0.35078125 0.45546875 0.05625 0.0765625
3 0.10234375 0.45625 0.0578125 0.078125