16 0.84140625 0.58046875 0.059375 0.075
16 0.18203125 0.54296875 0.05625 0.071875
15 0.13125 0.54453125 0.059375 0.071875
24 0.6125 0.56640625 0.05625 0.0734375
34 0.55703125 0.56484375 0.0515625 0.0671875
11 0.78515625 0.5765625 0.05625 0.071875
0 0.02890625 0.53515625 0.0578125 0.0734375
1 0.39609375 0.5546875 0.0546875 0.0703125
1 0.45078125 0.5546875 0.0515625 0.06875
34 0.50234375 0.5609375 0.0515625 0.0671875
21 0.903125 0.58046875 0.0640625 0.075
30 0.0765625 0.5375 0.05625 0.071875
24 0.725 0.571875 0.05625 0.071875
24 0.66953125 0.56875 0.0578125 0.0734375
26 0.28359375 0.55078125 0.0515625 0.06875
1 0.3421875 0.55 0.053125 0.0703125
21 0.23125 0.54765625 0.05625 0.071875