39 0.7404794944567097 0.8064984571135007 0.11407452335696497 0.1110404515702104
39 0.7016383033113406 0.761495845672445 0.112375631037097 0.10630748746358769
17 0.6528454506457735 0.7238200009244368 0.10433581050398359 0.09826766693047428
9 0.2990274995377816 0.30719140822149266 0.08513116943775678 0.08209709765100212
9 0.32518683425666 0.34630773251552976 0.08669366943775678 0.08214256175762476
9 0.3496018125490476 0.37921952091618955 0.08669366943775678 0.08214256175762476
11 0.4833583500917776 0.515289750066507 0.09951191818411545 0.09344377461060631
17 0.5815039965682807 0.6367579216158348 0.10111988229073816 0.09505173871722902
17 0.6187372236070271 0.6802434971635132 0.10433581050398359 0.09826766693047428
21 0.4164005191338229 0.4445202604913483 0.09312552586424747 0.08857441818411545
21 0.44878712179938984 0.4826734783588947 0.09790395407749272 0.0918358105039836
21 0.38410484468150125 0.4094920426238019 0.09312552586424747 0.08857441818411545
11 0.5097677373970807 0.5629998243605441 0.09951191818411545 0.09344377461060631
11 0.5483134118494023 0.5978461858015998 0.10272784639736088 0.09665970282385175
29 0.13695367768451994 0.7833998702165443 0.09000052586424748 0.08848348997087001