40 0.3828125 0.1578125 0.065625 0.0671875
40 0.40625 0.2609375 0.065625 0.06875
14 0.4484375 0.47109375 0.0609375 0.0546875
14 0.471875 0.57890625 0.0609375 0.05625
14 0.46328125 0.525 0.0640625 0.0609375
40 0.3953125 0.2078125 0.065625 0.06875
41 0.43671875 0.41640625 0.0640625 0.0609375
9 0.51953125 0.80859375 0.06875 0.065625
18 0.53203125 0.86640625 0.06875 0.065625
14 0.48359375 0.634375 0.059375 0.05625
9 0.509375 0.75 0.0640625 0.0625
41 0.428125 0.3640625 0.0640625 0.0625
18 0.54609375 0.9265625 0.0734375 0.0734375
5 0.3703125 0.10703125 0.065625 0.065625
41 0.415625 0.3125 0.0640625 0.0625
9 0.49453125 0.69296875 0.0609375 0.0578125