4 0.4646258152062007 0.5883003056710775 0.08460178413027997 0.0890162683452644
4 0.4166734335938173 0.6263687240445766 0.08451077886860806 0.08745376834526439
34 0.36950230198143397 0.6643916397872399 0.08451077886860806 0.08745376834526439
34 0.31621767826155833 0.7051223265765906 0.08451077886860806 0.08745376834526439
38 0.6523393758566014 0.4464558979620962 0.0795502630835923 0.08249325256024882
34 0.2675295492800108 0.7440174975809256 0.08129477360693613 0.08570925782192056
19 0.5134049494494202 0.5509676346667424 0.08129477360693613 0.08570925782192056
19 0.6057219810900383 0.4805270610739236 0.07798776308359248 0.0824022472985769
38 0.6980845153614925 0.4108677374811049 0.0812037683452644 0.08414675782192056
19 0.5599313389543112 0.515333971554915 0.07964126834526439 0.08405575256024882
3 0.7423126574972196 0.37615183226178533 0.07964126834526439 0.08405575256024873
3 0.7896202970021109 0.3404726665191221 0.08451077886860806 0.0874537683452643
3 0.8331126917686739 0.3065835139306385 0.08138577886860787 0.08727175782192056
15 0.8759148417969087 0.2743023639729908 0.08616428413027996 0.08910727360693613