16 0.6912184784863492 0.5274372663528959 0.09382391233702041 0.09965764342931002
36 0.6171985515388323 0.4539682904115894 0.09382391233702041 0.09965764342931002
16 0.7645117025117669 0.6040813070690272 0.09223413879807012 0.09799501387966067
36 0.6538178900125908 0.490727810769655 0.09223413879807012 0.09799501387966067
36 0.5813604630650737 0.41715870527869914 0.09382391233702041 0.09965764342931002
23 0.3343591834403387 0.15689753547434393 0.09223413879807012 0.09799501387966063
23 0.2603119829538714 0.08186605953303736 0.10174550649282174 0.10640829117755654
36 0.5439189642828898 0.3781054996954582 0.08905459172016936 0.09466975478036196
21 0.37175977191409726 0.1936069910575849 0.09700345941492108 0.10298290252860856
23 0.30090575527500574 0.12228150601697967 0.09538641233702042 0.09975777297895924
16 0.7278650904990581 0.5657592867109615 0.09382391233702041 0.09965764342931002
21 0.4052541103878558 0.23056677051494914 0.09382391233702041 0.09965764342930994
35 0.8027071777550006 0.6415219478774434 0.09856595941492116 0.1030830320782579
20 0.8416839029982344 0.6789125239110352 0.09859323295387128 0.10464553207825791
3 0.5112331493480816 0.3426581554632693 0.09382391233702023 0.09965764342930994
3 0.4776979005658976 0.303354626005905 0.08746481818121907 0.09300712523071261
3 0.44031094886161426 0.26742642042266407 0.09538641233702042 0.0997577729789592