16 0.3923174925856262 0.039737946053452086 0.09467051285158128 0.06201019867918124
16 0.39190631570360007 0.08819362738699753 0.1038200197716634 0.09491360534690847
16 0.3947010518634356 0.1538822620544066 0.10538251977166349 0.0949317866804539
4 0.4189689510279518 0.632516339393679 0.10857118676785796 0.09653064934754489
4 0.4231670196973013 0.7021294053946334 0.10863485376405216 0.0980931493475449
4 0.4257070878723594 0.7740680400620427 0.1069450197716634 0.09494996801399935
9 0.4312448220550286 0.8491680373965427 0.10200285178688588 0.08864542401336309
22 0.4044885928524563 0.35487259739017923 0.08937551779449712 0.08537497334499947
22 0.4016938566926208 0.28918396272277014 0.09100168479069151 0.08695565467854491
22 0.398245204525174 0.22036123738858837 0.08931185079830276 0.08381247334499946
9 0.4338167237281838 0.9203254220639516 0.09568918479069151 0.08701019867918128
19 0.41301206418354425 0.4909737293920882 0.10050401878308027 0.09018974267981754
19 0.4080009120160975 0.42213282272436103 0.0972516847906915 0.08702838001272681
19 0.4163652158566995 0.56214020472627 0.10213018577927464 0.09177042401336308