40 0.4447708818128918 0.16986282849760176 0.08462983363936125 0.08469397748246603
40 0.43766027029374344 0.2762129580472511 0.08475737939699571 0.08625647748246604
14 0.4178427514978121 0.49012526372277715 0.07566942182065048 0.07013082973421944
14 0.40963202558457734 0.6003315784976018 0.07735946757828494 0.0717934592838688
14 0.41637610422296883 0.5465755228220758 0.08099465060882309 0.0782437183831675
40 0.44290562181095217 0.22157552282207577 0.08475737939699587 0.08625647748246604
41 0.42243439877265543 0.43387526372277707 0.08099465060882309 0.0782437183831675
9 0.38887388906057974 0.8353876989479524 0.08762728788172672 0.08333173658176492
18 0.3848721731492847 0.894031513722777 0.0876272878817268 0.08333173658176492
14 0.4049766054309168 0.6573628284976017 0.07579696757828511 0.07169332973421945
9 0.39606437785069215 0.7761628932724264 0.08112219636645772 0.07980621838316751
41 0.42905093165341224 0.3816817080472511 0.08112219636645772 0.07980621838316751
18 0.38061536572272053 0.9546233505537103 0.09464256242753404 0.09075329889257944
5 0.44748116469364874 0.11741894894795246 0.0845022878817268 0.08313147748246603
41 0.4318249874129865 0.3284565784976018 0.08112219636645754 0.07980621838316741
9 0.39856736664080444 0.7166376989479525 0.07748701333591956 0.0733559592838688