28 0.4953125 0.471875 0.0984375 0.08125
28 0.5046875 0.40625 0.096875 0.0796875
8 0.4546875 0.78671875 0.090625 0.0703125
34 0.53671875 0.13828125 0.0921875 0.0734375
34 0.54453125 0.0703125 0.09375 0.0765625
41 0.528125 0.20546875 0.0984375 0.0859375
13 0.46328125 0.728125 0.09375 0.0796875
33 0.51328125 0.340625 0.0984375 0.0828125
38 0.5203125 0.27265625 0.0984375 0.0828125
34 0.55390625 0.01875 0.0921875 0.0375
4 0.46796875 0.6640625 0.0890625 0.075
4 0.48671875 0.53515625 0.0921875 0.075
5 0.43828125 0.90859375 0.09375 0.08125
4 0.478125 0.59921875 0.0921875 0.078125
3 0.44609375 0.846875 0.09375 0.0796875