3 0.6457450107971695 0.4031360713845575 0.10949524440092269 0.11238344606059662
3 0.7034740778088274 0.3756631894358339 0.11465634108157481 0.11898864357108571
3 0.766612695235404 0.34782345458268094 0.1162188410815748 0.11910704274124875
33 0.829029262247062 0.3207057701444464 0.1212615385920639 0.12414974025173767
33 0.8898241296736383 0.29268843653604887 0.12294243776222658 0.1258306394219007
29 0.5290912296782828 0.45255388569692306 0.10793274440092268 0.1122650468904336
29 0.5877791454451854 0.4274839533332811 0.10781434523075965 0.1107025468904336
13 0.1903041846619491 0.6047611228251613 0.10961364357108563 0.11394594606059663
29 0.4689592130815434 0.47906791889040223 0.11285704274124875 0.11574524440092268
13 0.2453226487691777 0.5825201925361115 0.1079327444009226 0.1122650468904336
13 0.13198312179947597 0.6244215047738848 0.10961364357108563 0.11394594606059663
26 0.4143551460698854 0.5067775991794518 0.10961364357108572 0.11394594606059663
26 0.35566723030298275 0.5318475315430939 0.10961364357108572 0.11394594606059663
26 0.3008855645360803 0.5572134618321435 0.10961364357108563 0.11394594606059663