16 0.11957741574691014 0.4991893869446423 0.06896951196784729 0.08047572625188941
16 0.7732141748649658 0.6175811980891532 0.06261040919430556 0.0754242052052021
15 0.8220153507767713 0.6303850349773259 0.06577177678548622 0.07716871572854575
24 0.3473764138470491 0.5391186240022243 0.06420927678548623 0.07707771046687384
34 0.40162815596326434 0.5508226924745455 0.05941267401194459 0.07211719468185844
11 0.17613654027194486 0.5091944475244559 0.0626104091943056 0.0754242052052021
0 0.9287744970532991 0.6460716771836401 0.07365701196784755 0.08074874203690499
1 0.5610765443560075 0.5783044084148529 0.06257404160312507 0.0738617052052021
1 0.5083691184442019 0.5657280846808599 0.06101154160312507 0.07377069994353036
34 0.4558253466927088 0.5601830109468666 0.05941267401194459 0.07211719468185826
21 0.05980237224392402 0.4854600868881727 0.07216724715020839 0.08378273677523325
30 0.8777023063238548 0.6365293481879752 0.06261040919430556 0.0754242052052021
24 0.23658373100138935 0.5181907449500897 0.06261040919430556 0.0754242052052021
24 0.29001785552642406 0.5283778160532469 0.06580814437666671 0.07873121572854576
26 0.6719055947928478 0.6007947874669874 0.06101154160312507 0.07377069994353036
1 0.6152555512898616 0.5868834768871741 0.06101154160312507 0.07377069994353036
21 0.7237590355222923 0.6102916138318164 0.06261040919430556 0.0754242052052021