16 0.47160193454795857 0.5365278432760616 0.08347774122451135 0.07939981252120454
16 0.412442231724107 0.6345635499921508 0.08343227711788863 0.07783731252120454
16 0.442044815189344 0.5847644466341062 0.08343227711788863 0.07783731252120454
8 0.3819674700456244 0.6874603714990299 0.08017088479802066 0.07304068511654283
8 0.35160636863369865 0.7364509430059092 0.08021634890464338 0.07460318511654282
1 0.6508026673926927 0.23700653683012485 0.08834709765100204 0.08581350362819702
18 0.3228304992750842 0.7847148282151192 0.08669366943775678 0.08263393992586607
18 0.29240120170322437 0.8360491497219982 0.0867391335443795 0.08419643992586642
41 0.5331735835317442 0.4362302321134687 0.08669366943775678 0.08263393992586625
1 0.6219586018741442 0.2876141720393349 0.08995506175762476 0.08743056733052797
18 0.2604321361846759 0.8865476575265466 0.09160848997087019 0.09061013103285873
41 0.5620176490502926 0.3856225969042587 0.08995506175762476 0.08743056733052797
30 0.6819677508579298 0.18726199717441114 0.08678459765100204 0.08575893992586621
41 0.503639196226441 0.48368558547151325 0.08669366943775678 0.08263393992586607
5 0.7092493163764783 0.13659979826287025 0.0883016335443795 0.08425100362819707
1 0.5924014825155297 0.3358507753973795 0.08669366943775678 0.08263393992586625