16 0.515054787172387 0.5453125 0.07874436613141392 0.0828125
16 0.6288669632982635 0.54921875 0.08040699568106327 0.084375
16 0.5719358428479129 0.54765625 0.08040699568106327 0.084375
8 0.6912167689737896 0.5515625 0.07239423658176473 0.08125
8 0.7481478894241403 0.553125 0.0740568661314139 0.0828125
1 0.16517470311923083 0.53125 0.08841975478036197 0.0875
18 0.8049788803248417 0.55625 0.08529475478036197 0.0875
18 0.8634725007751923 0.5578125 0.08685725478036196 0.0875
41 0.3966552405961596 0.53984375 0.08529475478036197 0.0875
1 0.2236683235695815 0.5328125 0.09028264342930994 0.0921875
18 0.9210346769010691 0.56171875 0.09164488433001132 0.0890625
41 0.3397241201458089 0.53828125 0.08851988433001132 0.0890625
30 0.10599996221852945 0.528125 0.08675712523071266 0.0859375
41 0.45275504627168556 0.5421875 0.08529475478036197 0.0875
5 0.0489186474437048 0.52890625 0.08685725478036199 0.0875
1 0.28054937924510753 0.53515625 0.08529475478036197 0.0875