40 0.7076747393960663 0.7875695752255563 0.08312414976444416 0.07678201196784737
40 0.6450468917524088 0.7070449674180214 0.08326085080120364 0.0783445119678472
14 0.5241075495753714 0.5413991707809032 0.07462814458064812 0.06878767401194459
14 0.46025895452361193 0.4569319453821879 0.07632734561740726 0.07038654160312507
14 0.48931217601273236 0.5006644147969797 0.07972574769092589 0.07358427678548622
40 0.6766489147966681 0.748488238219584 0.08326085080120364 0.0783445119678472
41 0.5564224721012512 0.5836418753780561 0.07802654665416639 0.07198540919430556
9 0.32577452219578756 0.27609690662885444 0.08496005183796278 0.07994337955902786
18 0.2913209012250467 0.23145590064493082 0.08496005183796278 0.07994337955902786
14 0.4280807330344915 0.4131267407850351 0.07306564458064795 0.06875130642076392
9 0.3584605916113895 0.32304529502159757 0.07802654665416657 0.07198540919430556
41 0.5847627941087511 0.6265749109972575 0.07972574769092589 0.07358427678548622
18 0.25550983180944475 0.1844347770698266 0.09175685598499986 0.08633884992375007
5 0.7387005639954646 0.8266509122315284 0.08482335080120365 0.07838087955902787
41 0.6165698687081493 0.66567443179882 0.08142494872768502 0.0751831443766667
9 0.39454506310050996 0.36694141859670176 0.07632734561740726 0.07038654160312507