23 0.6047450820500239 0.4805654417762842 0.09764781570031093 0.09589568787965277
23 0.5548892952183209 0.4926485208984717 0.09268729991529537 0.09109908510611113
37 0.3590993821064936 0.5455774184092705 0.09268729991529537 0.09109908510611113
38 0.8658260661944212 0.4050517230270826 0.10582433674699843 0.10232752583555574
38 0.8111007688393744 0.42036890492281176 0.10260833148532669 0.1006922906531944
37 0.4067024241998684 0.5319863906738538 0.09268729991529537 0.09109908510611113
37 0.4574759689240791 0.517541377756076 0.09434080517696727 0.0926979526972918
37 0.5050790110174539 0.5039503500206592 0.09434080517696727 0.0926979526972918
38 0.9228496109186318 0.3904612397445826 0.11243835779368574 0.10872299620027785
1 0.26848979265807216 0.5742128711065623 0.10086382096198285 0.09753092306201391
1 0.21932425056469737 0.5878402664331596 0.10086382096198285 0.0975309230620141
25 0.1725934637329944 0.5998506103729859 0.09590330517696728 0.09273432028847228
3 0.7039939241292812 0.4509487173274994 0.09930132096198285 0.09749455547083344
15 0.7601452135918201 0.4379389178405896 0.10086382096198285 0.09753092306201391
15 0.6539561267742345 0.466156796449687 0.09930132096198285 0.09749455547083344