39 0.8194925928468522 0.32924008211326755 0.09699062406898662 0.10419769867918127
39 0.7657297380082879 0.35909975743949507 0.09372007485477489 0.10103633601209036
17 0.7162177355270886 0.39838897676635904 0.08874147642635144 0.09473179201145401
9 0.22226856658711647 0.665445376034362 0.07238873035529289 0.07892497867599957
9 0.2668918618723867 0.6472044533736344 0.07082623035529281 0.07890679734245402
9 0.30601001985410414 0.6296811460454979 0.0692637303552929 0.07888861600890866
11 0.4703700804408554 0.5245043920671333 0.08227315260503384 0.08997156667727228
17 0.6136706242783836 0.45191287141945063 0.08383565260503385 0.08998974801081765
17 0.665798204509842 0.42359751475967755 0.08710620181924575 0.09315111067790856
21 0.3850832437992562 0.5766657813892246 0.07744010339082212 0.08679202267663584
21 0.4307788875129499 0.5521839493952699 0.07907537799792799 0.08837270401018138
21 0.3432574627820095 0.6019743167170432 0.07580482878371626 0.08521134134309047
11 0.5242956011190197 0.5079350574076784 0.08227315260503384 0.08997156667727228
11 0.5679385932611369 0.47717595341340535 0.08398120181924558 0.09311474801081765
29 0.6437282278786027 0.9142316054264503 0.07878427956950454 0.08212270401018137