23 0.37060530047999274 0.4907191922033009 0.05685621572854575 0.06591766587924912
23 0.4183147583866179 0.5015277174310444 0.0566742052052021 0.06279266587924912
37 0.6052918426439546 0.5441169775978454 0.0551117052052021 0.06273810217691818
38 0.12240228988606187 0.4284374801297341 0.06475972099021768 0.06775298439090349
38 0.17470824253101522 0.44064481425048496 0.061634720990217676 0.0676438569862416
37 0.5599716373681655 0.5324453568166057 0.055202710466874014 0.06430060217691817
37 0.5122621794615402 0.5216368315888622 0.05676521046687384 0.06435516587924912
37 0.466160724185751 0.5099924926587878 0.05520271046687384 0.06430060217691817
38 0.06609908197943667 0.41792905526481033 0.07119173151356135 0.07109623920022692
1 0.6911992505646973 0.5684051602673175 0.06154371572854593 0.0660813569862416
1 0.7373462084713226 0.5792682491973918 0.06145271046687402 0.0645188569862416
25 0.7819306663779478 0.5901859018297969 0.0597992052052021 0.06290179328391084
3 0.27688539255925015 0.46670382804548305 0.060072220990217674 0.06758929328391083
15 0.2229259346526249 0.45611355762706307 0.060072220990217674 0.06758929328391083
15 0.3237225952042035 0.479102135124392 0.058418715728545755 0.06597222958158007