16 0.5234375 0.4984375 0.05 0.0640625
16 0.63828125 0.50234375 0.0484375 0.065625
16 0.58046875 0.5 0.0484375 0.065625
8 0.69921875 0.5046875 0.0421875 0.065625
8 0.75703125 0.50625 0.04375 0.065625
1 0.17421875 0.4875 0.05625 0.0671875
18 0.81328125 0.5078125 0.053125 0.065625
18 0.87265625 0.51015625 0.0546875 0.065625
41 0.40546875 0.49609375 0.053125 0.0671875
1 0.23203125 0.490625 0.0578125 0.0671875
18 0.9328125 0.51015625 0.0625 0.0671875
41 0.34765625 0.49296875 0.0578125 0.0671875
30 0.11484375 0.48671875 0.0578125 0.0640625
41 0.46171875 0.496875 0.053125 0.0671875
5 0.0578125 0.48203125 0.0546875 0.0671875
1 0.2890625 0.49140625 0.053125 0.065625