17 0.521875 0.4078125 0.06875 0.0734375
17 0.47109375 0.38671875 0.0703125 0.075
40 0.31953125 0.32109375 0.071875 0.0765625
4 0.6828125 0.47421875 0.0734375 0.0796875
17 0.42109375 0.36328125 0.06875 0.071875
4 0.7375 0.49921875 0.0765625 0.0796875
3 0.628125 0.45234375 0.0734375 0.078125
4 0.79453125 0.52265625 0.0765625 0.0796875
40 0.26875 0.30078125 0.06875 0.0734375
9 0.90859375 0.575 0.075 0.08125
9 0.85 0.54453125 0.0734375 0.078125
35 0.21875 0.28046875 0.0765625 0.08125
3 0.57421875 0.42890625 0.0703125 0.0765625
40 0.36875 0.34296875 0.0734375 0.0765625
9 0.953125 0.59375 0.0484375 0.0765625
10 0.16796875 0.2625 0.0796875 0.08125
0 0.1234375 0.23984375 0.0796875 0.08125