16 0.1703125 0.18203125 0.0921875 0.09375
16 0.27890625 0.25390625 0.0875 0.0890625
16 0.2265625 0.21953125 0.0921875 0.09375
23 0.75625 0.571875 0.0875 0.0890625
5 0.88828125 0.66328125 0.0890625 0.0890625
23 0.709375 0.54140625 0.0828125 0.0859375
41 0.3765625 0.32265625 0.0875 0.0890625
23 0.8 0.603125 0.0859375 0.0875
41 0.3265625 0.28984375 0.0890625 0.090625
38 0.56875 0.45234375 0.08125 0.0859375
14 0.42734375 0.35546875 0.0796875 0.08125
38 0.615625 0.48359375 0.0828125 0.0859375
38 0.66328125 0.5125 0.0875 0.0890625
14 0.47578125 0.38515625 0.0796875 0.0828125
20 0.93359375 0.69296875 0.0828125 0.084375
14 0.52265625 0.41796875 0.0796875 0.08125
35 0.84375 0.63359375 0.084375 0.0875