28 0.8492473924482227 0.4002124165897093 0.09563187418757338 0.11327281570031093
23 0.7918439955324779 0.4270171112715676 0.0924523271096728 0.10996580517696727
41 0.45479973741480306 0.5623902530543589 0.08137845941492117 0.1015162683452644
41 0.5068025681779238 0.5398103267883521 0.08609323295387128 0.10335178413027997
41 0.4019883831127319 0.5834531819512018 0.08612050649282174 0.10491428413027996
33 0.9161485202892443 0.3798929403378198 0.09560460064862326 0.11171031570031094
13 0.6154684561652148 0.4928149584713225 0.08930005357072232 0.10822129465362344
18 0.7311792309219813 0.4461913164767698 0.09247960064862326 0.11152830517696728
13 0.6737349236978109 0.4706522611586282 0.08927278003177204 0.10665879465362345
33 0.9652731055182393 0.3596112614409769 0.06945378896352139 0.11061825256024882
13 0.559545738632619 0.5148411478915091 0.08299550649282175 0.10473227360693613
38 0.34605202881066083 0.6046981213713883 0.08612050649282174 0.10491428413027978
38 0.2419645466675683 0.6451704739034023 0.08609323295387146 0.10335178413027979
38 0.2924730612780649 0.6265878028990672 0.08453073295387145 0.10326077886860788
15 0.18683671590444756 0.6679324106927529 0.09396028003177212 0.10693181043863902