28 0.6590385645630354 0.23603237219510134 0.09792624491161739 0.08241534639736088
23 0.6538840750784851 0.30140731960867656 0.09455558344622812 0.07763691818411553
41 0.5988678629564119 0.6656540245440993 0.08937676051544959 0.06812552586424747
41 0.606775538216611 0.608159773290458 0.08954053482570892 0.07125052586424747
41 0.5909601876962127 0.7231482757977405 0.08945864767057934 0.0696880258642473
33 0.6757889733148913 0.16865465558119616 0.09471935775648746 0.08076191818411553
13 0.6207827272716202 0.4884383066765528 0.09282930913596861 0.07446645407749272
18 0.6399720612836751 0.3634072144358271 0.09768058344622813 0.07772784639736088
13 0.630829434643995 0.4271060015828456 0.09291119629109837 0.07602895407749291
33 0.6887559627994417 0.10350702870073433 0.09480124491161739 0.08232441818411548
13 0.6114353827441156 0.5482308438235715 0.09102114767057934 0.06973348997087019
38 0.5816128431687082 0.782940812944759 0.08945864767057934 0.06968802586424747
38 0.5640302747604855 0.8939776013454189 0.0879780348257091 0.07120506175762457
38 0.572142667908509 0.8403896000917775 0.08789614767057934 0.06964256175762493
15 0.5546829302329809 0.9537701384924372 0.09003185775648763 0.08062552586424729