16 0.8639508904800355 0.8648352010581959 0.10389002583555537 0.10769594606059663
16 0.7803188132577089 0.7563346942097187 0.0990934230620141 0.10265324855010753
16 0.8205268923798965 0.8085134234637943 0.10389002583555573 0.10769594606059663
23 0.4120869983844794 0.2815650342423862 0.09909342306201392 0.10265324855010753
5 0.3060889586812154 0.15031318901162666 0.09912979065319458 0.10421574855010748
23 0.4474984747331252 0.3287010659859727 0.09429682028847246 0.09761055103961844
41 0.7016469929692366 0.6599081348717306 0.0990934230620141 0.10265324855010753
23 0.3759851910137849 0.23827605291371817 0.09749455547083344 0.10097234937994451
41 0.7394567707046533 0.7095655153705616 0.1006922906531944 0.10433414772027057
38 0.5513527861878822 0.46836906246148774 0.0942604526972918 0.09604805103961844
14 0.6630377814382296 0.609410304787818 0.08950021751493047 0.09256785352912936
38 0.5151782436348267 0.42195508113281976 0.09429682028847246 0.09761055103961844
38 0.4813110834905906 0.3741561985593963 0.0990934230620141 0.10265324855010753
14 0.6283711874984033 0.560770972629313 0.09106271751493064 0.09268625269929238
20 0.27229453371934037 0.10563930643820316 0.09273432028847228 0.09749215186945541
14 0.5906341449453476 0.514238592130482 0.08950021751493065 0.09256785352912936
35 0.3406646336430904 0.19504627117013168 0.09589568787965286 0.09929145020978143