28 0.24375 0.31015625 0.1046875 0.103125
23 0.28203125 0.36328125 0.1015625 0.0984375
41 0.51796875 0.65078125 0.090625 0.0875
41 0.48125 0.6046875 0.09375 0.090625
41 0.5546875 0.696875 0.09375 0.090625
33 0.19375 0.25859375 0.103125 0.1015625
13 0.40703125 0.50859375 0.0984375 0.0953125
18 0.3265625 0.409375 0.1015625 0.0984375
13 0.36640625 0.46015625 0.0984375 0.09375
33 0.14921875 0.21015625 0.103125 0.1015625
13 0.44609375 0.55546875 0.09375 0.0890625
38 0.59296875 0.74296875 0.09375 0.090625
38 0.66640625 0.83046875 0.09375 0.090625
38 0.63125 0.7875 0.09375 0.090625
15 0.7046875 0.87734375 0.0984375 0.096875