22 0.6813374001729506 0.30732896051392233 0.0628454336450254 0.06155754809323426
23 0.5921128363520589 0.6791369839275673 0.07226588544042371 0.06969743030721923
27 0.6950999183233233 0.2562575338349 0.06911361436318479 0.06490080290255769
8 0.5207565077004442 0.9000372717691825 0.06750566256778648 0.057033739200226564
13 0.5560531373853312 0.7911359869227921 0.06910452400410509 0.06333830290255768
41 0.667574882022578 0.3584003871929446 0.07069429508134384 0.06808036660488845
8 0.538398004773578 0.8444147543459873 0.06908634328594587 0.06021330290255733
41 0.6600896349494443 0.41437756868129033 0.06597043364502539 0.06166667549789597
33 0.5996162641433519 0.6262848024392215 0.06912270472226431 0.06646330290255768
38 0.6286674390077787 0.5179465127835078 0.07069429508134384 0.06808036660488845
38 0.6416441619786115 0.46606655425332005 0.07068520472226432 0.06651786660488845
33 0.6149140112164856 0.57058043946253 0.06911361436318479 0.06490080290255769
32 0.7088669816532357 0.2059673571558777 0.06914088544042354 0.06958830290255769
18 0.5775872489198455 0.7333061287554241 0.06910452400410509 0.06333830290255768