17 0.5294396616717384 0.6109375 0.09561813861970414 0.09375
27 0.7535170279957129 0.4078125 0.10074268119435104 0.1
17 0.4935621458322966 0.6453125 0.09885239926336578 0.0953125
17 0.5653718078330111 0.57734375 0.09550887797604232 0.0921875
27 0.7909024135133238 0.37265625 0.10074268119435104 0.1
40 0.8746657722957296 0.296875 0.11724176634364483 0.1125
9 0.42091660350975124 0.7125 0.08736859604505724 0.0875
40 0.8337019187091039 0.33671875 0.10888296312533612 0.1046875
27 0.7159677515126093 0.440625 0.10074268119435104 0.1
9 0.4546688906365165 0.68125 0.08725933540139544 0.0859375
7 0.6748400069604908 0.478125 0.09394637797604233 0.0921875
15 0.3501777686125588 0.7734375 0.09885239926336578 0.0953125
7 0.6379080895118948 0.50859375 0.09572739926336596 0.0953125
7 0.599632193350622 0.5421875 0.08580609604505725 0.0875
9 0.3848205663829859 0.74375 0.09071211733238069 0.090625
35 0.311956502773117 0.8078125 0.10543018119435103 0.1