12 0.60859375 0.7875 0.090625 0.0875
6 0.37265625 0.49296875 0.0875 0.084375
2 0.6859375 0.88671875 0.0875 0.0859375
34 0.2546875 0.3453125 0.0875 0.084375
6 0.2859375 0.38984375 0.090625 0.0890625
40 0.48203125 0.62890625 0.0890625 0.0859375
24 0.44453125 0.5796875 0.0875 0.084375
24 0.4078125 0.5375 0.0859375 0.0828125
32 0.56875 0.7375 0.090625 0.0875
7 0.64609375 0.83671875 0.090625 0.0890625
34 0.17734375 0.24765625 0.0890625 0.0859375
34 0.21953125 0.28671875 0.08125 0.08125
6 0.3390625 0.4328125 0.0875 0.0890625
37 0.53359375 0.6765625 0.090625 0.09375