17 0.5829908654038448 0.38267596536240783 0.10233531570031093 0.09769735376405234
27 0.6579501519531992 0.6881646200013126 0.1088583314853265 0.10263952174882966
17 0.5722206943995097 0.33221305034337983 0.1040798262236546 0.1008860207602467
17 0.595278033777344 0.4322939633852415 0.10077281570031094 0.09763368676785796
27 0.670373828219206 0.7401263680241462 0.1088583314853265 0.10263952174882984
40 0.698937714952087 0.8540787800774247 0.12392188936371688 0.12040002471457925
9 0.5483821050216755 0.23216397079961532 0.0956302893919517 0.08963018577927473
40 0.6861500176393927 0.7958670320545911 0.11565436305535748 0.11226918973360736
27 0.644836230948864 0.6377972054765761 0.10885833148532634 0.10263952174882966
9 0.559706012871831 0.27868880232054616 0.0940677893919517 0.08956651878308027
7 0.6313582888978415 0.5811797909518397 0.10068181043863902 0.09607118676785795
15 0.5233450366905286 0.1384285582520452 0.1040798262236546 0.10088602076024666
7 0.6168638784168501 0.5340010434232976 0.10389781570031094 0.0977610207602467
7 0.6044857047816791 0.4828205454004639 0.0939767841302798 0.08800401878308044
9 0.5354046919098481 0.18414030627487885 0.09893729991529554 0.09288251977166348
35 0.5101401104245216 0.08649864372730875 0.1106938472703419 0.10739068874502422