28 0.7188448212215256 0.20116049228320448 0.13845620636839726 0.13552187278026223
23 0.7004453786480898 0.26451815193813044 0.13338606909549372 0.13050659084927707
41 0.5749340351759666 0.6135069450169806 0.11973815727678297 0.11557000569998319
41 0.5939712065375753 0.5579617853620544 0.1232457945496865 0.12047602698730664
41 0.5559606366931755 0.6698333546719065 0.1232457945496865 0.12047602698730664
33 0.7488992409161442 0.13620212780081542 0.1367661606107628 0.13385011213660053
13 0.631726684866706 0.4429652160522025 0.1298784318225902 0.12560056956195353
18 0.6737232530441158 0.32217211481136515 0.13338606909549372 0.13050659084927707
13 0.6535699918342281 0.3832952851099529 0.12818838606495558 0.1239288089182919
33 0.7745850250048492 0.07547779524941158 0.1367661606107628 0.13385011213660053
13 0.6104733092627319 0.5002367666726211 0.12311824879205205 0.11891352698730664
38 0.5353609653315669 0.7254877749704943 0.1232457945496865 0.12047602698730664
38 0.4954052582142635 0.8327811049240081 0.1232457945496865 0.12047602698730664
38 0.513916271091141 0.7804155755909129 0.1232457945496865 0.12047602698730664
15 0.47486935973147226 0.8892167752225959 0.13000597758022464 0.12716306956195353