3 0.4340020273939089 0.3178543327950109 0.11370914772027056 0.10029210064862308
3 0.41412631266198047 0.25170718141503917 0.11718934523075948 0.10503414772652375
3 0.39377700124939985 0.17931003003506737 0.12043274440092269 0.10665119480442446
33 0.37432733900698223 0.10846174188562045 0.1254754419114117 0.11142051542127547
33 0.3587722713706243 0.04771515665827282 0.1178046518694554 0.09256142126547415
29 0.4690067572726845 0.4494492061718055 0.11202824855010754 0.09870232710967279
29 0.4514155929556745 0.3824798944834082 0.11046574855010753 0.09867505357072241
13 0.5771576023029514 0.8340093924548133 0.11527164772027057 0.10031937418757338
29 0.4874975707598576 0.5179673810907277 0.1153900468904336 0.10188187418757337
13 0.5623837846665936 0.7732491704579905 0.1134723493799445 0.09716710064862326
13 0.5907241174497985 0.8994843879905865 0.11527164772027057 0.10031937418757338
26 0.5078585375663784 0.5801946457012243 0.11527164772027057 0.10031937418757338
26 0.5255089014684702 0.6479452073896215 0.1185150468904336 0.10193642126547413
26 0.543526118274991 0.7102133823085437 0.11527164772027057 0.10031937418757338