4 0.6024206399188674 0.6047469700827235 0.10110906134627218 0.09647610534690845
4 0.6212519085773678 0.6651304867520416 0.10110906134627218 0.09647610534690845
34 0.6385388585694136 0.7239333220878141 0.09952838001272664 0.09489542401336308
34 0.6580695612269595 0.7913571794239049 0.10110906134627218 0.09647610534690862
38 0.5387052272835933 0.37272426340704207 0.094768154678545 0.08859088001272664
34 0.6769008298854599 0.8517406960932231 0.09634883601209036 0.090171561346272
19 0.586714371260367 0.5443998160804963 0.09634883601209036 0.09017156134627217
19 0.5529035399427299 0.4283657360757238 0.09318747334499947 0.08701019867918128
38 0.5214091866247746 0.3147026780712695 0.09634883601209036 0.09017156134627217
19 0.5686370806015484 0.486369140077951 0.094768154678545 0.08859088001272682
3 0.5048671239656379 0.2590339334022696 0.094768154678545 0.08859088001272664
3 0.4891335833068194 0.20103052940004237 0.09951019867918127 0.09333292401336299
3 0.47258242998090993 0.14614303473104248 0.096330654678545 0.08860906134627214
15 0.4575755953214551 0.09283622139558804 0.10110906134627218 0.09647610534690845