39 0.6606686593421198 0.676309494905871 0.10934155925034225 0.11305880937615384
4 0.4248040525199178 0.5028965715577715 0.11094952335696498 0.11472143892580319
9 0.2800023663891136 0.4039410325396832 0.1061256310370969 0.10973355027685514
9 0.23141410220334863 0.36885583127537896 0.106125631037097 0.10973355027685514
4 0.3778010203874641 0.4686927498431165 0.10934155925034235 0.11305880937615384
34 0.1850786598043383 0.3307958243355486 0.11094952335696498 0.11472143892580319
4 0.4695542628656167 0.5400751989479524 0.10934155925034225 0.11305880937615384
9 0.3270053985215672 0.43814485425433825 0.106125631037097 0.10973355027685514
11 0.5181197949980703 0.5743791502122567 0.11094952335696498 0.11472143892580319
1 0.610449698996421 0.6387804140919174 0.10612563103709682 0.10973355027685514
34 0.13327446740532797 0.2923853639719457 0.11094952335696498 0.11472143892580319
6 0.5620432912371467 0.609945212827613 0.10934155925034225 0.11305880937615384
39 0.7052370132613281 0.707238122296052 0.10934155925034225 0.11305880937615384
39 0.7492059736070271 0.7443666849114082 0.11416545157021041 0.1180466980251019
5 0.7960044172596786 0.7715392566260633 0.10934155925034225 0.11305880937615384