40 0.1401944031986382 0.3191209766189896 0.08213479282674849 0.085041271539425
40 0.23524482324512438 0.3744418971696789 0.08369729282674854 0.08515053218308673
14 0.4239634797979573 0.49362285794922667 0.06897922896477801 0.07479218639013112
14 0.5210298679134583 0.5537951694654085 0.07221348960843983 0.07657320767745475
14 0.47388707014303133 0.5206659591900639 0.07722877153942491 0.08158848960843983
40 0.18621174354371217 0.3458909262506725 0.0836972928267485 0.08515053218308673
41 0.3734771607402068 0.4634001263865585 0.077228771539425 0.08158848960843983
9 0.7279522212479825 0.6820997579688971 0.08224405347041035 0.08660377153942492
18 0.7806730296620713 0.7140488804970578 0.08224405347041017 0.08660377153942492
14 0.571461556649378 0.5847991510280767 0.07210422896477801 0.07501070767745457
9 0.6769031734775555 0.6486973960843981 0.07890053218308672 0.08326025025210164
41 0.32851422200428715 0.4327785570767064 0.07890053218308672 0.08326025025210164
18 0.8357375880761602 0.7461618939907112 0.0906028566887187 0.09496257475773362
5 0.09345044317539508 0.2915151466654758 0.08213479282674849 0.085041271539425
41 0.280207761981044 0.4050634664795309 0.07890053218308672 0.08326025025210164
9 0.6225652347416359 0.6174202629125757 0.07544775025210164 0.07835422896477802