17 0.4203125 0.5515625 0.0484375 0.0546875
27 0.7375 0.57109375 0.046875 0.0625
17 0.36796875 0.55 0.05 0.05625
17 0.47265625 0.5546875 0.0484375 0.05625
27 0.79140625 0.5734375 0.046875 0.0625
40 0.909375 0.58125 0.0625 0.0640625
9 0.26484375 0.54453125 0.040625 0.0546875
40 0.84921875 0.5796875 0.05625 0.0625
27 0.6859375 0.5671875 0.046875 0.0625
9 0.3125 0.54765625 0.040625 0.053125
7 0.62734375 0.5640625 0.04375 0.0578125
15 0.16640625 0.5359375 0.05 0.0546875
7 0.57734375 0.55859375 0.0453125 0.059375
7 0.5234375 0.5546875 0.0375 0.05625
9 0.21484375 0.540625 0.040625 0.059375
35 0.1125 0.5328125 0.0546875 0.05625