17 0.4032387999284124 0.4963231674172877 0.08221361067790856 0.08896925684847723
17 0.49288310260186663 0.4395744147179954 0.0806329293443632 0.0872883576783142
17 0.536914913271821 0.41204048795343073 0.07905224801081764 0.08560745850815117
17 0.44649845126513943 0.4680671902378045 0.08221361067790874 0.08896925684847723
27 0.7634057826225475 0.26686600744995526 0.0837942920114541 0.09065015601864027
27 0.7178114719525931 0.2945183333846829 0.08381247334499946 0.09221265601864026
27 0.8090546372931382 0.23452618151522753 0.086955654678545 0.09401195435896632
7 0.5786575179424117 0.3799966599441106 0.07907042934436319 0.08716995850815126
5 0.858573379296638 0.20501535765509224 0.09327838001272681 0.10073555103961844
37 0.2176820132479585 0.6118567694965245 0.08855451734563582 0.09725535352912935
7 0.6242518286123662 0.35234433400938286 0.08065111067790856 0.0888508576783142
12 0.3606876732575035 0.5307699450116894 0.08695565467854482 0.09401195435896632
37 0.17438599924414047 0.6432377466760076 0.09013519867918127 0.09893625269929238
7 0.6714631832829568 0.31988610890449215 0.08065111067790856 0.0888508576783142
12 0.2640757552514583 0.5825827439767154 0.08695565467854491 0.09401195435896632
12 0.30731722525464 0.5558892667972322 0.09645792401336299 0.1056598493799445