2 0.7171875 0.19609375 0.1140625 0.1046875
4 0.40703125 0.5109375 0.1203125 0.1109375
9 0.1890625 0.72578125 0.1125 0.1046875
34 0.31875 0.5984375 0.1203125 0.1109375
4 0.36171875 0.55234375 0.1203125 0.1109375
34 0.27421875 0.64140625 0.1171875 0.1078125
9 0.23125 0.684375 0.115625 0.10625
29 0.53359375 0.3734375 0.103125 0.0953125
24 0.49453125 0.42421875 0.125 0.115625
24 0.44921875 0.465625 0.121875 0.1125
2 0.7625 0.15234375 0.1203125 0.1125
13 0.67265625 0.24296875 0.1265625 0.115625
13 0.628125 0.284375 0.115625 0.10625
29 0.58203125 0.32890625 0.10625 0.0984375
5 0.14453125 0.77578125 0.1328125 0.121875