16 0.684375 0.56171875 0.059375 0.071875
36 0.57890625 0.575 0.059375 0.071875
16 0.7921875 0.54609375 0.059375 0.0703125
36 0.63125 0.56796875 0.059375 0.0703125
36 0.5265625 0.5828125 0.059375 0.071875
23 0.1640625 0.63828125 0.0609375 0.06875
23 0.05703125 0.65234375 0.0703125 0.071875
36 0.471875 0.590625 0.0578125 0.0671875
21 0.2171875 0.63203125 0.0625 0.0734375
23 0.11484375 0.6453125 0.0625 0.0703125
16 0.73828125 0.55390625 0.059375 0.071875
21 0.2671875 0.62265625 0.059375 0.071875
35 0.84609375 0.53984375 0.065625 0.071875
20 0.9015625 0.53359375 0.065625 0.0734375
3 0.4234375 0.5984375 0.059375 0.0734375
3 0.37109375 0.609375 0.0578125 0.065625
3 0.31875 0.61484375 0.0625 0.0703125