16 0.41912461640084897 0.952641648326239 0.09274451089576327 0.07550906010845856
16 0.4329246724691493 0.8893058561717613 0.09296303218308673 0.07863406010845893
16 0.44766986950294213 0.8236217688377436 0.09430701089576328 0.0755181504675381
4 0.5499082567852639 0.3443155430382405 0.0975412715394249 0.07709883118569749
4 0.5642546160718729 0.27316725088376276 0.09765053218308672 0.07866133118569749
4 0.5801634753584819 0.2020098683702055 0.09597877153942509 0.07708974082661779
9 0.5948376165760759 0.12617407621572774 0.09252598960843983 0.07238406010845858
22 0.490670742535306 0.6218910971947708 0.08147922896477802 0.07075792759490121
22 0.4766521651796823 0.6883518893492484 0.08158848960843983 0.0723204275949012
22 0.462469696858566 0.7571564315037261 0.08147922896477802 0.07075792759490121
9 0.6107464758626849 0.055016693702170424 0.08761996832111638 0.06923178903121974
19 0.518871788212046 0.4866257628858154 0.09096348960843983 0.07237496974937904
19 0.5055252002127606 0.5546445098607533 0.08772922896477801 0.07079428903121965
19 0.5341086581423168 0.4139104255517978 0.09107275025210164 0.07393746974937905