28 0.553125 0.6144595178562542 0.10625 0.11367972376899793
41 0.7515625 0.6189606196012946 0.115625 0.12527278763096844
26 0.23828125 0.6111934981584146 0.096875 0.10521165990702759
3 0.803125 0.6210037208421317 0.1125 0.12192926634364483
36 0.41171875 0.6162901796048672 0.1 0.10699268119435104
36 0.3234375 0.6148044532379792 0.1015625 0.11022694183801285
30 0.153125 0.60992629307885 0.1046875 0.11200796312533612
3 0.85859375 0.6201949736921234 0.1203125 0.13028806956195355
39 0.459375 0.6180601292365502 0.0984375 0.10532092055068923
35 0.19765625 0.6122589714232095 0.1078125 0.11691398441265974
38 0.7 0.6192612683604573 0.1078125 0.11691398441265974
23 0.5046875 0.6165411879027405 0.1046875 0.11357046312533611
33 0.65078125 0.6189445580851126 0.1078125 0.11691398441265974
33 0.6015625 0.618627847809768 0.1078125 0.11691398441265974
31 0.28125 0.6141981658591124 0.1 0.10699268119435104
31 0.36953125 0.6172463922260003 0.096875 0.10521165990702759
25 0.1125 0.6102105163436449 0.1046875 0.1135704631253363
20 0.0703125 0.610385478964778 0.1125 0.12192926634364483