16 0.7084466485070612 0.1542231512532257 0.10353989926336578 0.09925985376405229
16 0.6344467837725706 0.2601110539149641 0.09986859604505724 0.09132001977166349
16 0.6693023850134079 0.20982189383885191 0.10510239926336595 0.09932352076024671
23 0.31095075552475626 0.7295508261209044 0.09986859604505716 0.0913200197716634
5 0.22253882952618528 0.8622731428130876 0.1000871173323806 0.09444501977166339
23 0.3430801945127774 0.6846349155505006 0.09674359604505715 0.09119268577927464
41 0.569423081290896 0.36088037505577153 0.09986859604505724 0.09132001977166357
23 0.281946316536735 0.7745940706836969 0.09830609604505716 0.09125635277546902
41 0.6034428022099025 0.3113406314815622 0.10164961733238069 0.09450868676785795
38 0.43946851147684096 0.5498871838392894 0.09496257475773362 0.08800401878308026
14 0.5339501210155515 0.4087939516337865 0.09005655347041017 0.08468801779449713
38 0.408011061845158 0.5963974279077904 0.09663433540139543 0.08963018577927465
38 0.37588162285713683 0.6413133384781942 0.09986859604505724 0.0913200197716634
14 0.5001489213838685 0.4552086952079959 0.09183757475773362 0.08787668479069151
20 0.191245270859995 0.9064396368815885 0.09518109604505716 0.09112901878308008
14 0.4694727217521856 0.501750772774594 0.09005655347041017 0.08468801779449713
35 0.25299650787054473 0.8188560652464896 0.09663433540139543 0.08963018577927465