40 0.8757572867977892 0.5944373943613858 0.10030563861970414 0.09975777297895938
40 0.7806361749132902 0.5471699730158711 0.10197739926336577 0.10142040252860873
14 0.5899569085696452 0.4463851303248417 0.08693155347041034 0.08645673658176474
14 0.4914922753978228 0.3961929680786256 0.08860331411407199 0.088119366131414
14 0.5389353579492266 0.42375796113879527 0.09372785668871889 0.09466975478036196
40 0.8286966164992015 0.5723411513012161 0.10197739926336595 0.10142040252860855
41 0.6396344804773874 0.4722374290605374 0.09372785668871889 0.09466975478036196
9 0.28218869519220746 0.28718461520856337 0.10197739926336587 0.10142040252860855
18 0.22927686264080363 0.25997007557216634 0.10197739926336587 0.10142040252860855
14 0.44097882316824977 0.36960948411775457 0.08693155347041034 0.08645673658176474
9 0.3344831687091039 0.3167929696197851 0.09529035668871888 0.09476988433001132
41 0.6861870523851294 0.4982899868955317 0.09529035668871888 0.09476988433001132
18 0.17324003008939978 0.2329557950350679 0.11033620248167449 0.10973355027685523
5 0.9228725874182079 0.6173148874215555 0.09863387797604233 0.09809514342931003
41 0.7341382333273789 0.5218986651808768 0.09529035668871888 0.09476988433001132
9 0.3879577299731843 0.34083244448135747 0.0902750747577337 0.08978199568106326