39 0.44601417037546237 0.7128861640939874 0.11869500569998319 0.11416545157021041
4 0.555797987843729 0.42511572796318325 0.12036676634364482 0.11577341567683294
9 0.6270277676810272 0.25385684191152136 0.11524222376899793 0.10938702335696497
9 0.6489845311746805 0.19630275468536054 0.11535148441265974 0.11094952335696498
4 0.5768642406937206 0.3691468727903337 0.11869500569998319 0.11416545157021041
34 0.6687614356338265 0.1364731136191337 0.11869500569998319 0.11416545157021037
4 0.5361303440282448 0.4833828690294101 0.11869500569998319 0.11416545157021041
9 0.604235123865543 0.3122149111909935 0.11535148441265974 0.11094952335696498
11 0.5141735805345915 0.5409369562555708 0.12036676634364482 0.11577341567683312
1 0.46746283547826994 0.6514485589211378 0.11524222376899793 0.10938702335696497
34 0.6934443613802959 0.07338208023303885 0.12036676634364482 0.11577341567683304
6 0.4937793170409382 0.598445579375109 0.11869500569998301 0.11416545157021041
39 0.4243851888127942 0.7657527513201481 0.11869500569998319 0.11416545157021041
39 0.4055534253191409 0.8232159103330637 0.1253820482746301 0.12059730799670092
5 0.3800181937564727 0.8761961578257813 0.11869500569998319 0.11416545157021041