33 0.353125 0.35703125 0.0796875 0.078125
28 0.6328125 0.665625 0.084375 0.0828125
28 0.6984375 0.73203125 0.084375 0.0828125
4 0.41796875 0.42265625 0.0734375 0.071875
4 0.44765625 0.4578125 0.075 0.071875
33 0.296875 0.28828125 0.08125 0.08125
33 0.32265625 0.32265625 0.08125 0.0796875
4 0.3859375 0.39140625 0.075 0.0734375
28 0.6640625 0.69921875 0.0828125 0.0828125
13 0.540625 0.56015625 0.075 0.071875
13 0.6015625 0.63203125 0.0796875 0.078125
13 0.56953125 0.59765625 0.0796875 0.078125
3 0.5046875 0.52734375 0.0796875 0.078125
3 0.4734375 0.49609375 0.0828125 0.08125