16 0.5328125 0.534375 0.0765625 0.084375
16 0.63203125 0.6 0.0765625 0.084375
16 0.58203125 0.5671875 0.0765625 0.084375
8 0.684375 0.63515625 0.0703125 0.08125
8 0.734375 0.6671875 0.071875 0.08125
1 0.23203125 0.33671875 0.0828125 0.0875
18 0.7828125 0.69921875 0.0796875 0.0859375
18 0.834375 0.73359375 0.08125 0.0875
41 0.43046875 0.46875 0.0796875 0.0859375
1 0.28125 0.3703125 0.0859375 0.09375
18 0.88671875 0.765625 0.0890625 0.0921875
41 0.38125 0.43515625 0.084375 0.0890625
30 0.18046875 0.30390625 0.084375 0.0875
41 0.4796875 0.5 0.0796875 0.0859375
5 0.13203125 0.26875 0.08125 0.0875
1 0.33125 0.4015625 0.0796875 0.0859375