16 0.73828125 0.9553907639561828 0.1078125 0.08921847208763438
16 0.703125 0.9061860731976358 0.109375 0.10665672249741007
16 0.665625 0.8466269826270952 0.109375 0.10509422249741007
4 0.39609375 0.4114171129013348 0.1125 0.1099272717116218
4 0.35625 0.34706136042013547 0.1140625 0.11156254631872767
4 0.3171875 0.28352324524248906 0.1109375 0.10829199710451594
9 0.27578125 0.2144072181541838 0.10625 0.10026117328319835
22 0.55234375 0.6640070736119206 0.096875 0.09513702564056317
22 0.5890625 0.7235297768789082 0.0984375 0.09677230024766903
22 0.62734375 0.7862502547530018 0.0953125 0.0935017510334573
9 0.2359375 0.15005146567298447 0.1015625 0.09691784946188076
19 0.47734375 0.5402013924708394 0.10625 0.10026117328319835
19 0.5140625 0.6028490957378271 0.103125 0.09699062406898662
19 0.4375 0.4750643899896401 0.10625 0.10182367328319834