17 0.5 0.396875 0.046875 0.0609375
17 0.44375 0.396875 0.0484375 0.0625
40 0.27734375 0.3953125 0.0484375 0.0625
4 0.6765625 0.396875 0.05 0.065625
17 0.38828125 0.3953125 0.046875 0.059375
4 0.73671875 0.3984375 0.0515625 0.0640625
3 0.61640625 0.39765625 0.05 0.0640625
4 0.79921875 0.3984375 0.053125 0.0640625
40 0.221875 0.39609375 0.0484375 0.0609375
9 0.9265625 0.40234375 0.05 0.0671875
9 0.859375 0.39765625 0.05 0.0640625
35 0.1671875 0.39609375 0.053125 0.065625
3 0.55703125 0.396875 0.0484375 0.0640625
40 0.33203125 0.39609375 0.05 0.0625
9 0.98203125 0.40078125 0.0359375 0.06875
10 0.11328125 0.39921875 0.05625 0.065625
0 0.06171875 0.3953125 0.0578125 0.0640625