12 0.5400003010717294 0.7678967446844747 0.08318068114108108 0.0791762449116172
12 0.5682922750168814 0.8231541327441156 0.08481595574818712 0.08082063206674697
12 0.42641502832665024 0.5546387488683463 0.07656680810555194 0.07103619629109836
34 0.5988916116584806 0.8777531015364513 0.08154540653397539 0.07753185775648745
34 0.6288916348178443 0.9362173767512217 0.08154540653397539 0.07753185775648745
2 0.3701949534718755 0.4519364727490644 0.07998290653397522 0.07744997060135787
40 0.481926627788531 0.6588625814100632 0.08161818114108108 0.07909435775648763
27 0.3188443151348652 0.35338610809517185 0.07649403349844608 0.06947369629109837
22 0.2924787142252424 0.30602310719066067 0.07671235731976359 0.07416119629109837
32 0.3420121414373821 0.3990228346894235 0.07820208271265772 0.07268058344622812
40 0.4537438157540377 0.6059489433504222 0.08318068114108108 0.07917624491161739
40 0.5093645771265772 0.7125165258921392 0.08481595574818694 0.08082063206674714
34 0.6597820698878669 0.9799519301214392 0.07983735731976367 0.04009613975712156
15 0.27069145140496087 0.2565620177515388 0.07983735731976367 0.07432497060135787
7 0.40057596629215697 0.5018479415413999 0.07820208271265763 0.07268058344622812
35 0.24347182588823219 0.20759557326946276 0.0766395827126578 0.07259869629109836
20 0.21487163688926816 0.162453491632257 0.07991013192686944 0.07588747060135788