28 0.41474807760833476 0.5790890458415264 0.10386055103961844 0.09952824855010753
41 0.416314268069854 0.7864046383729935 0.1107025468904336 0.10781434523075965
26 0.41199605021442587 0.252431457459244 0.09701855518880328 0.09124215186945542
3 0.41559314027031524 0.8391035858834826 0.10734074855010753 0.1044525468904336
36 0.40908730561301054 0.4317996487459557 0.09713695435896633 0.09280465186945541
36 0.4092514037435552 0.34064185248022216 0.09881785352912935 0.09448555103961845
30 0.40915354751513344 0.16307295953383644 0.10206125269929238 0.09628484937994441
3 0.4175709599812656 0.8963124346387271 0.11574524440092268 0.11285704274124875
39 0.4089106294731458 0.4813143966713634 0.09713695435896633 0.09280465186945541
35 0.4087400730349427 0.20946270745924397 0.10397895020978147 0.10109074855010754
38 0.4137327971141481 0.7315987392028305 0.10397895020978147 0.10109074855010754
23 0.41174055416311806 0.5290298462564449 0.1021796518694554 0.0978473493799445
33 0.4130690236689314 0.6813619408625045 0.10397895020978147 0.10109074855010754
33 0.41228685105355156 0.6295626425221784 0.10397895020978147 0.10109074855010754
31 0.4090612269789905 0.2966550541398961 0.09869945435896632 0.09292305103961844
31 0.4081158788484459 0.38787204999071123 0.09701855518880328 0.09124215186945542
25 0.4074600703356503 0.11998581036367342 0.1021796518694554 0.09784734937994446
20 0.40744749232633015 0.07834276202334738 0.10745914772027057 0.10601504689043355