17 0.5047821503811708 0.44389171608047295 0.06668624203690499 0.07697683030538141
17 0.45178595299788926 0.4238663874420815 0.0683397472985769 0.07866687606301603
40 0.2951411108480447 0.3639817201633589 0.0683397472985769 0.07866687606301585
4 0.6722734872693434 0.5062317036626374 0.07008425782192056 0.08191942182065048
17 0.3996165082454436 0.4031235816825072 0.06503273677523316 0.07528678454774677
4 0.7282126741292811 0.5296371238162978 0.07164675782192056 0.08204696757828493
3 0.6145897898860619 0.48582373775134224 0.06999325256024883 0.08035692182065049
4 0.7873678662508908 0.5517351354852275 0.07320925782192056 0.08217451333591956
40 0.24209941083392725 0.3447376415249674 0.06824874203690508 0.07710437606301594
9 0.9062319873399307 0.5999011817019039 0.07173776308359266 0.08360946757828494
9 0.8442703136341724 0.5720793285177053 0.06999325256024883 0.08035692182065049
35 0.1906202108198098 0.32562110864421046 0.07330026308359247 0.08373701333591957
3 0.5593408477644523 0.464044590476499 0.06843075256024882 0.08022937606301603
40 0.3465748082313262 0.38387950304411583 0.0699022472985769 0.07879442182065048
9 0.9507709426157198 0.6168812586733055 0.04039675782192056 0.07949605242559432
10 0.1389590002823487 0.3096295757634535 0.07642526308359247 0.08399210485118865
0 0.09156806079157495 0.28770690727678294 0.07798776308359245 0.0841196506088231