23 0.38515625 0.56875 0.065625 0.06875
23 0.4328125 0.55078125 0.0625 0.065625
37 0.62109375 0.48671875 0.0625 0.065625
38 0.13203125 0.65078125 0.071875 0.071875
38 0.184375 0.6328125 0.06875 0.071875
37 0.575 0.5015625 0.0625 0.065625
37 0.52578125 0.51796875 0.0625 0.0671875
37 0.4796875 0.5328125 0.0625 0.0671875
38 0.0765625 0.671875 0.078125 0.0765625
1 0.71015625 0.46015625 0.06875 0.06875
1 0.75703125 0.44453125 0.06875 0.06875
25 0.80234375 0.42890625 0.065625 0.065625
3 0.2890625 0.59921875 0.065625 0.0703125
15 0.2359375 0.61953125 0.0671875 0.0703125
15 0.3375 0.584375 0.065625 0.0703125