12 0.48671875 0.7703125 0.084375 0.0859375
12 0.45546875 0.81796875 0.084375 0.0859375
12 0.61171875 0.58828125 0.0765625 0.075
34 0.421875 0.8640625 0.0828125 0.0828125
34 0.3890625 0.91484375 0.0828125 0.0828125
2 0.6734375 0.50078125 0.0796875 0.0796875
40 0.5515625 0.6765625 0.0828125 0.084375
27 0.73046875 0.41640625 0.0765625 0.075
22 0.75859375 0.3765625 0.078125 0.078125
32 0.7046875 0.45625 0.0796875 0.078125
40 0.58203125 0.63203125 0.084375 0.0859375
40 0.5203125 0.7234375 0.084375 0.0859375
34 0.35390625 0.96328125 0.08125 0.0734375
15 0.78359375 0.3328125 0.08125 0.08125
7 0.640625 0.54296875 0.0765625 0.075
35 0.8140625 0.29140625 0.078125 0.0765625
20 0.8453125 0.2546875 0.0796875 0.0796875