28 0.5546378974440211 0.510891755081072 0.12404302000387943 0.10648934389007839
28 0.5663085921434888 0.5771161486545813 0.12066292848861018 0.10327341567683312
8 0.4914374272806622 0.19713914364001628 0.11208515394280312 0.09367109514371963
34 0.6217764395778117 0.8441074203621936 0.11546524545807202 0.09688702335696497
34 0.6366359071560967 0.9110221357224575 0.11728283697334127 0.1000574874635877
41 0.6084794719995267 0.777147240895307 0.12442565727678297 0.1111768438900782
13 0.5024703931919573 0.25555103721352557 0.11910042848861017 0.1032279515702104
33 0.5794780139641393 0.6425138281214677 0.12417056576151389 0.10805184389007838
38 0.5944012544212416 0.7102097934817317 0.12417056576151389 0.10805184389007838
34 0.64286980276395 0.9586101895625234 0.10251896424430526 0.05286423871722903
4 0.5185734963761559 0.3185140384671668 0.11234024545807202 0.09679609514371963
4 0.5424410442598224 0.447815093560874 0.11559279121570665 0.09844952335696497
5 0.4681438353063513 0.07486933854630906 0.1192279742462448 0.10479045157021036
4 0.5293991681968065 0.3839799140939874 0.11584788273097572 0.10157452335696497
3 0.48099439273291544 0.13636076801319566 0.11910042848861017 0.10322795157021036