2 0.9058689821059446 0.5558377214954561 0.07535855027685515 0.10512542069139794
4 0.48452610579549765 0.4788550550272002 0.07283432757475125 0.11440949247815269
9 0.19314083975636875 0.4220294273553155 0.07087130937615385 0.10811402837152997
34 0.3661370511997058 0.45669524703049913 0.07147208667404978 0.11748902837152997
4 0.4267438841731278 0.4654768651354724 0.07313471622369913 0.11909699247815268
34 0.3076236443521606 0.4440755750854599 0.06970932757475108 0.11431856426490725
9 0.24921036705426464 0.4330184031404207 0.0725339389258032 0.10972199247815251
29 0.6624403547157636 0.5050862490755632 0.06820738433001132 0.09088106426490725
24 0.6014027251661143 0.5017506489172787 0.07479734577334832 0.1207049565847754
24 0.5428392535437443 0.4883497269722394 0.07167234577334831 0.12061402837152997
2 0.9632514273578817 0.5685028575471179 0.0734971452842366 0.1114663489046432
13 0.8436495843576978 0.5462293892838602 0.08084708667404997 0.11776181301126591
13 0.785867362735328 0.5328511993921323 0.0740964389258032 0.10976745658477541
29 0.7250102058877828 0.5201633312871591 0.07007027297895937 0.09561402837152996
5 0.12945907155777145 0.413938131037097 0.08134773442229637 0.12557431301126593