27 0.5071125046234786 0.4300747202256076 0.0717934592838688 0.07500430810555195
37 0.5833257487633823 0.359920577959656 0.07169332973421945 0.07344180810555186
32 0.65968918722776 0.29211018569370434 0.0782437183831675 0.0784204065339753
32 0.6204357225452206 0.3276324627820095 0.07668121838316751 0.07834763192686936
40 0.25600628932263003 0.6690089034336034 0.08323160703211538 0.08332623035529281
32 0.5473474784053167 0.3976410558337495 0.0733559592838688 0.07507708271265763
40 0.32846347778700785 0.6013804476854163 0.07990634793281677 0.08005568114108108
32 0.6965989019102997 0.2566970705160579 0.0782437183831675 0.0784204065339753
40 0.2922849483296436 0.6359759255595099 0.08156897748246603 0.08169095574818712
4 0.7732930074012556 0.1818190409465533 0.07990634793281685 0.08005568114108116
4 0.7333584222683653 0.21894020533841146 0.07501858883351815 0.07671235731976359
7 0.43694900138427595 0.49681276406313585 0.0700307001845701 0.07180653349844608
7 0.36376062769472284 0.5652588571148758 0.07169332973421945 0.07344180810555194
7 0.400089351476561 0.5330071292407823 0.0733559592838688 0.07507708271265763
7 0.47577166949058824 0.4667956242783836 0.06348031153562203 0.06682793507002245
15 0.18135554518272617 0.7390902710924492 0.08000647748246603 0.08161818114108108
15 0.22144032464009045 0.704312856700591 0.07668121838316741 0.07834763192686936