16 0.33260710049533804 0.19875670432948087 0.0927012303552928 0.07864315046753823
16 0.5895872322128104 0.819615146755105 0.08943068114108108 0.07549996974937905
15 0.605160882336645 0.8689111648072817 0.0895762303552928 0.07862496974937869
24 0.42308235897239344 0.41406860782208116 0.08943068114108108 0.07549996974937905
34 0.4427078083104396 0.466512351771957 0.08288958271265763 0.06921360831306042
11 0.3553939371369372 0.2519998789975159 0.08943068114108117 0.07549996974937905
0 0.6486626333701023 0.9629575718650216 0.09106595574818713 0.07408485626995684
1 0.5067981951997078 0.6184066498783631 0.08623290653397522 0.07391928903121965
1 0.48795399586166166 0.565967451108027 0.08445208271265763 0.06922269867214012
34 0.46542187034493293 0.518193026439992 0.08288958271265763 0.06921360831306042
21 0.31190930272886835 0.14005841520006526 0.0944820541766104 0.08333974082661784
30 0.6309271697640325 0.919047520193476 0.08943068114108108 0.0754999697493787
24 0.37985243568919513 0.30759589402463056 0.08943068114108126 0.07549996974937905
24 0.4010403850272414 0.360048728333586 0.09106595574818695 0.07707156010845857
26 0.5484656184829062 0.724870273316734 0.08445208271265763 0.06922269867214012
1 0.5294394826270953 0.6685248245463982 0.08616013192686936 0.07235678903121964
21 0.5687267686067405 0.7741935624461496 0.08943068114108108 0.07549996974937905