8 0.2453125 0.4125 0.0359375 0.05625
8 0.14296875 0.41328125 0.0390625 0.0578125
8 0.19296875 0.409375 0.0375 0.0546875
33 0.5046875 0.4203125 0.04375 0.0578125
33 0.55546875 0.4203125 0.0453125 0.0578125
22 0.40234375 0.41796875 0.0421875 0.0515625
2 0.76484375 0.42265625 0.0453125 0.0546875
7 0.60859375 0.41796875 0.04375 0.05625
7 0.6609375 0.4171875 0.04375 0.0546875
22 0.4546875 0.41328125 0.0421875 0.05
22 0.353125 0.41796875 0.0421875 0.05
7 0.71171875 0.421875 0.0375 0.053125
22 0.296875 0.4171875 0.04375 0.05
2 0.81640625 0.4234375 0.0421875 0.046875
2 0.86875 0.41875 0.0453125 0.0484375