12 0.6604507328447342 0.256096296042019 0.09348923871722903 0.10530465186945541
6 0.37434105126627654 0.460208991277423 0.08866534639736087 0.10026195435896632
2 0.754725918579827 0.18631474707699303 0.09188127461060631 0.10362375269929239
34 0.23168820150370334 0.5626263641025842 0.08866534639736087 0.10026195435896632
6 0.2699323475844951 0.5315413848485087 0.09661423871722885 0.10554145020978148
40 0.5063064536152744 0.3672141626434029 0.09344377461060631 0.10374215186945542
24 0.4618805036944167 0.4011164885781306 0.08866534639736087 0.10026195435896632
24 0.4180766794003796 0.42949086492777677 0.08710284639736088 0.10014355518880329
32 0.6121412649771878 0.2910758699021542 0.09348923871722903 0.10530465186945541
7 0.7064164507122805 0.2212943209371283 0.09509720282385174 0.10698555103961845
34 0.1374130157686106 0.6324079130676102 0.09344377461060623 0.10374215186945542
34 0.1867992503292044 0.6075253896223934 0.08995506175762476 0.09100535352912935
6 0.3302788141984002 0.5066113172121507 0.09799488229073816 0.0994098493799445
37 0.5665165279093115 0.337596595007045 0.10429034639736087 0.10144594606059654