28 0.46573794889309017 0.5132786647693571 0.12308337516934209 0.11454551542127547
28 0.42311003561867866 0.5657081895261233 0.12300148801421251 0.11298301542127547
8 0.6639961437138504 0.2665105791349724 0.11305327792830404 0.10188187418757337
34 0.25276215683129183 0.7723012885531888 0.1164239393936934 0.10662392126547413
34 0.21005235640175052 0.8262933133099551 0.11806832654882315 0.10821369480442442
41 0.2961303765281385 0.7206666505658976 0.1263721494796016 0.11772506249917605
13 0.627904835482393 0.31358044804754004 0.11979460085908258 0.1113659683433748
33 0.38290775949939676 0.6166161245913152 0.12472776232447184 0.11613528896022593
38 0.33953953980255014 0.6682507625786064 0.12472776232447184 0.11613528896022593
34 0.1682466367049038 0.8779552248361966 0.11297139077317438 0.10031937418757338
4 0.5847413336733707 0.3613088360348312 0.11321705223856356 0.10500687418757337
4 0.5050770878572421 0.4639195929346901 0.11650582654882306 0.10818642126547413
5 0.7408662601767653 0.172452661926688 0.11987648801421233 0.11292846834337485
4 0.5453203075540889 0.41223040786949827 0.118150213703953 0.10977619480442442
3 0.7016499519453079 0.21946798376135504 0.11979460085908258 0.1113659683433748