17 0.6171875 0.4921875 0.0453125 0.059375
17 0.51640625 0.48984375 0.04375 0.0578125
17 0.4671875 0.48984375 0.04375 0.0546875
17 0.5671875 0.49140625 0.04375 0.0609375
27 0.21015625 0.4875 0.0453125 0.059375
27 0.26171875 0.4890625 0.04375 0.0625
27 0.15703125 0.4890625 0.0453125 0.0625
7 0.41640625 0.49296875 0.040625 0.059375
5 0.103125 0.4875 0.053125 0.0625
37 0.82421875 0.496875 0.04375 0.065625
7 0.365625 0.49140625 0.0421875 0.0609375
12 0.66875 0.4859375 0.046875 0.0625
37 0.87578125 0.49296875 0.046875 0.0671875
7 0.3109375 0.49296875 0.0390625 0.0609375
12 0.77265625 0.4953125 0.046875 0.0640625
12 0.7234375 0.49375 0.05 0.0703125