8 0.20730715426217294 0.49789192473806326 0.057744033498446076 0.0694491225281606
8 0.11095653908452649 0.5435646936795981 0.061014582712657715 0.07279264381548423
8 0.1565066335840085 0.5185757653352387 0.05767125889134013 0.0678866225281606
33 0.45446044417075965 0.39105814464866345 0.06577485731976367 0.0746829257464694
33 0.50298998945603 0.3689756950169805 0.06733735731976367 0.07479218639013112
22 0.357474128207325 0.43366054391202924 0.060796258891340126 0.06810514381548423
2 0.7010871952042169 0.27881024488109446 0.06562930810555194 0.0715579257464694
7 0.5524463339555121 0.3437136150634667 0.06413958271265763 0.07301116510280767
7 0.6010486538478881 0.3200686654317838 0.06406680810555195 0.07144866510280767
22 0.40544074731391283 0.4069452246021772 0.06072348428423435 0.06654264381548422
22 0.3105070829220547 0.45563373290005044 0.06072348428423435 0.06654264381548422
7 0.6509587626153938 0.30178320515643914 0.05767125889134021 0.06788662252816077
22 0.25721726302967857 0.4796064644627186 0.062285984284234264 0.06665190445914586
2 0.7503979904894873 0.25667316492758074 0.059015435070022625 0.06330838317182241
2 0.7983646095960751 0.22995784561772864 0.06384848428423436 0.06676116510280768