12 0.35994099475821273 0.2681395894745142 0.12313471622369913 0.11987870174736122
12 0.36672072332041294 0.21118107465687533 0.12313471622369913 0.11987870174736122
12 0.32863522825765845 0.48805204597152807 0.10973355027685514 0.1055252610179167
34 0.37662545188261315 0.15429529502159756 0.11970932757475108 0.1151184665650001
34 0.382824189544112 0.09419359640836839 0.11970932757475117 0.11511846656500009
2 0.31167016888150456 0.5940656566288545 0.11638406847545246 0.111920731382639
40 0.343306602408637 0.38120263392743087 0.12137195712440044 0.11671733415618064
27 0.2981304981542987 0.695464502468542 0.10973355027685523 0.1055252610179167
22 0.29033898211516973 0.7437928996950003 0.11305880937615384 0.10872299620027785
32 0.303528199418603 0.6478628038553127 0.11472143892580319 0.11032186379145834
40 0.33594588294573535 0.4350179649494795 0.12313471622369913 0.1198787017473613
40 0.35003626619601247 0.32502536910979196 0.12313471622369905 0.11987870174736122
34 0.39202801125876696 0.04824531677309061 0.11281897748246603 0.08063436379145843
15 0.28786602175156684 0.7945923334905906 0.11804669802510181 0.1135195989738195
7 0.3228870735695815 0.5411224945847573 0.10973355027685514 0.1055252610179167
35 0.2783618113879639 0.8452281131258683 0.1129586798265045 0.10716049620027804
20 0.2667141101236596 0.8926843413743752 0.11638406847545255 0.111920731382639