17 0.5270160326743858 0.5741212177062754 0.08979455417661057 0.08331246974937905
17 0.4899676428896334 0.6149507507855668 0.08979455417661039 0.08331246974937905
40 0.38034858623182355 0.7382115096643614 0.09142982878371626 0.08488406010845857
4 0.6455563250641718 0.44377921185254304 0.09470037799792799 0.0880272408266178
17 0.45522661580132817 0.6565478983262389 0.08659677956950454 0.08173178903121965
4 0.6843855386702418 0.39825308841417206 0.09633565260503385 0.08959883118569749
3 0.6052737733687608 0.48697067564999375 0.09470037799792799 0.08802724082661798
4 0.7263761395798645 0.3519275342576417 0.09633565260503385 0.08959883118569749
40 0.3432638091435184 0.7798222927436529 0.08979455417661039 0.08331246974937905
9 0.8081955279168748 0.25538381148320066 0.09633565260503403 0.08959883118569749
9 0.7666950785788286 0.3079548204601911 0.09470037799792799 0.0880272408266178
35 0.3062881939658719 0.8190893258229444 0.09797092721213971 0.09117042154477702
3 0.5664809470662439 0.5317155490883647 0.09142982878371626 0.08488406010845857
40 0.415798088713023 0.6981723169441498 0.09306510339082212 0.08645565046753809
9 0.8459160057909683 0.2168934832243695 0.08332623035529281 0.07858860831306051
10 0.2686404906988843 0.8560171540817756 0.09960620181924558 0.09274201190385653
0 0.23624321361057907 0.897600666083828 0.09797092721213971 0.09117042154477702