16 0.49845437737482634 0.04768560860522792 0.11024912860909737 0.09537121721045584
16 0.4931466686936109 0.16766894109117403 0.10385365824437506 0.10376016508343389
16 0.4961093209540624 0.10743080393604428 0.11028549620027786 0.11190021370395291
23 0.4691168358686105 0.7307421511770823 0.10385365824437506 0.10376016508343397
5 0.46546189295496454 0.8877734011770823 0.10548889342673622 0.10696705223856355
23 0.4727516353555202 0.6751505704443878 0.10069229065319459 0.10203389077317446
41 0.4911821655594789 0.28559674751360914 0.10385365824437506 0.10376016508343389
23 0.4686797715640618 0.7830449575995175 0.10229115824437507 0.10367827792830404
41 0.4941084502287498 0.2269211103584794 0.10705139342673622 0.1070489393936934
38 0.4820026148382982 0.5123639654014335 0.10061955547083343 0.09890889077317447
14 0.4874564470946178 0.3450945782463038 0.09585932028847229 0.0955382293077851
38 0.4807115653513884 0.5678327154014335 0.1022547906531944 0.10211577792830404
38 0.4771131334556592 0.6218617961341282 0.10385365824437506 0.10376016508343397
14 0.483040397607708 0.40072710255656324 0.09749455547083344 0.09874511646291495
20 0.4620634828107284 0.933208731909777 0.0988024823325695 0.08788950361804453
14 0.4825305981207982 0.45615490897899846 0.09585932028847229 0.09553822930778502
35 0.4682608910551034 0.8345665140219525 0.1022547906531944 0.10211577792830404