16 0.7078125 0.94375 0.1015625 0.0921875
16 0.6765625 0.88671875 0.103125 0.0953125
16 0.64296875 0.8265625 0.103125 0.09375
4 0.40390625 0.3859375 0.10625 0.096875
4 0.36875 0.32109375 0.1078125 0.0984375
4 0.33359375 0.25625 0.1046875 0.0953125
9 0.296875 0.18671875 0.1 0.0890625
22 0.54296875 0.64140625 0.090625 0.084375
22 0.575 0.7015625 0.0921875 0.0859375
22 0.609375 0.765625 0.0890625 0.0828125
9 0.26171875 0.121875 0.0953125 0.0859375
19 0.47578125 0.51640625 0.1 0.0890625
19 0.50859375 0.5796875 0.096875 0.0859375
19 0.440625 0.45078125 0.1 0.090625