23 0.36171875 0.540625 0.0484375 0.0578125
23 0.41171875 0.5421875 0.046875 0.0546875
37 0.60703125 0.55 0.046875 0.0546875
38 0.1 0.525 0.05625 0.059375
38 0.15390625 0.52734375 0.053125 0.059375
37 0.559375 0.546875 0.046875 0.0546875
37 0.509375 0.5453125 0.046875 0.05625
37 0.4609375 0.5421875 0.046875 0.05625
38 0.040625 0.52421875 0.0625 0.0609375
1 0.6984375 0.55859375 0.053125 0.05625
1 0.746875 0.56015625 0.053125 0.05625
25 0.79375 0.56171875 0.0515625 0.0546875
3 0.2625 0.53359375 0.05 0.0578125
15 0.20625 0.53359375 0.0515625 0.059375
15 0.31171875 0.5375 0.05 0.0578125