27 0.51015625 0.5515625 0.040625 0.059375
37 0.61484375 0.5578125 0.040625 0.0578125
32 0.7171875 0.5625 0.046875 0.059375
32 0.6640625 0.559375 0.046875 0.0578125
40 0.1625 0.52421875 0.053125 0.059375
32 0.5625 0.5515625 0.04375 0.0578125
40 0.26171875 0.53125 0.05 0.0578125
32 0.76875 0.56640625 0.046875 0.059375
40 0.21171875 0.52734375 0.0515625 0.059375
4 0.87578125 0.5765625 0.05 0.0578125
4 0.82109375 0.57265625 0.0453125 0.0578125
7 0.41328125 0.54375 0.040625 0.05625
7 0.3125 0.53671875 0.040625 0.0578125
7 0.3609375 0.5390625 0.04375 0.0578125
7 0.4625 0.54296875 0.034375 0.0546875
15 0.059375 0.5171875 0.05 0.059375
15 0.1125 0.51875 0.046875 0.0578125