28 0.48916734038099835 0.3763809243858146 0.07474001482874755 0.07240384890464338
41 0.36310354197760386 0.20689147532288676 0.08124468281352523 0.07883570533113407
26 0.692597452016535 0.6435470069931221 0.06979784684397003 0.0660174565847754
3 0.3312606343729496 0.16294524703049912 0.07968218281352524 0.07879024122451139
36 0.5836747326626134 0.49489289515635493 0.07148768083635879 0.06918792069139794
36 0.6401210508376713 0.5684955312080169 0.07148768083635879 0.06918792069139812
30 0.7483580206858846 0.7147831609914725 0.07467634783255335 0.07084134890464337
3 0.29404447726258703 0.1164961443649321 0.08293451680591399 0.08200616943775674
39 0.5540800745636676 0.4533586130239013 0.07148768083635879 0.06918792069139794
35 0.7201985285945499 0.6764193429656415 0.0763661818249421 0.07401181301126591
38 0.3973220330803553 0.25012464977520843 0.07642984882113649 0.07557431301126609
23 0.5227637489742358 0.41568511678482495 0.07311384783255334 0.07079588479802065
33 0.4292604411793011 0.2917271280675961 0.0779286818249421 0.07405727711788863
33 0.46119884927824695 0.3333296063599837 0.0779286818249421 0.07405727711788872
31 0.6675947934232976 0.6044928671805364 0.07142401384016459 0.06762542069139794
31 0.611212142244434 0.5293277311288745 0.06979784684397003 0.0660174565847754
25 0.7751141802677052 0.7491952649106808 0.07311384783255317 0.07079588479802065
20 0.8018385063514286 0.7843886188298891 0.07961851581733086 0.07722774122451134