5 0.8180148712312241 0.4806943399415647 0.3029008278894853 0.29414190271722324
31 0.3589274294066942 0.32749499510585856 0.2844378703131401 0.2779167019915838
1 0.22144314698497922 0.39967507386913187 0.26740986697916025 0.2601835649682752
32 0.39169084260253084 0.7000693995523622 0.27429759576733287 0.2682143197775986
15 0.6335771298560378 0.17922858757931195 0.2980857821318509 0.29241571161023067
21 0.7193227954677704 0.32744534356976174 0.2979582363742164 0.29085321161023064
36 0.6676957489612299 0.5588069601746503 0.2860003703131401 0.27797126569391467
37 0.44539057213960953 0.4749032192451429 0.2827478245555056 0.27629963828925297
34 0.5304187606301595 0.6239285070867581 0.281057778797871 0.274682574586922
32 0.5774061045613246 0.4029141134400276 0.2827478245555056 0.27629963828925297
17 0.4949927330402365 0.24752969819375065 0.29119805334367826 0.28438495680090714
19 0.3045899710814428 0.544848675413078 0.2675374127367947 0.2617460649682751