5 0.36081543911392383 0.2756672104291043 0.17594817021222245 0.18100200725639412
31 0.7113668318750699 0.6134251930907271 0.16780836189159737 0.16666668874473983
1 0.7190189437666673 0.7744991023465543 0.1551992591180557 0.161542679126093
32 0.3864064655181603 0.7714707837500819 0.16144925911805572 0.1617609339354164
15 0.6999506742962849 0.29063253383489995 0.17583906743868064 0.17631450725639414
21 0.535960909478646 0.2880283450901601 0.1711879350298613 0.17771331614940156
36 0.3687948593261462 0.45080361968493143 0.164792464665139 0.17124506134007814
37 0.5473406994662505 0.6092585043459873 0.16471972948277785 0.16812006134007812
34 0.3810253684442019 0.6073537200477511 0.16471972948277785 0.16812006134007812
32 0.5429226903481948 0.45298122249482187 0.16475609707395833 0.16968256134007814
17 0.7114544848011114 0.4494991023465543 0.16951633225631965 0.17297125244707062
19 0.5573547451534381 0.7711955091553107 0.15825152393569458 0.1585268065307547