5 0.22183160359000387 0.6089043784802455 0.2911778956185733 0.30727617650277406
31 0.6976810497499379 0.6398304944752438 0.27353575455234636 0.29044930942249503
1 0.8111561795333936 0.5334708698533961 0.25741064937949715 0.2721692029858776
32 0.5726405634734844 0.2827231987985037 0.2638879699126104 0.2804187455605245
15 0.47376486196978107 0.851600158860184 0.2864449315119506 0.29679968227963194
21 0.35445022380654817 0.7324725544788164 0.2863994674053279 0.3038233945717888
36 0.344977250066507 0.49304406772036824 0.2750982545523465 0.2905585700661568
37 0.5783209474800822 0.5179722839477976 0.27192779044572396 0.2887775487788332
34 0.45902904137016065 0.3937703234203514 0.27031982633910107 0.28710578813517146
32 0.47038276385656064 0.6223705708224613 0.27192779044572396 0.2887775487788332
17 0.58868883148668 0.7535491510280767 0.2799676109788372 0.2971363519971419
19 0.6948756131569154 0.4133936806132734 0.2574561134861195 0.27373170298587757