12 0.36050427632646587 0.2168650299522489 0.2875982545523465 0.2816419027172232
22 0.5290841624446347 0.6191566723330351 0.2876437186589692 0.28320440271722325
41 0.5574435285045439 0.8515227390305908 0.2949561134861197 0.2662897212288776
4 0.4565956778175339 0.13412820218084284 0.27478000580598766 0.2682564043616857
14 0.39251983979995025 0.45768843739397747 0.2731265775927424 0.26708832939624544
37 0.6220732959890142 0.5347419775978454 0.2876437186589692 0.283204402717223
1 0.2645038030486432 0.29748260209210026 0.29242214687221446 0.2864930938242158
37 0.7228067333734596 0.45239821435100147 0.29081418276559196 0.28487603012188495
41 0.5886998209953318 0.2869418838584476 0.2618708288463836 0.25576888347992954
32 0.8586580021780781 0.6115499811412245 0.252586757059629 0.2585665012659444
32 0.15846074003737715 0.37454858829710214 0.2715186134861197 0.26547126569391466
13 0.2895335806287503 0.5369890461943176 0.269910649379497 0.2638542019915837
36 0.42446720711350067 0.700855594835706 0.2763425058059877 0.27032245680090716
31 0.4917589733443298 0.3730554878494644 0.2699561134861197 0.2654167019915838
11 0.76256660068701 0.6952925532810758 0.26513222116625174 0.26056551088459123
41 0.6632592709826965 0.7822692528255889 0.27473454169936495 0.2687053930985762
41 0.5564122259181191 0.8601437708817562 0.26789350831327036 0.24817463828925312