12 0.7650473017056993 0.3957702249831186 0.3242451552154506 0.2938785483856422
22 0.33476458598247316 0.5022472808123588 0.32602617650277405 0.2970763229927481
41 0.13998658958876933 0.6247174019858613 0.27997317917753867 0.3036901960282773
4 0.7808740335204691 0.26966148925114225 0.3110895913534801 0.2839213515287954
14 0.5457349369712088 0.5142249342459623 0.312324309422495 0.27930662613590124
37 0.35282580715358103 0.3775918831697237 0.32758867650277407 0.297149097599854
1 0.7501657108564224 0.5194988234115421 0.3309321977900975 0.3004196468140655
37 0.3664726799338433 0.24924855934840612 0.32926043714643577 0.29878437220695975
41 0.579387943175395 0.2556846881749037 0.3007312455605245 0.26942220388616017
32 0.16358798055426194 0.23300078287927345 0.2814349423422159 0.2607364086008899
32 0.7448940667888365 0.6505668868937773 0.3075275487788332 0.27752580231458346
13 0.5359943141909466 0.6423863215495152 0.3075275487788332 0.2775258023145836
36 0.32329757223671823 0.6328251927230177 0.31243357006615674 0.2808691261359012
31 0.5610535703951328 0.38424633581753886 0.30607430942249503 0.2790155277074778
11 0.14591112059896183 0.3617807543432262 0.29182224119792366 0.272619978493266
41 0.13992356453066157 0.4918321273787555 0.27984712906132314 0.27930662613590124
41 0.1311825310486298 0.6271339265929672 0.2623650620972596 0.272619978493266