28 0.6556892798694868 0.240608760057145 0.20206309793005203 0.1932783430895541
1 0.5062128499814225 0.7498479255517978 0.19114890871793264 0.17291130093507653
33 0.6685030528904962 0.5661718414392342 0.19498430373891082 0.1823044816532356
28 0.33262106201405855 0.7735041150505557 0.18478050954776962 0.1713124394987581
6 0.3278654748811761 0.6095416090004315 0.1933034045687477 0.18073289129415607
16 0.4869714782051684 0.4266649556060271 0.20014540041956294 0.1885817527304745
6 0.3050730506154112 0.2816938649523599 0.20530649710021498 0.19485902380771342
14 0.6546801190769618 0.40850933236404785 0.20002700124939993 0.1870192527304745
14 0.6655053396084603 0.7293985492847563 0.19114890871793264 0.17291130093507637
2 0.49821386367837694 0.5874661002198328 0.19330340456874778 0.18073289129415607
28 0.3160194381632121 0.4464012595661656 0.18994160622842174 0.17758971057599685
20 0.4799905402424489 0.2611535850945223 0.20218149710021507 0.19484084308955413