28 0.415625 0.22048570450984192 0.2875 0.3133905277074778
1 0.36484375 0.7283196292407823 0.265625 0.2889341832079957
33 0.27890625 0.5096659826316045 0.275 0.30030833085063086
28 0.5234375 0.8053080066195377 0.2609375 0.28402835938667825
6 0.59140625 0.659173561210433 0.2734375 0.2986730562435252
16 0.5078125 0.4427545026905963 0.2828125 0.3100472038861602
6 0.740625 0.37019233623182357 0.290625 0.3197860769216895
14 0.35234375 0.3718705760976292 0.28125 0.30684942927905434
14 0.21875 0.6593428050051799 0.2640625 0.2888614086008898
2 0.4359375 0.5843833846174658 0.2703125 0.29696500702931344
28 0.6671875 0.5158002427657988 0.265625 0.2904966832079957
20 0.57890625 0.2949120080672798 0.2875 0.3149530277074778