37 0.7850151780712695 0.5023361428485934 0.2745112933640893 0.23447325455234652
30 0.27902880740767844 0.5397227633943421 0.2618112986950896 0.21692204169936496
29 0.724994193387952 0.38138479684694404 0.28712038136536205 0.24421196740532797
4 0.6704055960375437 0.25714932647211514 0.2902635626989076 0.24586539561857332
21 0.6263230727641319 0.6999876958307295 0.2854669746976349 0.23635400329870535
26 0.8536117314210413 0.6214749362638182 0.2696601613621805 0.22027436223247854
41 0.40763725477399504 0.7790316528112162 0.26342834269572607 0.22165500580598768
18 0.5678645880808144 0.5789908857224575 0.266516980028635 0.2186209340192331
28 0.503973716064588 0.4612781999873647 0.2696783426957259 0.22183686223247853
21 0.4392561407144978 0.3396819963055833 0.2665897053628168 0.2248709340192331
6 0.21436577605822457 0.42281405971256075 0.2665351613621804 0.2201834340192331
27 0.3405759294239049 0.657503645289369 0.257014710693817 0.20741064937949716