2 0.6483501398578271 0.40390625 0.25970674189573073 0.2203125
9 0.8294335398860619 0.43359375 0.26136024715740264 0.221875
12 0.4222595347655644 0.58359375 0.23692168927901225 0.2046875
37 0.09497305282848 0.5265625 0.18994610565696 0.225
39 0.2562389635918201 0.45625 0.2613602471574025 0.221875
40 0.5955304347937993 0.61328125 0.2530927208490432 0.2140625
16 0.5729813296309494 0.71875 0.2631957629424182 0.2265625
7 0.6250197846949772 0.509375 0.2547462261107153 0.215625
27 0.8020604268307043 0.54140625 0.2414271787556686 0.2015625
17 0.28889881612383395 0.3515625 0.2414271787556686 0.2015625
36 0.07763436340829342 0.6328125 0.15526872681658685 0.2125
31 0.20764402694364378 0.66015625 0.2563087261107152 0.215625
39 0.3885909190793709 0.6921875 0.24822321032569955 0.2109375
16 0.7810738216678546 0.646875 0.24446117349399668 0.2
38 0.7515844717666764 0.75078125 0.24638769454068415 0.20625
29 0.23469862158314986 0.5578125 0.2414271787556686 0.2015625
15 0.09747569752445585 0.42421875 0.1949513950489117 0.1921875
10 0.112129367213373 0.325 0.224258734426746 0.1953125
19 0.4640507345679203 0.37578125 0.24629668927901224 0.2046875
17 0.4391578794050705 0.48125 0.23150614718563745 0.1921875