11 0.7217313732449263 0.5920703376703094 0.2157834735308672 0.21910990496334898
29 0.6702673806885244 0.468551074176656 0.21585624813797324 0.22067240496334897
8 0.2885378835840085 0.5531567590541778 0.19957627667402048 0.20551729852673156
11 0.6248179476854163 0.33369547293581875 0.21585624813797324 0.22067240496334897
21 0.32984562614041035 0.6759658283640299 0.19957627667402048 0.20551729852673156
8 0.2364745775453712 0.42567661523869366 0.1995035020669146 0.20395479852673173
34 0.45499332940739806 0.6478786692133071 0.20611737510244393 0.21220434110137845
39 0.408289611458102 0.5231246876506388 0.20440932588823219 0.20897008045771698
4 0.5411406528144308 0.49792758171822465 0.2126584735308672 0.2188913836760257
2 0.5902608953708327 0.6212829542463854 0.20931514970954979 0.21398536238870208
22 0.49678068486513477 0.3733374911210491 0.2077526497095498 0.21387610174504035
9 0.36076825620525305 0.3990973257661399 0.19318072745980874 0.20195525595208474