11 0.48453755004278126 0.3274681784733199 0.24031259263745514 0.24150277346576185
18 0.7074613196874884 0.41878894141573797 0.22901121960192583 0.2330532366340588
36 0.15931061001035993 0.44796560509226263 0.24365591645877274 0.24637228398910552
17 0.5472643742783836 0.47761166261771715 0.2354795434232436 0.2381047576807463
41 0.6433539319696507 0.2646482020096689 0.22744871960192584 0.23296223137238706
29 0.3922814677444083 0.5422216522355477 0.24202064185166688 0.24471877872743358
27 0.4628015213018462 0.7100531653191402 0.238822867244561 0.24297426820408993
19 0.32821046733012355 0.38729966282947864 0.24194786724456102 0.2431562787274336
2 0.30845431555365915 0.7778336575678069 0.2452911910658786 0.24802578925077726
1 0.22721508581753885 0.6046776076525114 0.24536396567298446 0.24958828925077725
14 0.6168576286216098 0.6485226730704736 0.2323545434232434 0.23792274715740264
39 0.7786534613342675 0.5890097071301664 0.2290839942090317 0.2346157366340588