41 0.3661592327242533 0.3314861846614501 0.26582046884459276 0.2512387662320544
3 0.7865472856220022 0.5572212013038368 0.24773180289774893 0.23687625730360065
24 0.2083560271410124 0.3710004724038599 0.27237085749354073 0.2560353603878558
31 0.5740997455241799 0.43970028490633134 0.25604495064599553 0.24482512499835227
26 0.521218170108897 0.2857628072274657 0.26103283929494336 0.24959444561520341
38 0.4251906785898868 0.48375206818451433 0.26758322794389144 0.25439103977100463
6 0.33225790869324656 0.6934191688331375 0.27257111659283934 0.2591603603878557
9 0.6358754595884106 0.59817525812097 0.2509569324473981 0.2384933043815014
38 0.48560415175341626 0.6453793149381035 0.2625953392949434 0.2496217191541536
16 0.667152431367664 0.2441093210271834 0.24929430289774893 0.23690353084255095
26 0.2686693707548925 0.5310652191574491 0.2739333574935407 0.25606263392680617
19 0.7268149329088235 0.39401781778077255 0.24430641424880087 0.23213421022569988