11 0.6336744008986873 0.2689263399109132 0.19410017061270252 0.1786533533577262
29 0.6735345131667417 0.392563287237459 0.19591776212797143 0.18179653469127163
8 0.3100784357362982 0.5614796559516385 0.1792723960668953 0.16911472135581712
11 0.7256395339195271 0.5191797838956411 0.19422771637033698 0.18021585335772627
21 0.2625493446800711 0.44573702462604736 0.17914485030926075 0.1675522213558171
8 0.3520272064890836 0.6882143312778661 0.1774548045516262 0.16597154002227174
34 0.38101217331846254 0.3905035372772298 0.18590503333979883 0.17387494668999892
39 0.42659612710178607 0.5109518499363667 0.18421498758216437 0.17229426535645337
4 0.5502566387707157 0.44941381858691276 0.19097517061270253 0.1786169906906352
2 0.507989003623844 0.32658539326068514 0.18746753333979882 0.17389312802354437
22 0.596813161190491 0.5675092905792767 0.18928512485506807 0.17703630935708983
9 0.4697725580062923 0.6322086845958215 0.1712048045516262 0.16589881468808992