34 0.31953125 0.75625 0.1703125 0.1671875
34 0.315625 0.253125 0.1671875 0.1609375
41 0.65625 0.41953125 0.1671875 0.16875
13 0.48671875 0.59375 0.165625 0.1703125
29 0.659375 0.58671875 0.16875 0.171875
24 0.4796875 0.2515625 0.1671875 0.165625
18 0.48671875 0.7578125 0.171875 0.1703125
35 0.31640625 0.42109375 0.171875 0.1671875
7 0.66328125 0.75390625 0.16875 0.1734375
23 0.65546875 0.25078125 0.16875 0.1671875
40 0.31796875 0.58359375 0.1703125 0.165625
17 0.48359375 0.41640625 0.16875 0.1640625