11 0.5531497595338288 0.34206126300184037 0.2165228450053421 0.2156603787873868
18 0.747785158538037 0.48375187528088376 0.20854665389834964 0.21056344301173802
36 0.20735362069642177 0.382639838873295 0.22142859981466553 0.22215604025277608
17 0.5780530118960815 0.5030330625268705 0.2165228450053421 0.21566037878738661
41 0.7222370654316114 0.31883288217828876 0.20698415389834962 0.21048155585660827
29 0.41122761044480266 0.5287280240831169 0.21986609981466554 0.22207415309764614
27 0.439436912081416 0.7070920414959714 0.21501490870767306 0.21714099163225703
19 0.3864880491895426 0.3630687245580867 0.21975697241000383 0.21894915309764623
2 0.27328363322547544 0.7359529466297825 0.2214831635169964 0.22371854025277607
1 0.235163618249351 0.5500254127085846 0.22153772721932724 0.22528104025277607
14 0.6045906861280331 0.6844401927845954 0.2102728450053421 0.2153328301668676
39 0.7766665827699886 0.6652818362713032 0.2070387176006804 0.21204405585660827