26 0.6627876000661131 0.7613724649796594 0.2642550090451115 0.25243788638729703
31 0.7106973190855912 0.36651756281221265 0.25241675033868416 0.23480471741393635
37 0.49118591700399783 0.8190855114058875 0.25627873473485197 0.24899455140632512
10 0.5497465309805218 0.4192075282118015 0.2476473631835546 0.23305121642535304
39 0.34055855947465286 0.3101177352084334 0.23794481456303548 0.22641921444818677
27 0.7637448332190855 0.5308320722037527 0.2591580732694627 0.24443438539871387
36 0.4432796042499847 0.6487438365010277 0.25126368611433314 0.2425535504177418
23 0.6050968515364511 0.5828362880976332 0.2575955732694627 0.2443707184025193
7 0.49739837969189793 0.2533623523183586 0.23769915309764614 0.2217317144481868
23 0.3880144928754524 0.47186566011329323 0.25093613749381394 0.23630355041774198
18 0.6530441921072269 0.20357455243208927 0.24255042740790564 0.2250477154367699
21 0.8294151780852743 0.6979996675648481 0.26598128335537086 0.2556265533834914