11 0.38037993079917776 0.32125206818451435 0.2927737263111849 0.28772173701106124
18 0.6175761832706357 0.30540137703353787 0.28464289133021303 0.2797728693163095
36 0.14779091252897958 0.5767283210238882 0.29558182505795916 0.2956433311668626
17 0.500859574069376 0.4300076850684871 0.29277372631118476 0.2877217370110611
41 0.49409887399282637 0.1935753072274657 0.28464289133021303 0.2797728693163095
29 0.3925457138795331 0.5591514886392096 0.29771589429596246 0.2940535576279121
27 0.5257972711801762 0.6801752804421045 0.29277372631118476 0.28772173701106124
19 0.269132071597918 0.44576291883313746 0.29615339429596244 0.2940262840889618
2 0.41898224399413886 0.8108543104738765 0.3009045612921568 0.2956706047058127
1 0.2732943536896902 0.6884862069825843 0.30409322828835117 0.29728765178371364
14 0.635514463879533 0.5549104533324317 0.2878952253226018 0.2829524163942102
39 0.7522947400769872 0.42874164529748243 0.28620539133021283 0.2798001428552599