3 0.4984375 0.771875 0.1796875 0.1859375
18 0.3203125 0.6 0.1828125 0.1796875
38 0.66015625 0.60703125 0.1765625 0.1796875
7 0.46484375 0.278125 0.16875 0.1671875
12 0.6734375 0.77265625 0.1796875 0.1890625
40 0.6359375 0.278125 0.1609375 0.16875
39 0.484375 0.61015625 0.1734375 0.1796875
32 0.29453125 0.2765625 0.1671875 0.165625
21 0.478125 0.44140625 0.175 0.1765625
13 0.33203125 0.77421875 0.1859375 0.1859375
7 0.3078125 0.43828125 0.1765625 0.1765625
29 0.6453125 0.44375 0.1734375 0.1796875