34 0.8348495491130862 0.9125153623905848 0.07611821509696384 0.0679930834462283
5 0.5098368758124265 0.13463054330499374 0.07935230925276535 0.07440685775648759
39 0.6156429963498473 0.3896223377416413 0.07299321509696402 0.0678293091359686
40 0.6553582869349263 0.48866734735257966 0.07458298863591431 0.06947369629109837
4 0.6786906469190402 0.5407178482570908 0.07611821509696384 0.06799308344622794
2 0.6350963798729117 0.439905620758328 0.07299321509696384 0.0678293091359686
0 0.4644210101462697 0.04858017865110118 0.08053297970746058 0.05261374491161734
14 0.7004605069031541 0.5926864620064722 0.07137616801906325 0.06462242198083885
1 0.5923788202131093 0.33366558683713005 0.0761727621748646 0.07111808344622812
29 0.7680320162386449 0.7534026339873111 0.06827844155801373 0.06602114767057934
20 0.4849692893672629 0.08093565524535283 0.0761727621748646 0.0711180834462281
24 0.8130796891289721 0.8605467486412035 0.07940685633066594 0.07753185775648745
25 0.5317021931828667 0.18113040705437514 0.07450116801906326 0.06478619629109832
41 0.5728981631510945 0.2849448038204433 0.07620003571381488 0.07268058344622812
35 0.5526226193196048 0.2369643272261917 0.07927048863591431 0.06971935775648763
9 0.7478655665629566 0.6991721573930594 0.07140344155801373 0.06618492198083885
29 0.7906240365311843 0.8030684413142574 0.0698954886359143 0.06922803482570891
19 0.7245877536567432 0.6439966564885482 0.06984094155801372 0.06610303482570909