31 0.6295204390648959 0.7537237496710238 0.3593192777436112 0.35786603838727304
4 0.4898730670409382 0.6513203794886516 0.35597575645628793 0.3545225170999494
41 0.5913859265796486 0.5131808771428632 0.3509604745253025 0.3495072351689643
24 0.5300617524226631 0.8584455565725033 0.35935212873234706 0.28310888685499336
23 0.4495040651993527 0.4090511159949983 0.34761695323797925 0.34616371388164086
33 0.23693945515643916 0.6870183068246049 0.3559757564562879 0.3545225170999496
14 0.37905626331842635 0.7990151982943006 0.3593192777436112 0.35786603838727304
0 0.6985314270838516 0.37308003704989073 0.34427343195065563 0.3428201925943174
12 0.5559775763472176 0.267333145580195 0.3374771287323471 0.3345706500196705
8 0.34352222694796575 0.5437378364098016 0.3559757564562879 0.3545225170999496
36 0.8218818097514712 0.4727736704738147 0.32083593195065563 0.3411812829393915
37 0.7365566789254372 0.6151854095780515 0.3325711074450236 0.33111786808868526