3 0.7079056426008805 0.4850585570722643 0.19003711404351833 0.17696697994174038
18 0.5496713519789821 0.315191023290458 0.1857597171537959 0.18151808762187222
38 0.5285326264838439 0.6552848258768827 0.18351371196999972 0.1736601235152495
7 0.21360883845384349 0.476941899379497 0.17202940782296264 0.16709187476889084
12 0.6941576264838438 0.6601040211788869 0.19316211404351832 0.17705790815498562
40 0.20013422441032533 0.6488623634861197 0.17290840263916643 0.15932483887551357
39 0.5454739931192603 0.4795490399835054 0.18480280989648107 0.17058058762187223
32 0.2261655014606024 0.306561203219563 0.17033020678620342 0.16548391066226814
21 0.37682173793546386 0.48247414852156717 0.18025201093324048 0.17200669530200408
13 0.7240268030157413 0.3186977711788869 0.19058391819055523 0.18321697994174038
7 0.38781590094222274 0.3120479882550105 0.1819512119699997 0.1736146594086269
29 0.3652513764838438 0.6505338267348126 0.18324030989648116 0.17053512351524952