34 0.44062565321038194 0.031034813919087606 0.06526263050895835 0.05193520472226433
5 0.3450015219389243 0.8238859101318997 0.06537173328249998 0.056622704722264314
39 0.37648268559854214 0.5650739915139888 0.062137630508958354 0.0519170240041051
40 0.39052504217180595 0.46341604274365295 0.062210365691319505 0.05504202400410509
4 0.395538544071667 0.4102546813073344 0.06526263050895835 0.051935204722264317
2 0.3838763050895838 0.513461494539051 0.062137630508958354 0.0519170240041051
0 0.33575576813920216 0.9302040878249969 0.0687876740119445 0.06914088544042371
14 0.40133329597152806 0.35708877469147615 0.062101262917777865 0.050354524004105096
1 0.36997941888104224 0.621369443309387 0.0637728656913195 0.05505111436318479
29 0.4217516326931599 0.19366662412574204 0.05904899810013884 0.05346134328594587
20 0.3408056376302438 0.8786052263886784 0.06533536569131951 0.05506020472226432
24 0.4348309013105209 0.0842007205349459 0.0670797036472223 0.06288179508134392
25 0.34854344281673677 0.7746398890546609 0.0651898953265972 0.048810204722264314
41 0.3632943142076394 0.6698523951047851 0.06537173328249998 0.056622704722264314
35 0.3574268271254173 0.7198933017206434 0.0668978656913195 0.05506929508134384
9 0.41206881458888917 0.24763650663929937 0.062137630508958354 0.0519170240041051
29 0.4252208183886112 0.14129560304850322 0.0590853656913195 0.055023843285945874
19 0.40556554787138915 0.30393195843469745 0.05901263050895835 0.05189884328594587