34 0.16953125 0.8859375 0.071875 0.0609375
5 0.46796875 0.10859375 0.075 0.0671875
39 0.37109375 0.36328125 0.06875 0.0609375
40 0.334375 0.4625 0.0703125 0.0625
4 0.31328125 0.51484375 0.071875 0.0609375
2 0.353125 0.4140625 0.06875 0.0609375
0 0.509375 0.02265625 0.078125 0.0453125
14 0.29296875 0.56640625 0.0671875 0.0578125
1 0.3921875 0.3078125 0.071875 0.0640625
29 0.23125 0.7265625 0.0640625 0.059375
20 0.490625 0.05546875 0.071875 0.0640625
24 0.18984375 0.83359375 0.075 0.0703125
25 0.44765625 0.15546875 0.0703125 0.0578125
41 0.41015625 0.259375 0.071875 0.065625
35 0.42890625 0.2109375 0.075 0.0625
9 0.24921875 0.67265625 0.0671875 0.059375
29 0.21015625 0.7765625 0.065625 0.0625
19 0.2703125 0.61796875 0.065625 0.059375