31 0.7108976211014388 0.5502107209744235 0.2700073883644635 0.269995074586922
4 0.5900200939154016 0.4253421849469068 0.26675505437207453 0.2667609471822603
41 0.47460995262236977 0.5498560900263827 0.26350272037968575 0.26352681977759856
24 0.8334663463868595 0.4285762792344586 0.27319605536065766 0.2716667019915839
23 0.350543758440138 0.42353418140352767 0.261812886387297 0.2603472560752678
33 0.5825445390490354 0.16507680754224505 0.2683175543720747 0.2668155108845912
14 0.7136738167293644 0.2919344295046112 0.27156988836446344 0.27004963828925294
0 0.3578919793141154 0.6806745588081895 0.25862421939110264 0.2586756286706061
12 0.23298086813568936 0.5528174320364998 0.2553082184025195 0.25387900126594437
8 0.4627015657407811 0.29600440372871356 0.2667550543720747 0.2667609471822604
36 0.4777972555115696 0.8008828766868715 0.26025038638729703 0.26029269237293706
37 0.5964597307969901 0.6793848442027339 0.25205588441013055 0.25064487386128265