3 0.362868778631731 0.2789460300760107 0.2554355523949082 0.2612937833553711
18 0.598380514297275 0.3594025712332979 0.2552445514063251 0.256606283355371
38 0.2890161486702246 0.49664146313812607 0.25049338441013064 0.25479812188998174
7 0.6074611066554396 0.7129746285602442 0.2373567144481868 0.2385180246489437
12 0.20487059482962264 0.35208920171816527 0.257125386387297 0.26450067051050075
40 0.45343283984952576 0.7847600180902231 0.2310430474519924 0.23662797602842484
39 0.44561099996281894 0.4195101543408417 0.24730471741393617 0.25307184757972223
32 0.7614575399632565 0.6419704890302652 0.2341680474519924 0.2367917503386842
21 0.5248143858186433 0.5700667542954132 0.2471773834215476 0.24994684757972224
13 0.5122413789357422 0.2061337290806425 0.261812886387297 0.26474633197589004
7 0.6795284021302658 0.500666058342999 0.2488035504177418 0.2515912347348522
29 0.37325720300511817 0.6388499745580868 0.24730471741393628 0.25307184757972223