31 0.4206787081183867 0.23010183927436634 0.3305190418110261 0.31301126670908896
4 0.5003144582595611 0.3775120939290487 0.3272120312876824 0.3098499040419981
41 0.34756191360593747 0.4667302299490933 0.32234252076433867 0.3066703600413618
24 0.5718232501411743 0.14597392930459224 0.33135349971765143 0.2919478586091845
23 0.42862365585460405 0.6164660532702302 0.3189445049793232 0.3019464973742707
33 0.7433672372693434 0.44026444322886843 0.3272120312876824 0.3098499040419981
14 0.665104271329036 0.28268884790741333 0.3305190418110261 0.31301126670908896
0 0.1902128742139858 0.5544404099697742 0.3157284997176513 0.30034763470717996
12 0.27113810857014464 0.706519983290911 0.309114478670964 0.2940249093729982
8 0.5834469347232121 0.5319081452498675 0.3272120312876824 0.3098499040419981
36 0.13527880538872877 0.41083640798059184 0.27055761077745755 0.3002021840388164
37 0.26337517135727095 0.31703076929504725 0.3057164628859484 0.2893010467059073