18 0.5084060024755777 0.5502702630772079 0.30341395560836626 0.28175103012188496
8 0.19231906118886602 0.5776710990968754 0.31170005228901826 0.2882738486335391
19 0.10833087302565389 0.4130406586228549 0.21666174605130778 0.2926686827542902
27 0.2812766626434029 0.4834002547245054 0.3031771572680402 0.2786260301218849
3 0.7384351993613668 0.6302851121740832 0.3066573547785293 0.28342265752654666
6 0.4545767271562612 0.8801859415703287 0.2857043921211931 0.2125645205032381
34 0.5438060931329451 0.8131770016444625 0.28144386722608383 0.25916670199158387
29 0.6381732450024006 0.7194964343139346 0.2880490647365729 0.26407245680090713
38 0.31799079956650395 0.7392484614405946 0.28480566556640985 0.2624008293962454
23 0.151035823435928 0.32042408348777873 0.2881674639067359 0.2656349568009072
8 0.24288162655013884 0.22916911171074705 0.28288796805592076 0.25765876569391466
28 0.3755846149277768 0.3905009373939775 0.2764011697155947 0.25431551088459126
27 0.2809098097389735 0.4779587865756708 0.27315777054543167 0.2526438834799295
27 0.4132576006061224 0.6439781122589012 0.2782004680559208 0.257495074586922
26 0.33851528049418667 0.1393402306778883 0.2744834722051056 0.24957344718226032
13 0.4736804180419877 0.2990277108076224 0.27483866971559473 0.2542609471822603
18 0.602962408494218 0.4643749138955145 0.27292097220510564 0.2495188834799295