33 0.4203048928485934 0.7685960379003121 0.27376307508545994 0.28586999050069456
7 0.8447428840065978 0.2145546628065965 0.2597915032987054 0.28866768218006966
34 0.5268373523363626 0.5685940782691662 0.2946666084715549 0.3066552691860419
11 0.31086770836714195 0.7196156368741317 0.29788253668480014 0.3098530043684029
8 0.30809937569332757 0.4659457762168053 0.2705471468722146 0.28267225531833357
33 0.527399922802969 0.100831882124479 0.270200154394062 0.201663764248958
39 0.6401125906578802 0.6198273103173954 0.2930586443649322 0.30505640159486125
28 0.5264355017158596 0.314088416225069 0.29145068025830945 0.3034575340036808
26 0.6328770329903834 0.12617606781993035 0.2748709340192331 0.2523521356398607
39 0.19527145209893576 0.6676557062126733 0.27541650329870526 0.2890313580918752
38 0.41713470955427623 0.26042051519888854 0.26255279044572377 0.27624041736243077
5 0.41664164990822244 0.518850611038576 0.26250732633910107 0.2746779173624308
23 0.6365857400373771 0.36539438345565917 0.2641152904457238 0.2762767849536113
16 0.7439676456850803 0.16303049002892298 0.2657687186589692 0.2794381525447919
13 0.5310772567969316 0.825352571335312 0.24803564937949715 0.2602881090418059
21 0.7481848180923378 0.4205702330950688 0.26089936223247856 0.27307904977125014