33 0.2 0.58515625 0.2078125 0.1140625
7 0.86484375 0.71640625 0.20625 0.121875
34 0.41796875 0.5859375 0.2125 0.128125
11 0.19609375 0.46171875 0.215625 0.1296875
8 0.415625 0.33515625 0.2015625 0.1140625
33 0.86328125 0.33359375 0.2140625 0.115625
39 0.4203125 0.71484375 0.2140625 0.1265625
28 0.63828125 0.46171875 0.2109375 0.1265625
26 0.8625 0.46015625 0.2046875 0.115625
39 0.19375 0.3296875 0.2046875 0.115625
38 0.6390625 0.33515625 0.2046875 0.103125
5 0.41484375 0.46015625 0.2015625 0.1046875
23 0.640625 0.58828125 0.19375 0.1125
16 0.86015625 0.58828125 0.196875 0.1125
13 0.196875 0.71484375 0.1953125 0.0921875
21 0.6390625 0.7171875 0.19375 0.109375