18 0.5828125 0.47578125 0.2265625 0.16875
8 0.34140625 0.27265625 0.2328125 0.1734375
19 0.12265625 0.31875 0.2390625 0.175
27 0.35234375 0.3953125 0.2296875 0.1640625
3 0.825 0.54765625 0.23125 0.1671875
6 0.77421875 0.1734375 0.225 0.1515625
34 0.78671875 0.29765625 0.215625 0.15
29 0.80234375 0.42265625 0.2203125 0.153125
38 0.55234375 0.2234375 0.2171875 0.153125
23 0.13671875 0.44296875 0.221875 0.153125
8 0.1515625 0.565625 0.2203125 0.1453125
28 0.36796875 0.51953125 0.209375 0.15
27 0.3484375 0.39921875 0.2078125 0.1484375
27 0.5671875 0.35 0.2125 0.15
26 0.1703125 0.68828125 0.2140625 0.140625
13 0.3875 0.6453125 0.209375 0.1484375
18 0.60390625 0.59453125 0.2109375 0.1421875