18 0.5848686287554241 0.6195452913848845 0.3268105589778255 0.3460767430421761
8 0.27879469962933107 0.4434302330402365 0.33651294119181063 0.35621701758798335
19 0.23043157758214697 0.24083152046292128 0.32179567676384024 0.3363191057692725
27 0.4019767392850448 0.4238826207721821 0.3268105589778255 0.3460767430421761
3 0.7665799641421194 0.8256766359200235 0.3284821863824872 0.34864672815995307
6 0.3879763037051659 0.8526543043221052 0.31069448565684776 0.29469139135578964
34 0.5119941570632105 0.8462287032639384 0.30099210344286254 0.3075425934721231
29 0.6360665741235859 0.8359367263722767 0.30907742195451676 0.3281265472554466
38 0.3312550446346732 0.6518165600116379 0.3058432945498552 0.3256686481929272
23 0.34547373502387557 0.21127117940669415 0.31069448565684776 0.3307387854658308
8 0.46954615208425105 0.194912340017457 0.30099210344286254 0.32059851092002356
28 0.5268304063454202 0.4075875542617621 0.2992659123358701 0.31578346516238903
27 0.4041567981780522 0.41938643940863385 0.2944692849312084 0.3122758278894855
27 0.4583978979927178 0.6341503121376698 0.29775797603820087 0.3172184194047546
26 0.5939186695074461 0.18714725062821985 0.29096233901489227 0.30108323637421636
13 0.6549454826616229 0.3954538292666113 0.2977034123358699 0.31565591940475457
18 0.707596800625123 0.6093089062380128 0.29285222122887744 0.31058578213185084