33 0.17109375 0.5257545643133994 0.2921875 0.2984117257844231
7 0.8140625 0.1892387546327037 0.2984375 0.30818724398302033
34 0.390625 0.45465511258766966 0.3109375 0.32148828038021476
11 0.1921875 0.6415903153931335 0.3125 0.3231509099298641
8 0.4375 0.68915122609819 0.2859375 0.2948862075858257
33 0.86953125 0.5450591556201528 0.2609375 0.29640913479143655
39 0.3671875 0.3342820558324095 0.309375 0.3198256508305656
28 0.6375 0.49977214374307694 0.3046875 0.3164002621816177
26 0.85859375 0.42935381246769805 0.2828125 0.29937344848652714
39 0.21640625 0.765819557373569 0.2921875 0.29997422578442307
38 0.6625 0.6161388209486878 0.2828125 0.2868734484865271
5 0.41171875 0.5720533636674039 0.2796875 0.28511068938722844
23 0.61484375 0.3809115222129921 0.2796875 0.28823568938722854
16 0.83515625 0.3105432557124378 0.2828125 0.2899984484865271
13 0.1421875 0.40651321098191173 0.265625 0.2670220234403846
21 0.5875 0.26235128933185525 0.2765625 0.28491043028792984