2 0.55546875 0.11015625 0.2453125 0.2203125
13 0.6640625 0.16484375 0.2296875 0.253125
14 0.746875 0.49140625 0.246875 0.2703125
34 0.63671875 0.425 0.246875 0.2703125
9 0.16015625 0.65546875 0.2359375 0.2578125
22 0.27265625 0.7234375 0.2375 0.259375
22 0.88046875 0.3046875 0.2390625 0.275
32 0.61328125 0.678125 0.24375 0.2671875
14 0.36875 0.79609375 0.2203125 0.24375
17 0.50078125 0.615625 0.2390625 0.2609375
40 0.3921875 0.5453125 0.21875 0.24375
11 0.475 0.859375 0.2390625 0.2421875
7 0.53046875 0.35703125 0.2265625 0.246875
19 0.2890625 0.475 0.2328125 0.25625
31 0.76953125 0.23359375 0.221875 0.246875
3 0.4171875 0.284375 0.2109375 0.234375