2 0.13252769200329892 0.39694527866891205 0.26505538400659784 0.3251405573378241
13 0.13934834184501435 0.5183891971479813 0.2786966836900287 0.32427839429596245
14 0.37040183274032135 0.7378235825466951 0.3566497829238765 0.35007157315515497
34 0.35848215743006984 0.6098431625847512 0.3566497829238765 0.3500715731551548
9 0.7731035647271256 0.28492666459909854 0.34057014185764967 0.333809903193211
22 0.7857362938774431 0.41528266805913966 0.3421781059642724 0.33543607018940536
22 0.16153792742182255 0.7749084525851886 0.3230758548436451 0.34356690517037725
32 0.5967430238856904 0.7008978799986875 0.3533883906040085 0.3452567391627662
14 0.8096475038274307 0.5343655904925415 0.3212291084715549 0.3127333992388783
17 0.5895335806287503 0.5723272110253268 0.34539403417751763 0.3386884041817943
40 0.5729264053184988 0.44415579007479955 0.31962114436493216 0.3111072322426839
11 0.8201410714575502 0.657594843458291 0.3279792136444044 0.330175567223656
7 0.34336928595988436 0.4840791586304185 0.3261439290046681 0.32073690022746143
19 0.5546430697416905 0.3198269521280781 0.33735421364440443 0.33055756920082224
31 0.1452740814201731 0.6437075321289532 0.2905481628403462 0.31554006425790637
3 0.32692123502281223 0.35043898767989135 0.30836539561857335 0.29972406326932316