2 0.7810485038799706 0.800248125212045 0.1863035504177418 0.2452281983633867
9 0.6632560977953721 0.35018858310926054 0.21069605536065766 0.26948415389834957
14 0.3250306086326061 0.682616614875608 0.20562655338349148 0.259945462791357
32 0.39961275045711053 0.40748269482000765 0.20738005437207468 0.26468752649368776
29 0.5916862094309088 0.6089980987183572 0.19456171939110262 0.25643851687504104
28 0.6520812454770136 0.8356449334720804 0.1896832184025195 0.2515873257680482
7 0.6016023092778094 0.13523321650437206 0.19992038144438115 0.2347817716843644
17 0.5285800088600675 0.37208588655997243 0.19274455140632513 0.25013395317271014
8 0.5206429030816679 0.8696714096147222 0.21069605536065766 0.26065718077055566
22 0.3843406471501688 0.8884598431912435 0.20330004942915866 0.22308031361751296
38 0.4591947030051182 0.6348834977225654 0.2043187213682689 0.2661408990890262
34 0.20240612250995155 0.21674109981466555 0.18142504942915866 0.24037700725639413
31 0.2632640735750844 0.45122771641955406 0.18011721741393627 0.24657244355406327
1 0.3345302144110057 0.180672168959292 0.18792971741393627 0.24684526206571755
19 0.4680258053234767 0.14934530180624933 0.18486838441013073 0.2482986346610559
12 0.719904051331963 0.5727927586071565 0.18923754942915866 0.24064982576804841