24 0.6467769794850509 0.4152373674942713 0.33398828038021494 0.31824738582729195
24 0.40956927128091625 0.3168862139995489 0.3356509099298643 0.3198462534184725
16 0.6208979950627544 0.2913816401956949 0.34728931677740943 0.3310383265567364
25 0.21128886489479637 0.47296864057694454 0.3772166486710972 0.35981794319798655
11 0.6974230313030655 0.6699437045002437 0.3456266872277601 0.3294394589655559
1 0.6705625377814706 0.5429447934060769 0.32234987353266964 0.3070553126890282
40 0.853582482262828 0.5157140654419105 0.292835035474344 0.33699738582729194
21 0.26173465761351233 0.7245499775829168 0.3556024645256561 0.3390326645126393
12 0.8466775917635662 0.38984189646395906 0.3066448164728676 0.3214814886008336
35 0.8733628585732749 0.639515241353716 0.2532742828534502 0.323770034003681
23 0.4760882518457013 0.6975556389614239 0.33222552128091626 0.31508601823611126
4 0.45875295264858024 0.5731186834143406 0.31569935533407245 0.30065984232430587
3 0.23331166409191736 0.5975146988975697 0.3189244848837217 0.30229507750666684
36 0.4248612091269853 0.4459561181598614 0.3356509099298641 0.3198462534184724
1 0.82715848704319 0.271999779822709 0.3041610780361765 0.2910302691860419
23 0.18599087137320133 0.3460060970739585 0.3422012985788122 0.3246792237831947