24 0.4292461955211836 0.3962137979713575 0.19051501139996638 0.23002575599585598
24 0.21948379340782614 0.5377162855653607 0.18917103268728983 0.2330779813887503
16 0.31700827547469734 0.342390977045524 0.19607659654926027 0.24274407981717355
25 0.23176064623814727 0.7992916404039248 0.21715392105489242 0.25462764970954976
11 0.6565738840050017 0.507911239037236 0.19585807526193671 0.23961907981717356
1 0.5420468442803463 0.4531980062007438 0.1870622294689813 0.22519270678164424
40 0.6420789673127102 0.25563810959156597 0.19952937848024543 0.2475771290313853
21 0.4584163453656271 0.8950899838699495 0.2035613146182751 0.20982003226010093
12 0.5293875791972091 0.19709140136217956 0.18938955397461327 0.2362029813887502
35 0.7562617996120125 0.30406495512450527 0.19106131461827508 0.23783825599585606
23 0.55526883807616 0.712465998342861 0.18615529333095146 0.23449493217453857
4 0.4474834712479825 0.6510126139347922 0.17746870818165766 0.22163105913900907
3 0.3413270343536483 0.8576927994190996 0.1792497294689812 0.22482883374611476
36 0.3293397586268494 0.6031850818840881 0.19073353268728982 0.23315075599585597
1 0.41614988786339946 0.14635719313279322 0.17768722946898113 0.22475605913900915
23 0.11885073683532281 0.7438699321745386 0.19095205397461332 0.23627575599585598