12 0.87734375 0.44140625 0.0796875 0.078125
12 0.825 0.45859375 0.0734375 0.071875
34 0.66796875 0.51171875 0.0703125 0.071875
34 0.56796875 0.54609375 0.0671875 0.071875
12 0.93125 0.42265625 0.0796875 0.078125
34 0.6171875 0.5265625 0.065625 0.0703125
26 0.20859375 0.66796875 0.0734375 0.075
29 0.4640625 0.57890625 0.06875 0.0703125
26 0.2578125 0.65 0.0734375 0.071875
24 0.7203125 0.4921875 0.0703125 0.075
26 0.36015625 0.61484375 0.0703125 0.071875
29 0.5171875 0.5609375 0.06875 0.0703125
29 0.4125 0.59609375 0.0703125 0.071875
24 0.77265625 0.4765625 0.0703125 0.075
35 0.15703125 0.68359375 0.0765625 0.0765625
26 0.3109375 0.63359375 0.06875 0.071875