12 0.69140625 0.7921875 0.084375 0.0859375
12 0.65390625 0.75 0.078125 0.078125
34 0.5375 0.62421875 0.075 0.0765625
34 0.46328125 0.54375 0.075 0.075
12 0.73203125 0.83515625 0.084375 0.0859375
34 0.503125 0.5828125 0.071875 0.0734375
26 0.19921875 0.25625 0.0796875 0.08125
29 0.38984375 0.46015625 0.0734375 0.075
26 0.23671875 0.29609375 0.078125 0.078125
24 0.578125 0.665625 0.078125 0.078125
26 0.3125 0.37734375 0.075 0.0765625
29 0.4296875 0.50234375 0.0734375 0.075
29 0.3515625 0.41875 0.075 0.0765625
24 0.615625 0.70703125 0.078125 0.078125
35 0.1625 0.2140625 0.08125 0.0828125
26 0.27421875 0.3390625 0.075 0.0765625