12 0.5885838064459368 0.1841503684442019 0.07093254809323427 0.0641001740119445
12 0.5788070131620259 0.2402185304882991 0.06602679328391084 0.057741071238402775
34 0.5518203833102935 0.40847756800736157 0.06591766587924912 0.05461607123840295
34 0.5355554878494644 0.5159991272779172 0.0673710384745874 0.05152743882958344
12 0.5976339134321783 0.1265015226045144 0.07098711179556502 0.0656626740119445
34 0.5413987492822099 0.46062129625586845 0.06575397477225664 0.049928571238402955
26 0.47366803522490847 0.9000279819513199 0.06915179328391083 0.057813806420763926
29 0.5153024968351391 0.6257735175705212 0.06586310217691818 0.05305357123840295
26 0.4809919511041576 0.8470302685204519 0.06602679328391084 0.057741071238402955
24 0.5592807084453697 0.35157360457649356 0.06904266587924912 0.05468880642076392
26 0.49811994211848293 0.7371831430454865 0.06748016587924895 0.05465243882958326
29 0.5243526038213807 0.5681246717308338 0.06435516587924912 0.05457970364722229
29 0.5071427672535591 0.6803155472057991 0.06591766587924912 0.05461607123840295
24 0.569811469878115 0.2963048763279866 0.06909722958158007 0.056251306420763925
35 0.46391852379216303 0.955314893995417 0.0708779843909035 0.06253767401194424
26 0.4923312443880684 0.7909984740675352 0.06742560217691818 0.05308993882958326