12 0.8375 0.559375 0.05625 0.0625
12 0.78125 0.5578125 0.05 0.059375
34 0.6109375 0.5546875 0.046875 0.059375
34 0.50234375 0.553125 0.04375 0.0609375
12 0.89609375 0.56015625 0.0578125 0.0625
34 0.5578125 0.5515625 0.0421875 0.059375
26 0.1140625 0.5453125 0.05 0.0625
29 0.39140625 0.5484375 0.0453125 0.059375
26 0.16796875 0.5453125 0.05 0.059375
24 0.66796875 0.55390625 0.046875 0.0625
26 0.27890625 0.546875 0.046875 0.0609375
29 0.44921875 0.54921875 0.046875 0.0578125
29 0.3359375 0.54765625 0.046875 0.059375
24 0.72421875 0.55625 0.0484375 0.0625
35 0.05859375 0.54296875 0.0546875 0.0640625
26 0.225 0.5484375 0.0453125 0.0609375