39 0.5373228533454736 0.6078125 0.09874511646291495 0.0953125
39 0.6668731552453527 0.4859375 0.10203389077317446 0.0984375
39 0.41221438998020493 0.725 0.09701884215265544 0.0921875
36 0.4966060001115416 0.65078125 0.09701884215265544 0.0921875
4 0.9011751549066686 0.2609375 0.111900213703953 0.1078125
31 0.4549031789897855 0.68984375 0.09701884215265544 0.0921875
31 0.5815741423550541 0.57265625 0.09701884215265544 0.0921875
4 0.8528505195605611 0.3078125 0.10696705223856355 0.103125
36 0.6199881891665507 0.53046875 0.09874511646291495 0.0953125
36 0.3744997060135784 0.765625 0.09052318068726617 0.0875
29 0.8067058599041943 0.3515625 0.10532266508343398 0.1015625
29 0.7561603052907813 0.40078125 0.10038950361804452 0.096875
29 0.7099747020568495 0.44375 0.10532266508343398 0.1015625
30 0.2592199440277908 0.8765625 0.0855900192218769 0.0828125
30 0.29635809588224166 0.83984375 0.10038950361804462 0.096875
31 0.3350587477366925 0.803125 0.08723440637700657 0.084375