39 0.4030963648382982 0.5697754292633643 0.08165134992374998 0.0904133576783142
39 0.5539665741851036 0.6782535479393407 0.08328658510611113 0.09365675684847723
39 0.25918467030913156 0.4649551068531217 0.08008884992375007 0.09029495850815117
36 0.351461782866319 0.535340307062903 0.0800524823325695 0.08873245850815117
4 0.829617271564062 0.872884499398522 0.09440592306201409 0.10229805103961845
31 0.30371526709874963 0.5019824327878493 0.08008884992375007 0.09029495850815117
31 0.44837184403673563 0.6084244547831735 0.08008884992375016 0.09029495850815117
4 0.7718417923656243 0.8332882805174086 0.08964568787965277 0.09881785352912935
36 0.4985530287822565 0.6380536778134719 0.08328658510611113 0.09365675684847723
36 0.2106023531547913 0.4338817829929864 0.07689111474138892 0.08693316016782511
29 0.7171913131671868 0.7939288599766213 0.08964568787965277 0.09881785352912935
29 0.6586891353555202 0.7519296915104263 0.0864479526972918 0.09545605518880329
29 0.6055647885659022 0.714251170139802 0.08964568787965277 0.09881785352912935
30 0.07432132066972194 0.33746595643355876 0.07053201196784728 0.08177206348717299
30 0.1197786378240622 0.36830248195336796 0.08484908510611118 0.09377515601864025
31 0.16361890359163161 0.40136435830301415 0.07209451196784729 0.08189046265733602