39 0.5322739195048334 0.3935905948145152 0.07681185079830274 0.084949313011266
39 0.3688281848278726 0.4710887721698308 0.07843801779449713 0.08655727711788863
39 0.6888475716722802 0.3202032559390018 0.07524935079830275 0.08490384890464338
36 0.5850978305695287 0.3654595831360327 0.07518568380210837 0.08334134890464329
4 0.07430354650059025 0.6141928806413856 0.08969385277546908 0.09468802586424747
31 0.63651840912471 0.3412802855641729 0.07368685079830276 0.08485838479802066
31 0.47835042345916606 0.4139318385463091 0.07368685079830276 0.08485838479802066
4 0.1348762905690912 0.5842720484297896 0.08487901878308031 0.0914266335443795
36 0.42868334589256796 0.44275317201154624 0.07843801779449713 0.08655727711788863
36 0.7378288997331699 0.29374840452707596 0.07043451680591381 0.08164245658477531
29 0.19398203513188375 0.5567404303248165 0.08487901878308031 0.0914266335443795
29 0.2568666957022875 0.5259701519532864 0.0816266847906915 0.08821070533113406
29 0.31440994026508007 0.498483997954936 0.08487901878308027 0.0914266335443795
30 0.8835605523949083 0.22302306439792124 0.06555601581733086 0.07681856426490725
30 0.8360143903416297 0.24630745170322435 0.08006418479069169 0.08816524122451135
31 0.7876551447902539 0.2688333210618389 0.06711851581733086 0.07686402837152997