39 0.41796875 0.56328125 0.078125 0.071875
39 0.4625 0.3921875 0.0828125 0.075
39 0.37734375 0.728125 0.078125 0.0703125
36 0.4015625 0.61953125 0.0765625 0.0703125
4 0.54453125 0.08203125 0.0890625 0.0828125
31 0.3875 0.6734375 0.0796875 0.06875
31 0.428125 0.50703125 0.0796875 0.06875
4 0.52734375 0.1453125 0.0859375 0.078125
36 0.44609375 0.4546875 0.078125 0.071875
36 0.3609375 0.78046875 0.075 0.065625
29 0.5109375 0.20703125 0.084375 0.078125
29 0.49296875 0.2734375 0.08125 0.075
29 0.47734375 0.334375 0.084375 0.078125
30 0.3203125 0.93359375 0.071875 0.0609375
30 0.334375 0.88359375 0.08125 0.075
31 0.34609375 0.83203125 0.071875 0.0640625