16 0.43705379075010375 0.5566960114218694 0.10083776101791671 0.11058414772027056
36 0.6952098232351731 0.6623469732540128 0.09923889342673622 0.10890324855010754
36 0.5410139389264926 0.595878755822792 0.09124455547083343 0.10049875269929238
11 0.48747136483829817 0.5761689844521676 0.09604115824437506 0.10554145020978148
21 0.38187598147954815 0.5399928408810821 0.09444229065319458 0.10386055103961844
5 0.8550199279085758 0.7229795877808044 0.11039459897381967 0.11910704274124875
26 0.8015500890027425 0.70014481641018 0.0944422906531944 0.10386055103961844
26 0.6416672491469787 0.6426372018833886 0.09604115824437506 0.10554145020978148
19 0.16923181753558988 0.4628346545687478 0.0816149823325695 0.0888508576783142
19 0.11734266242534686 0.4393370323682865 0.08321384992375007 0.09053175684847722
9 0.2802595833031593 0.500987695235404 0.08960932028847228 0.09725535352912935
31 0.5881246750587843 0.6229274305127642 0.09604115824437506 0.10554145020978148
9 0.33305727498253435 0.5190757670209468 0.08964568787965285 0.09881785352912935
31 0.7487523973233675 0.6820567446246372 0.09604115824437506 0.10554145020978148
9 0.22586302403260375 0.48434372427969813 0.08641158510611113 0.0938935551888033
20 0.9086716047703121 0.7380018591514286 0.09600479065319475 0.10397895020978147