34 0.678125 0.36796875 0.053125 0.0703125
2 0.32265625 0.35546875 0.05 0.0625
40 0.265625 0.35078125 0.053125 0.065625
34 0.81484375 0.3796875 0.0515625 0.0703125
35 0.1046875 0.3421875 0.0578125 0.0703125
34 0.74453125 0.371875 0.0515625 0.0703125
9 0.884375 0.38125 0.0546875 0.0703125
12 0.43515625 0.3609375 0.0484375 0.0703125
37 0.20859375 0.34609375 0.0515625 0.0671875
9 0.95390625 0.384375 0.053125 0.071875
32 0.49453125 0.36171875 0.0515625 0.0734375
32 0.15859375 0.34453125 0.053125 0.0671875
32 0.5546875 0.3640625 0.053125 0.075
32 0.615625 0.36640625 0.053125 0.075
7 0.37734375 0.35703125 0.0515625 0.0703125