39 0.7730263536002191 0.41080287400332016 0.04985875889134021 0.06706638648947968
16 0.4500255012428543 0.4221546907807297 0.048223484284234355 0.06540375693983033
39 0.8299484416895604 0.40949189544111997 0.05454625889134022 0.06736677513842756
16 0.5591821774215366 0.41983312230527725 0.046660984284234173 0.06530362739018099
16 0.5045674520286425 0.4217751565430034 0.046660984284234173 0.06530362739018099
40 0.2237177123677248 0.4312047254798812 0.0559632096771284 0.06434190468807692
40 0.10909228618904235 0.4338767473791064 0.0622132096771284 0.06474242288667434
40 0.1691757615819365 0.4315842597176075 0.059088209677128446 0.06454216378737562
19 0.28018603618904236 0.4229125616925057 0.042953787427387445 0.052603368290882455
19 0.33703534967127774 0.42316408313030546 0.04466183664159917 0.055828497840531635
26 0.720010515510878 0.4118635286913971 0.04985875889134021 0.06706638648947968
26 0.6107446774215367 0.41652884716684957 0.046660984284234173 0.06530362739018099
19 0.39630118776061896 0.42170291024363127 0.044734611248705036 0.05739099784053163
26 0.665286628207325 0.4161493129291234 0.048223484284234175 0.06540375693983033