39 0.54375 0.159375 0.078125 0.0703125
16 0.41953125 0.4734375 0.0765625 0.0671875
39 0.56640625 0.1046875 0.078125 0.0734375
16 0.4625 0.36796875 0.0765625 0.0671875
16 0.44140625 0.42109375 0.0765625 0.0671875
40 0.33203125 0.69453125 0.0765625 0.075
40 0.28671875 0.80546875 0.0796875 0.08125
40 0.31015625 0.746875 0.0765625 0.078125
19 0.3484375 0.63828125 0.0625 0.059375
19 0.371875 0.58359375 0.0671875 0.0625
26 0.52265625 0.2109375 0.0765625 0.0703125
26 0.48125 0.3171875 0.0765625 0.0671875
19 0.3953125 0.525 0.0671875 0.0625
26 0.503125 0.26484375 0.0765625 0.06875