39 0.7300817118648285 0.2842773070722643 0.11189870248167448 0.10617109514371963
16 0.42391420331485374 0.44211357297388887 0.10855518119435104 0.10295516693047428
39 0.7836109034507398 0.25765262259081273 0.11367972376899793 0.10934155925034225
16 0.5277929561648453 0.3895545257977404 0.10855518119435104 0.10295516693047428
16 0.4758262645789341 0.4162246743858146 0.10855518119435104 0.10295516693047428
40 0.20874303536205446 0.5524958288463836 0.11367972376899801 0.10934155925034225
40 0.1000128915465703 0.6072622337026641 0.12047602698730664 0.11733591567683313
40 0.1568309740979741 0.5783847274344578 0.11702324505632142 0.1125574874635877
19 0.25952963920078176 0.5203114661516868 0.09194683540139544 0.08843802586424747
19 0.31378545046486217 0.4944907637235465 0.0985246173323806 0.09330738229073816
26 0.6789509006007481 0.3101889377136498 0.11033620248167449 0.106125631037097
26 0.5765800174289257 0.36357469899642086 0.10855518119435104 0.10295516693047428
19 0.371384783016266 0.4656359895086517 0.09852461733238069 0.09330738229073816
26 0.6284374483711751 0.33846705040834674 0.11022694183801285 0.104563131037097