39 0.5078125 0.1734375 0.071875 0.059375
16 0.4609375 0.49609375 0.0703125 0.05625
39 0.51640625 0.1171875 0.0703125 0.0625
16 0.478125 0.38671875 0.0703125 0.05625
16 0.4703125 0.44140625 0.0703125 0.05625
40 0.42890625 0.72109375 0.0671875 0.0640625
40 0.41171875 0.8359375 0.06875 0.071875
40 0.41953125 0.77578125 0.06875 0.06875
19 0.43125 0.66484375 0.05625 0.05
19 0.44140625 0.60859375 0.059375 0.0515625
26 0.5 0.2265625 0.0703125 0.059375
26 0.484375 0.3359375 0.0703125 0.05625
19 0.45078125 0.54921875 0.059375 0.0515625
26 0.49375 0.28125 0.0703125 0.0578125