16 0.21724806476763173 0.7461772080283169 0.10129087468172662 0.11210110534690862
11 0.4865418627466326 0.5946441693984515 0.09340564934754489 0.10576019867918127
4 0.9357038793761798 0.32647016545985785 0.09509541868236297 0.11671588001272663
6 0.42984696741722334 0.6228868007240428 0.09024428668045381 0.10259883601209037
4 0.879844778047407 0.35940938745222184 0.10130905601527189 0.11366360534690845
24 0.5935634747374058 0.5279299314130872 0.09656701201463562 0.10892156134627218
24 0.647887348066497 0.4973162780871778 0.09656701201463562 0.10892156134627218
26 0.3251418334261321 0.6872845607097252 0.09812951201463571 0.10893974267981754
24 0.5377043734086329 0.5608691534054512 0.09342383068109025 0.10732269867918127
1 0.3724253660884505 0.6558078413828614 0.09653064934754481 0.105796561346272
21 0.27238955076381377 0.7186976453691802 0.10129087468172653 0.11210110534690845
19 0.7045004273949518 0.46204239676158654 0.09653064934754489 0.10579656134627217
19 0.7643021413908155 0.43227362810308617 0.09653064934754489 0.10579656134627217
19 0.8208788580521794 0.3938747467774949 0.09336928668045381 0.10263519867918128
10 0.16760260077176786 0.7760641553548627 0.11546246268299924 0.12163973734881743