9 0.278125 0.57421875 0.071875 0.1390625
27 0.63671875 0.59609375 0.0828125 0.1578125
24 0.71484375 0.3609375 0.075 0.1390625
32 0.7265625 0.5890625 0.0828125 0.1453125
24 0.6296875 0.3625 0.075 0.14375
29 0.36796875 0.5734375 0.075 0.1375
29 0.5484375 0.584375 0.075 0.1375
9 0.184375 0.5734375 0.071875 0.1484375
18 0.46796875 0.35546875 0.071875 0.1421875
24 0.7953125 0.36796875 0.0828125 0.1359375
18 0.30625 0.34140625 0.071875 0.1390625
18 0.3875 0.3515625 0.0765625 0.1453125
37 0.8171875 0.596875 0.0859375 0.1515625
29 0.45625 0.58359375 0.0765625 0.140625
18 0.55 0.34765625 0.071875 0.140625
10 0.2203125 0.33984375 0.08125 0.1421875