9 0.25276089537083274 0.5748705412953654 0.14931941149637407 0.1547795013526354
27 0.5326090229544761 0.3334621019255489 0.17065075599585597 0.1768908586887262
24 0.7324548575291605 0.4685621658975502 0.15258996071058578 0.15794086401972632
32 0.6099014230783105 0.28337064791536754 0.1624016083532208 0.16742495202099902
24 0.6621209327982202 0.520134303906777 0.15429800992479734 0.16108404535327187
29 0.32640175661953774 0.5193557906190477 0.15095468610347992 0.15636018268618096
29 0.46712526406313587 0.3982518552673667 0.15095468610347992 0.15636018268618096
9 0.17659434760436313 0.6343188139720013 0.1559332845319033 0.16266472668681722
18 0.5345523968185748 0.6270302885900945 0.15102746071058562 0.15792268268618095
24 0.7944133560814185 0.4124025252228233 0.15578773531769166 0.1595397266868172
18 0.41063539971405894 0.7393495699395483 0.14931941149637407 0.15477950135263557
18 0.47117694748052863 0.6800831105983668 0.15749578453190338 0.16268290802036275
37 0.6799999073625449 0.2200888505729134 0.16894270678164425 0.17374767735518085
29 0.39259399090377206 0.4561194466104571 0.15422523531769156 0.15952154535327184
18 0.6053764731210918 0.5816990599140949 0.15095468610347992 0.15636018268618096
10 0.34093717576890686 0.7940376172820024 0.15913105913900916 0.16426358935390795