28 0.62914576695862 0.5452635357702483 0.08369010339082213 0.08964900496239885
23 0.29224088813212246 0.31504507299274803 0.08859592721213971 0.09455482878371627
28 0.2438419294884513 0.2783412855653606 0.0935017510334573 0.09946065260503385
38 0.39174642845499397 0.3807493097581817 0.08532537799792798 0.09128427956950454
38 0.5326924520286426 0.4812673482190265 0.08539815260503385 0.09284677956950453
38 0.4419625982235356 0.41205712179267506 0.08049232878371626 0.08794095574818712
23 0.1879022985950392 0.2522475124059968 0.09335620181924557 0.09633565260503385
8 0.7676024913180568 0.6487974123204344 0.0788570541766104 0.08630568114108109
35 0.812131587265281 0.6845380132300571 0.08049232878371626 0.08794095574818712
23 0.1355607026478151 0.21614303846084476 0.09982452564056317 0.1013142510334573
38 0.4873821060814185 0.44549036000585074 0.08049232878371626 0.08794095574818712
18 0.6746744367271617 0.576353023983424 0.0804195541766104 0.08637845574818712
13 0.7238546453708328 0.6130931987143645 0.07722177956950453 0.0846704065339754
33 0.5835443225829724 0.5157365475570727 0.08361732878371626 0.08808650496239885
18 0.34465525868645236 0.34958704693790016 0.08539815260503385 0.09284677956950453
0 0.8575510951231637 0.7179712514432328 0.08688787799792799 0.09135705417661058