28 0.4828125 0.346875 0.084375 0.078125
23 0.70234375 0.690625 0.0890625 0.0828125
28 0.7375 0.73984375 0.09375 0.0875
38 0.63984375 0.5890625 0.0859375 0.0796875
38 0.54375 0.4453125 0.0875 0.0796875
38 0.61015625 0.53828125 0.0828125 0.075
23 0.7625 0.79609375 0.090625 0.0875
8 0.3828125 0.20625 0.08125 0.0734375
35 0.3484375 0.16015625 0.0828125 0.075
23 0.796875 0.84921875 0.0953125 0.09375
38 0.578125 0.49140625 0.0828125 0.075
18 0.453125 0.30078125 0.08125 0.075
13 0.4171875 0.25078125 0.0796875 0.071875
33 0.5109375 0.39375 0.0828125 0.078125
18 0.66953125 0.63671875 0.0875 0.0796875
0 0.31640625 0.1140625 0.0859375 0.08125