16 0.84453125 0.66015625 0.078125 0.09375
11 0.54296875 0.58046875 0.071875 0.0890625
4 0.03515625 0.43359375 0.0703125 0.1015625
6 0.60546875 0.59375 0.06875 0.0875
4 0.09765625 0.4515625 0.078125 0.0953125
24 0.42109375 0.54296875 0.0734375 0.0921875
24 0.36015625 0.5265625 0.0734375 0.0921875
26 0.72421875 0.6296875 0.075 0.0921875
24 0.48359375 0.5609375 0.071875 0.090625
1 0.66953125 0.61171875 0.075 0.0890625
21 0.78359375 0.646875 0.078125 0.09375
19 0.2953125 0.50703125 0.075 0.0890625
19 0.2296875 0.49296875 0.075 0.0890625
19 0.16484375 0.4703125 0.071875 0.0859375
10 0.90078125 0.6765625 0.090625 0.1