9 0.61484375 0.26953125 0.1515625 0.165625
27 0.2890625 0.4734375 0.1703125 0.1859375
24 0.3359375 0.70703125 0.153125 0.165625
32 0.2140625 0.53515625 0.1625 0.1765625
24 0.409375 0.65390625 0.15625 0.1703125
29 0.53671875 0.32578125 0.153125 0.165625
29 0.37265625 0.428125 0.153125 0.165625
9 0.69765625 0.2125 0.15625 0.171875
18 0.5546875 0.559375 0.153125 0.1671875
24 0.2609375 0.7515625 0.1578125 0.1671875
18 0.703125 0.47109375 0.15 0.1640625
18 0.62734375 0.5125 0.15625 0.1703125
37 0.13046875 0.584375 0.171875 0.184375
29 0.4546875 0.371875 0.15625 0.16875
18 0.48671875 0.615625 0.1515625 0.165625
10 0.7796875 0.41953125 0.159375 0.1734375