28 0.5926217619962213 0.6342826812107805 0.0848887303552928 0.08333173658176474
23 0.3952417636488511 0.2792087476836482 0.08979455417661039 0.08831962523071261
28 0.37033596298689736 0.22511273056478504 0.09470037799792799 0.09330751387966067
38 0.45468307609762915 0.3825328092192703 0.08481595574818712 0.08176923658176474
38 0.5361599003332315 0.534283878774457 0.08808650496239867 0.08509449568106327
38 0.4860572005809004 0.4323418445367307 0.08318068114108108 0.08010660703211539
23 0.33185781389652014 0.17641561227390268 0.09150260339082213 0.09154475478036198
8 0.6693019243211648 0.7880771121170191 0.08147263192686935 0.07688147748246621
35 0.6927543868937773 0.8397292496862331 0.08481595574818712 0.08176923658176491
23 0.30077478784167216 0.12035657695644228 0.09811647642635143 0.09975777297895924
38 0.5111813250641719 0.4817503616555938 0.08481595574818694 0.08176923658176474
18 0.6193811610865985 0.682228827879293 0.08161818114108108 0.08000647748246603
13 0.6458130744449994 0.7372062245478054 0.0799829065339754 0.07834384793281668
33 0.5650447256022911 0.5870677197674434 0.08325345574818713 0.08166910703211538
18 0.4271788143108049 0.33375534777593324 0.08808650496239867 0.08509449568106335
0 0.7178421240734958 0.8899190168050961 0.08652400496239884 0.08499436613141391