9 0.3028530754914103 0.653154804168502 0.15865007142762994 0.14295637023308566
27 0.49106573620357763 0.3501637573412122 0.17928985389503396 0.1624156983633867
24 0.7281742240287129 0.42567222194666765 0.16026711850553052 0.1461359339354164
32 0.5485430454563429 0.2818155506251229 0.16980575973923262 0.15583831614940155
24 0.6785230515454229 0.49351199717441113 0.1634193920444808 0.14780756134007814
29 0.3556974318220763 0.5815179063454202 0.15867734496658023 0.14451887023308566
29 0.44983103571711025 0.4284598829317753 0.15867734496658023 0.14451887023308566
9 0.2499268985438933 0.7294792019915837 0.164981892044481 0.1478621250424091
18 0.590966730117793 0.6280382753973794 0.16023984496658022 0.1445734339354164
24 0.7684776700509535 0.35594256450493905 0.16191143912238176 0.15087799763774729
18 0.510359838073312 0.7674975902808366 0.15865007142762994 0.14295637023308566
18 0.5483468076345028 0.6961235872856119 0.16659893912238175 0.15104168874473983
37 0.5936839959428102 0.20365583429038692 0.17616485389503395 0.16230657095872497
29 0.3976997455390684 0.5040303126060225 0.161856892044481 0.14775299763774735
18 0.6444150584452817 0.5665849094254632 0.15865007142762977 0.14295637023308566
10 0.46223025528159634 0.837735679210911 0.16662621266133187 0.15260418874473985