16 0.4211236482364062 0.12612080032760686 0.10499511646291496 0.09705800649282174
11 0.5301523309598373 0.4137963039810549 0.099898180687266 0.0891636858759707
4 0.7005744578266601 0.9002172248427872 0.10236808344622794 0.07671823295387128
6 0.5050571556996382 0.35647472768216093 0.0980900192218769 0.08444891233702041
4 0.6800439518337662 0.8451575779270423 0.10647572930778501 0.09552278003177221
24 0.5692004635924113 0.5325366213514949 0.10310506784239593 0.09078073295387146
24 0.5895262516974806 0.5915025182672398 0.10310506784239593 0.09078073295387128
26 0.4651049423343695 0.24009179708119593 0.1031869549975255 0.09234323295387145
24 0.5473940626424716 0.4720354979747004 0.10146068068726617 0.08919095941492117
1 0.48333264190482816 0.29441110430536643 0.09998006784239592 0.0907261858759707
21 0.44551946065173514 0.1818935133959759 0.10491322930778502 0.09549550649282175
19 0.6111688783371608 0.6551286416440345 0.09998006784239592 0.0907261858759707
19 0.6376627792871006 0.715547944403978 0.09998006784239592 0.0907261858759707
19 0.6560985187716509 0.7807911148586731 0.09660940637700648 0.08598413879807013
10 0.4029778358210773 0.07023899310343644 0.11486143939369349 0.1065966477265238