16 0.71796875 0.20503623475132288 0.0984375 0.10244852076024671
11 0.49296875 0.4146181872993305 0.090625 0.09588018577927464
4 0.115625 0.783617607718385 0.103125 0.10888952174882985
6 0.540625 0.37437253068325943 0.0890625 0.09269151878308027
4 0.16640625 0.7356867850947026 0.0984375 0.10401102076024671
24 0.40390625 0.5047391685162502 0.09375 0.0975700197716634
24 0.359375 0.5482371591247099 0.09375 0.0975700197716634
26 0.62734375 0.2872810489720482 0.0953125 0.09919618676785787
24 0.45 0.4597423449039848 0.0921875 0.0975063527754692
1 0.58828125 0.3278768740671884 0.0921875 0.09750635277546901
21 0.67109375 0.24453247486549118 0.096875 0.10082235376405232
19 0.3125 0.5947646492388783 0.0921875 0.0975063527754692
19 0.2609375 0.6379761383644634 0.0921875 0.0975063527754692
19 0.21640625 0.6885053789729232 0.090625 0.09431768577927464
10 0.75859375 0.16372282665237708 0.10625 0.11057935574121865