9 0.67109375 0.33515625 0.1359375 0.1578125
27 0.353125 0.4859375 0.1546875 0.178125
24 0.409375 0.73046875 0.1390625 0.1578125
32 0.28046875 0.53515625 0.1484375 0.1671875
24 0.48125 0.68828125 0.1421875 0.1640625
29 0.59453125 0.37890625 0.1390625 0.1578125
29 0.434375 0.4546875 0.1390625 0.1578125
9 0.75234375 0.29140625 0.140625 0.165625
18 0.6234375 0.61796875 0.1375 0.1609375
24 0.33671875 0.7625 0.14375 0.159375
18 0.76796875 0.553125 0.1359375 0.15625
18 0.69375 0.5828125 0.1421875 0.1640625
37 0.19921875 0.57109375 0.15625 0.1765625
29 0.5140625 0.4109375 0.140625 0.1609375
18 0.55703125 0.6640625 0.1375 0.159375
10 0.8421875 0.5140625 0.1453125 0.1640625