16 0.14609375 0.32927329383206494 0.0765625 0.09173612141421188
11 0.4515625 0.39048109002638265 0.06875 0.08833830290255769
4 0.9671875 0.5076313182572003 0.065625 0.1007291754978958
6 0.3890625 0.3809448881196169 0.0671875 0.08672123920022674
4 0.90390625 0.4926536482015999 0.075 0.09636905771188112
24 0.5765625 0.42049099383991423 0.0703125 0.09151786660488845
24 0.6375 0.43398800944901084 0.0703125 0.09151786660488845
26 0.26796875 0.35236107505025827 0.071875 0.0915724303072194
24 0.5125 0.40632185563547923 0.06875 0.08990080290255768
1 0.3234375 0.3660490636175128 0.071875 0.08844743030721931
21 0.2078125 0.3388367775899962 0.075 0.0916815577118811
19 0.703125 0.44966508395111493 0.0703125 0.08995536660488845
19 0.7703125 0.4590375947508881 0.071875 0.0884474303072194
19 0.8359375 0.4786209192529921 0.0703125 0.08683036660488845
10 0.0890625 0.3156398689671412 0.0859375 0.09675100362819702