41 0.45703125 0.0671875 0.321875 0.0921875
3 0.4453125 0.89765625 0.353125 0.1109375
8 0.44921875 0.828125 0.3421875 0.1015625
13 0.45234375 0.76015625 0.34375 0.1
8 0.4484375 0.68984375 0.34375 0.1015625
13 0.44453125 0.6234375 0.3375 0.0984375
18 0.446875 0.5578125 0.328125 0.09375
13 0.44609375 0.49453125 0.325 0.0953125
13 0.44375 0.43046875 0.309375 0.090625
23 0.44609375 0.36953125 0.3046875 0.0875
28 0.45390625 0.309375 0.3140625 0.09375
33 0.453125 0.2453125 0.315625 0.09375
33 0.459375 0.18515625 0.3265625 0.09375
38 0.46328125 0.12578125 0.33125 0.0921875
15 0.44375 0.9578125 0.3515625 0.084375