41 0.745826082091491 0.7882488234115421 0.3279014292169279 0.27869019602827727
3 0.3024588574178033 0.14374569189444814 0.36695728516439335 0.28749138378889627
8 0.3377102826780025 0.1884587626153938 0.3507590750784851 0.29845904052775935
13 0.37222140151576655 0.2437434220448532 0.35232157507848516 0.2985318151348652
8 0.41388660108622527 0.2963568457423363 0.35240346223361474 0.30009431513486523
13 0.45341276854450835 0.34517318135047814 0.3458259136130959 0.29355321670644174
18 0.48726546811496696 0.39815047808349047 0.3343970906823174 0.2836687944567008
13 0.5221041355732501 0.4471851375129499 0.33283459068231736 0.28359601984959487
13 0.5592865530315331 0.49611063503175057 0.31647260628614954 0.2688057737785364
23 0.5902189704898162 0.5453272309789746 0.3115394448207603 0.2638999499572188
28 0.6163410572154046 0.5971059007475162 0.3230501549066684 0.27534687220695986
33 0.6519609746736876 0.6461041728734227 0.3246126549066686 0.27541964681406556
33 0.679686504976841 0.6970288180348585 0.33275270352718744 0.28203351984959485
38 0.709056422435124 0.7463181885891884 0.33595959068231734 0.2837415690638066
15 0.2704209633652686 0.11464038875129498 0.3466580732694628 0.22928077750258996