41 0.95625 0.4328125 0.05625 0.31875
3 0.12578125 0.46484375 0.071875 0.3515625
8 0.1953125 0.46484375 0.0640625 0.3390625
13 0.2640625 0.46484375 0.0640625 0.340625
8 0.33359375 0.45703125 0.0640625 0.340625
13 0.39921875 0.45 0.0609375 0.334375
18 0.46484375 0.4484375 0.0578125 0.3265625
13 0.528125 0.44453125 0.059375 0.321875
13 0.5921875 0.4390625 0.0578125 0.30625
23 0.653125 0.43828125 0.0546875 0.3015625
28 0.71484375 0.44296875 0.059375 0.3109375
33 0.778125 0.43828125 0.059375 0.3140625
33 0.8390625 0.44140625 0.0578125 0.3234375
38 0.89921875 0.4421875 0.05625 0.328125
15 0.05625 0.4671875 0.0625 0.3484375