35 0.06502934172346467 0.3909329172082844 0.09406937418757347 0.10942163879807013
17 0.4933474362863032 0.5513741704579905 0.09412392126547413 0.11254663879807011
32 0.3358446278443167 0.49164243466144997 0.09417846834337489 0.11567163879807012
27 0.27919520738962145 0.4707629188331374 0.09256142126547413 0.11251936525911965
17 0.4413991526010831 0.529631584012827 0.09094437418757337 0.10936709172016937
37 0.3862576850684871 0.511849794645564 0.0941511948044245 0.11410913879807012
12 0.7012360284135096 0.6328757662386449 0.10048301542127547 0.11890573295387127
12 0.22717873985702558 0.45292658238797384 0.09258869480442442 0.11408186525911965
17 0.5445417435104736 0.5715678936726294 0.09571369480442442 0.1141364123370204
7 0.6476979711893392 0.6127229533324317 0.09730346834337489 0.1157261858759707
2 0.5949411639651687 0.5925565036567433 0.09571369480442442 0.1141364123370204
7 0.75164908563768 0.653083126222759 0.09409664772652385 0.11098413879807012
7 0.17210545617180548 0.4312385430207109 0.09256142126547413 0.11251936525911965
7 0.8036246428618504 0.6732632126679226 0.08935460064862326 0.10777731818121908
2 0.12014353571711026 0.4102772065755473 0.0893273271096728 0.10621481818121907