35 0.08125 0.58125 0.053125 0.0859375
17 0.5421875 0.559375 0.0515625 0.0859375
32 0.37265625 0.56640625 0.0515625 0.090625
27 0.31171875 0.5703125 0.05 0.0890625
17 0.4859375 0.56015625 0.05 0.084375
37 0.42734375 0.56484375 0.0515625 0.0890625
12 0.76796875 0.55234375 0.05625 0.090625
12 0.25625 0.57421875 0.0484375 0.0890625
17 0.5984375 0.5578125 0.053125 0.0890625
7 0.71015625 0.55390625 0.0546875 0.0890625
2 0.65234375 0.55703125 0.0546875 0.0875
7 0.82265625 0.55078125 0.0515625 0.0859375
7 0.19609375 0.57578125 0.0484375 0.0875
7 0.87890625 0.5484375 0.05 0.0828125
2 0.13984375 0.57734375 0.05 0.08125