16 0.2713871031466991 0.5026901734234095 0.03943520472226432 0.06633763154179632
11 0.3159410790443981 0.5013775733810573 0.03788179508134393 0.06780912628012441
21 0.7121393681738137 0.506478657214871 0.03789997579950324 0.07093412628012441
21 0.666041072994274 0.5045752519955513 0.03946247579950324 0.07102513154179632
31 0.18464562724900005 0.5015456314006219 0.036328385440423584 0.06928062101845249
39 0.48708937119887585 0.5019676495341246 0.036310204722264317 0.06615562101845249
36 0.14085926581268157 0.5052474840738101 0.036319295081343926 0.0677181210184525
39 0.5738126663784155 0.5062371915569124 0.03788179508134384 0.06780912628012423
39 0.532397326019336 0.5053880521226083 0.03787270472226432 0.06624662628012441
26 0.22683767242853986 0.5032215234657619 0.03788179508134402 0.06780912628012423
21 0.6199427778147342 0.5026718467762319 0.03945338544042354 0.06946263154179633
16 0.442530850121637 0.504061499576477 0.03943520472226432 0.06633763154179632
20 0.900438798891973 0.5143197912463288 0.047311337235821684 0.07773015785015538
0 0.8511927778147342 0.5161406255036656 0.04571247579950324 0.07138915258848363
16 0.39877175976255735 0.5030758522496652 0.03944429508134393 0.06790013154179633
6 0.358155850121637 0.4991472154461972 0.03943520472226432 0.06633763154179632
28 0.9744813286516149 0.2802702859140697 0.023792024004104916 0.06230257892507769
28 0.9716654008603218 0.22696327539072608 0.025345433645025395 0.06083108418674961
10 0.8051035729942739 0.5126747202843459 0.047293156517662284 0.07460515785015538
15 0.759009822994274 0.5099900650650264 0.0473204275949012 0.07929265785015538