16 0.6520853636945493 0.7014631160469799 0.08939111474138883 0.08481535178688589
11 0.6216523280753478 0.6706415389746733 0.08775587955902786 0.08162668479069168
21 0.3630890667730906 0.38011067536197035 0.09251611474138902 0.08494268577927463
21 0.3928317713702434 0.4148703359323741 0.09255248233256949 0.08650518577927464
31 0.7083003025241326 0.7648597711801761 0.09091724715020835 0.08331651878308044
39 0.5084957518029519 0.5462238122063778 0.08771951196784719 0.08006418479069151
36 0.7394782205521535 0.7940870147543855 0.08935474715020852 0.08325285178688588
39 0.4537705777910073 0.4796384900769873 0.09095361474138883 0.08487901878308043
39 0.481096797205799 0.5113686511416826 0.08775587955902786 0.0816266847906915
26 0.6809740831093409 0.7331296101154808 0.08775587955902786 0.0816266847906915
21 0.42101197596739626 0.4496936634989723 0.09255248233256949 0.08650518577927464
16 0.5389287874221533 0.5770453892786845 0.08935474715020834 0.08325285178688588
20 0.24560801320211825 0.2378833660841609 0.10534342306201391 0.09951452174882984
0 0.27925696779927106 0.2724838591640787 0.0989479526972917 0.09300985376405232
16 0.567817506836945 0.6087118833471854 0.08935474715020852 0.08325285178688588
6 0.5920187262517367 0.6405693784042695 0.08935474715020852 0.08325285178688588
28 0.03151110524208363 0.34591999505708415 0.04825696846486116 0.0612850098858317
10 0.3074371723964239 0.3073071867306768 0.10214568787965286 0.09626218775644109
15 0.3356173769935767 0.342130514297275 0.10690592306201392 0.09957818874502422