35 0.51640625 0.05859375 0.0953125 0.0734375
17 0.4421875 0.515625 0.0984375 0.0734375
32 0.4703125 0.34765625 0.1015625 0.0734375
27 0.4796875 0.28671875 0.0984375 0.071875
17 0.453125 0.459375 0.0953125 0.0703125
37 0.46015625 0.4015625 0.1 0.0734375
12 0.40234375 0.73828125 0.103125 0.078125
12 0.48671875 0.23203125 0.1 0.071875
17 0.43203125 0.5703125 0.0984375 0.075
7 0.41171875 0.68125 0.1 0.0765625
2 0.42109375 0.62421875 0.0984375 0.075
7 0.3921875 0.7921875 0.096875 0.0734375
7 0.49765625 0.17265625 0.0984375 0.071875
7 0.38203125 0.84765625 0.09375 0.0703125
2 0.5078125 0.1171875 0.0921875 0.0703125