8 0.4821357226204162 0.29496560602792904 0.10785074769092588 0.07957094606059653
33 0.4744461105566655 0.6505993767738534 0.10785074769092588 0.07957094606059663
41 0.47472022115981377 0.591638773869424 0.11437414976444416 0.08316954274124874
33 0.4777488934028695 0.4754576668158098 0.1078507476909257 0.07957094606059663
18 0.48192925400601777 0.4167930618367879 0.1078507476909257 0.07957094606059663
38 0.4774064322813416 0.5336370197202391 0.11124914976444433 0.08293274440092269
38 0.4750899509902765 0.7111816792633643 0.10954994872768502 0.08125184523075965
3 0.48661958812453676 0.16880584772955928 0.10472574769092588 0.07933414772027052
3 0.4835622301132867 0.23143590229366265 0.10785074769092588 0.07957094606059663
13 0.4744726707359705 0.8904072379766526 0.10982335080120365 0.0843768452307593
13 0.47518627874722075 0.8275995846573047 0.10785074769092588 0.07957094606059663
41 0.476241639350369 0.7686981813379568 0.10812414976444415 0.08269594606059663
13 0.4774475140907864 0.3566960114218694 0.11253824769092588 0.07992614357108563
3 0.487674948727685 0.10990444441021138 0.10628824769092589 0.0794525468904335
21 0.7456145878417129 0.11315245665727339 0.08658134043361106 0.06709425684847722