31 0.09086096153283321 0.49452593281352525 0.1257849131695506 0.13934102570316256
31 0.13740334092057754 0.45818652619745415 0.1225689849563052 0.1360886917107738
16 0.4432739415410805 0.2162642589344296 0.12417694906292791 0.13771485870696817
31 0.06219640393184354 0.5284725098858317 0.09765991316955058 0.1381950197716634
26 0.35476302249903513 0.2852278231551549 0.1225689849563052 0.1360886917107738
26 0.30737119695135684 0.3191916462731288 0.12578491316955054 0.13934102570316256
1 0.5752704361308042 0.11317770410524448 0.1225689849563052 0.13608869171077376
26 0.39902984804671354 0.2511366660447923 0.1210064849563052 0.13602502471457933
11 0.4859100709288248 0.17976568482787258 0.12578491316955062 0.13934102570316256
6 0.5286371285298145 0.14639211072131555 0.12417694906292791 0.13771485870696815
16 0.2235023138026888 0.38678371148243723 0.12261444906292791 0.13765119171077372
16 0.17769572030832181 0.4215924515966055 0.12261444906292791 0.1376511917107738
16 0.26864131756361254 0.3558493878701718 0.12422241316955063 0.13927735870696817
1 0.6188696719450392 0.08296096349678464 0.11898934389007838 0.12033635771838495
25 0.0396909181176085 0.5595487549429159 0.05046666442319181 0.1253475098858317