20 0.06640625 0.496875 0.046875 0.084375
17 0.1703125 0.49609375 0.0453125 0.078125
2 0.64453125 0.49296875 0.0421875 0.0703125
12 0.43671875 0.4921875 0.0453125 0.0671875
2 0.69765625 0.4921875 0.0421875 0.0671875
2 0.3296875 0.49375 0.0453125 0.0703125
17 0.2765625 0.49453125 0.0453125 0.075
27 0.75078125 0.4953125 0.04375 0.0765625
17 0.2234375 0.49609375 0.0453125 0.075
40 0.59140625 0.4953125 0.04375 0.0765625
32 0.8 0.4953125 0.046875 0.0765625
37 0.53984375 0.4953125 0.0390625 0.0765625
7 0.384375 0.49375 0.0421875 0.071875
32 0.4890625 0.4953125 0.04375 0.071875
37 0.8515625 0.4953125 0.04375 0.075
22 0.553125 0.15078125 0.06875 0.059375
10 0.11640625 0.49609375 0.0453125 0.08125
6 0.66796875 0.12109375 0.071875 0.075