8 0.25326181720628904 0.41640625 0.10182367328319834 0.10625
33 0.5405669563718687 0.621875 0.10018839867609249 0.1046875
41 0.49209522312109166 0.5890625 0.1068022717116218 0.1125
33 0.39838591853019656 0.52109375 0.10018839867609249 0.1046875
18 0.35240348449363124 0.48515625 0.10182367328319834 0.10625
38 0.4460764017809735 0.55390625 0.10509422249741007 0.109375
38 0.5898199396226458 0.6546875 0.10338617328319835 0.10625
3 0.1519947237402643 0.34296875 0.10011562406898662 0.103125
3 0.20106577047327664 0.3796875 0.10182367328319834 0.10625
13 0.7367248647678709 0.7546875 0.10502144789030421 0.1078125
13 0.6860185434277527 0.71953125 0.10182367328319834 0.10625
41 0.6383644474805286 0.6859375 0.10509422249741007 0.109375
13 0.30066120202864255 0.45546875 0.10345894789030421 0.1078125
3 0.10359576509659316 0.30859375 0.10011562406898658 0.103125
21 0.22168875537668348 0.07109375 0.09335620181924557 0.0921875