20 0.8890625 0.73125 0.0953125 0.1
17 0.80390625 0.6703125 0.0890625 0.0921875
2 0.4125 0.39453125 0.0828125 0.084375
12 0.5828125 0.5171875 0.0828125 0.084375
2 0.36796875 0.3640625 0.078125 0.08125
2 0.67109375 0.57890625 0.0859375 0.0875
17 0.715625 0.609375 0.0890625 0.0921875
27 0.3265625 0.33046875 0.0890625 0.0921875
17 0.76015625 0.63984375 0.0875 0.090625
40 0.45703125 0.4234375 0.0875 0.090625
32 0.2859375 0.30078125 0.090625 0.0921875
37 0.5 0.4546875 0.084375 0.0890625
7 0.6265625 0.546875 0.084375 0.0875
32 0.54140625 0.48359375 0.0859375 0.0875
37 0.24375 0.2703125 0.0875 0.090625
22 0.290625 0.72578125 0.096875 0.09375
10 0.84765625 0.703125 0.090625 0.0953125
6 0.1796875 0.68203125 0.1109375 0.1078125