31 0.6994246531404207 0.17341790453602052 0.16566576708875883 0.1737538462971587
31 0.7112858071387713 0.2313014603522192 0.16084187476889084 0.16873856436617346
16 0.7935409953146395 0.6099238510656103 0.1640123388755134 0.1705195856534969
31 0.6877453555685609 0.1217843487198218 0.16566576708875883 0.1737538462971587
26 0.7707590616911177 0.499570859111382 0.16084187476889084 0.16873856436617346
26 0.7605058717993899 0.4431405426515215 0.165665767088759 0.1737538462971587
1 0.8287607444567096 0.7710745185142065 0.16084187476889084 0.16873856436617346
26 0.7825520195295343 0.5551106649275808 0.15923391066226814 0.16706680372251181
11 0.8076095069931221 0.6629560159163164 0.16727373119538172 0.17542560694082035
6 0.8185302866182932 0.7154254520543459 0.16401233887551356 0.1705195856534969
16 0.7379285266556703 0.3398188006972932 0.16401233887551356 0.17051958565349698
16 0.7261128367639424 0.2834977448810945 0.16401233887551356 0.1705195856534969
16 0.7449657883341528 0.3933426384444771 0.16566576708875863 0.1737538462971587
1 0.8253917035487675 0.8167148004451917 0.12404055674305994 0.13653806956195352
25 0.6690802721033238 0.07664267850884751 0.15597251834239997 0.15328535701769502