31 0.8734375 0.7 0.08125 0.109375
31 0.81328125 0.7125 0.078125 0.1078125
16 0.41875 0.796875 0.0796875 0.1078125
31 0.92734375 0.68828125 0.08125 0.109375
26 0.5328125 0.7734375 0.078125 0.1078125
26 0.5921875 0.76328125 0.0796875 0.1109375
1 0.24921875 0.8328125 0.078125 0.1078125
26 0.47578125 0.78515625 0.0765625 0.1078125
11 0.3625 0.8109375 0.08125 0.109375
6 0.3078125 0.82265625 0.0796875 0.1078125
16 0.70078125 0.7390625 0.078125 0.109375
16 0.759375 0.72734375 0.078125 0.109375
16 0.64453125 0.74765625 0.0796875 0.109375
1 0.19140625 0.84609375 0.075 0.1078125
25 0.9734375 0.675 0.053125 0.1109375