4 0.8429031168973811 0.8283029758026696 0.27633646668512457 0.30107031017246655
4 0.8047127020302713 0.791472909839235 0.28132435533407263 0.305976133993784
4 0.7651600462624604 0.7576950692686945 0.2679231893872284 0.29133143713693704
4 0.7219514643687726 0.7276415421803891 0.27789896668512454 0.30114308477957225
9 0.6820984199520135 0.6891762016098486 0.26283517118863137 0.28486311331561964
9 0.6338716710317477 0.6658992133966729 0.27789896668512437 0.30114308477957225
9 0.5993371822905147 0.6253448339510028 0.28797487353266965 0.3125172324222074
9 0.5546662299464762 0.5967810322555918 0.27789896668512437 0.30114308477957225
14 0.5224754912052432 0.5563358147205804 0.26449780073828055 0.2864983879227253
14 0.4836540206626074 0.5218131114535928 0.2963881508305656 0.32225610545773675
14 0.44498274444444563 0.48963415818660516 0.2863122439830203 0.31088195781510175
14 0.4033366625507579 0.45965340570540575 0.2930628917312669 0.318985556243525
19 0.3673898681339988 0.4213700016526298 0.27633646668512435 0.30107031017246655
19 0.32511273056478507 0.3936966118678776 0.289637503082319 0.31415250702931335
7 0.2861911304725 0.3576114086008899 0.2795615962347737 0.3027783593866781
7 0.2437137338039875 0.3268130188161376 0.27966172578442305 0.3043408593866782
7 0.20728607803617644 0.2931807274598087 0.27623633713547513 0.2995078101724665
7 0.16642124614248868 0.2632363622821623 0.2661604302879298 0.2881336625298313