31 0.887408382964437 0.5752473033683995 0.11644735376405216 0.10408432757475125
31 0.8539300380976332 0.5225623943613857 0.1147575197716634 0.1008591980251019
16 0.6377877959691176 0.17766660626614822 0.11482118676785795 0.10242169802510181
31 0.9175070598464631 0.6218824714747117 0.11807352076024671 0.10574695712440044
26 0.7006154012160446 0.2778179981542987 0.11644735376405232 0.10408432757475108
26 0.7347476620904596 0.3273278423864876 0.11638368676785796 0.10252182757475108
1 0.5440802638401644 0.040679855029530566 0.1147575197716634 0.08135971005906113
26 0.6695763068435325 0.22732664482281115 0.11475751977166357 0.10085919802510182
11 0.6083430350947027 0.12785637338501138 0.11807352076024671 0.10574695712440044
6 0.5774312747145794 0.08049002005352382 0.11644735376405216 0.10408432757475113
16 0.7934780163488034 0.4230420581487614 0.11644735376405232 0.10408432757475108
16 0.8260796107213156 0.4734332819305996 0.1164473537640525 0.10408432757475125
16 0.7602225059686801 0.37582589914174785 0.11644735376405232 0.10408432757475108
1 0.5136778394295962 0.014237270976374455 0.11173067885919252 0.02847454195274891
25 0.9452089889156203 0.6754487600313746 0.10958202216875926 0.10574695712440044