4 0.4954473710970123 0.8758987708194909 0.37017081637205784 0.24820245836101834
4 0.4927417729514631 0.8487552799187895 0.35799172094004206 0.3024894401624209
4 0.49255034316870816 0.7961750046234786 0.3693386567156908 0.3320042782207466
9 0.49314016338595323 0.7331440784976018 0.36456926956056107 0.3301413895717985
9 0.4858765400256334 0.6688312546234785 0.3629248824054313 0.32847876002214915
9 0.48580794097557306 0.608094013722777 0.3579098337849123 0.32192837137320146
14 0.4786671483479479 0.5461249398486538 0.35799172094004206 0.3234908713732013
14 0.4707451057203227 0.4841058011997058 0.36456926956056107 0.3301413895717985
14 0.46759245024782725 0.4239495511997059 0.3857825282669884 0.34863057371723977
19 0.4590119883528967 0.36422409777593323 0.3744355924913396 0.34011716686969445
19 0.4581621393028364 0.3034367921004072 0.36456926956056107 0.3301413895717986
7 0.4548866530976463 0.24093679210040717 0.35799172094004206 0.3234908713732013
7 0.45337838478028053 0.18244317165005652 0.35634733378491246 0.321828241823552
7 0.45342597241038013 0.15363705119970586 0.3631019448207603 0.2724290191214479