4 0.05078125 0.3609375 0.040625 0.3421875
4 0.10234375 0.36328125 0.040625 0.3109375
4 0.15234375 0.36953125 0.0421875 0.296875
4 0.203125 0.38046875 0.0421875 0.309375
9 0.2546875 0.38671875 0.040625 0.3125
9 0.30703125 0.39921875 0.0390625 0.3203125
9 0.35859375 0.3953125 0.0390625 0.3125
9 0.40859375 0.403125 0.0421875 0.3109375
14 0.46015625 0.3984375 0.040625 0.3109375
14 0.509375 0.39609375 0.040625 0.3140625
14 0.55859375 0.40390625 0.0390625 0.31875
14 0.60859375 0.4140625 0.0390625 0.321875
19 0.6578125 0.4203125 0.0390625 0.3171875
19 0.70703125 0.4234375 0.0453125 0.3328125
34 0.75625 0.425 0.040625 0.3265625
34 0.8078125 0.42421875 0.0390625 0.30625
34 0.8578125 0.43359375 0.040625 0.3171875
34 0.90625 0.43984375 0.040625 0.3375