31 0.5700520943723699 0.10844843237942622 0.13361608656782167 0.11854029238978617
31 0.6039112284004536 0.1622840618250963 0.13194445916315978 0.1153425177826803
16 0.823809588466738 0.5180568345701754 0.1319990228654909 0.11690501778268025
31 0.5398635973675948 0.07038335214796787 0.13285219473518967 0.09666529238978616
26 0.7609152296663979 0.4145101495001528 0.13194445916315994 0.11534251778268043
26 0.7301810956383143 0.3608200692686944 0.13512402286549072 0.11705056699689198
1 0.9180556401881695 0.6706424871752092 0.13194445916316014 0.11534251778268026
26 0.7923487681409854 0.465892867035164 0.130327395460829 0.11370724317557439
11 0.8575323132389947 0.5679862140158454 0.13361608656782167 0.11854029238978611
6 0.8881027561600858 0.6169887942473038 0.1319990228654909 0.11690501778268043
16 0.6690402097961321 0.2628149088057777 0.13194445916315978 0.11534251778268026
16 0.6367708576192138 0.20983330396721342 0.13194445916315978 0.11534251778268026
16 0.6965947801218849 0.3147969398230243 0.1335615228654909 0.11697779238978612
1 0.942957631391754 0.7220979793173263 0.11408473721649201 0.1121447431755744
25 0.5115922644279702 0.04254729652361537 0.12318452885594056 0.04317641935425688