4 0.7066367218372637 0.8682900861577 0.2996638839608707 0.2634198276846
4 0.6777073560098958 0.8357439280153833 0.3046243997458863 0.28740071907742076
4 0.6462067270283484 0.797457324176656 0.28983385765251146 0.2739173732844655
4 0.6106633401542931 0.7612413187287744 0.3013173892225424 0.2840571977900975
9 0.5802169769577612 0.718321845211878 0.28478233660582397 0.26733959135348007
9 0.5380140664061827 0.6887000471893494 0.3013173892225424 0.2840571977900975
9 0.5131274584713226 0.644600485925269 0.31270991553090166 0.29263452229572967
9 0.47514931633559543 0.6097830895118947 0.3013173892225424 0.2840571977900975
14 0.45338770840073545 0.5659020495351379 0.2865268471291678 0.2705738519971419
14 0.42354058468085976 0.5261622063400723 0.3226309471009328 0.3026650861577
14 0.39194895043764044 0.489438102501345 0.3094939102692299 0.29085350100840623
14 0.3587038109327493 0.454167238018956 0.31776143657758915 0.2992123042267149
19 0.33211819510538143 0.4123021661112139 0.2996638839608706 0.2823854371464357
19 0.29565705033881845 0.37837528034150136 0.3128009207925736 0.29419702229572964
7 0.2658554292497787 0.3378541871464357 0.3028798892225425 0.2841664584337592
7 0.23109329237572346 0.301692812020385 0.3029708944842143 0.28572895843375923
7 0.20349891339417603 0.26367935979081203 0.2995728786991988 0.28082293714643586
7 0.17029927652012075 0.227627245308423 0.28808934712916767 0.27068311264080364