4 0.900513175939372 0.2953260136688803 0.18442900249879984 0.38280106436617345
4 0.8543369155664099 0.3115248140371974 0.1843106033286368 0.3812385643661734
4 0.803792463906736 0.31109884311819097 0.1730412166060283 0.3555830005042031
4 0.7606111489696703 0.33605528445200067 0.1748405149463544 0.35881726114786483
9 0.711262344405567 0.34115269385482516 0.16608082158505014 0.34577095792955614
9 0.6607654369370343 0.3516095926139879 0.18227450664798467 0.3748793037225117
9 0.6126122794685014 0.36223038233864324 0.16537042656407194 0.33639595792955623
9 0.5689573678507838 0.3809368236724529 0.17280441826570225 0.3524580005042031
14 0.5230771054032292 0.40104187404077 0.17519571245684346 0.36350476114786473
14 0.47540920000928877 0.4078110440872562 0.17699501079716953 0.36673902179152656
14 0.42701924420042997 0.4153068338119116 0.18012001079716952 0.36695754307885
14 0.3843231813379568 0.43641165546755206 0.17903110747782155 0.3730982824351884
19 0.33569642718877196 0.44078244519220744 0.1787943091374955 0.36997328243518834
19 0.2905382151561358 0.4601608758823554 0.19150779668994086 0.39417560694082054
19 0.23585071515613576 0.4563367533541947 0.1765214141165174 0.36048902179152653
19 0.19411350104890718 0.47983995533166607 0.17663981328668044 0.36205152179152655
34 0.1538795873565971 0.5026711679527993 0.18059360747782155 0.37320754307885