23 0.5361130639357028 0.5320866763880794 0.30193353919208266 0.29493162613590124
28 0.541541046846944 0.6941136414418914 0.2890698263391013 0.2818494292790543
28 0.5313226123654925 0.6430969509951853 0.28263796991261037 0.2753083308506309
41 0.5408807834526018 0.4218576517809735 0.28746186223247855 0.28021415467194843
41 0.5370032771843957 0.36742486290584403 0.30197900329870536 0.2964941261359012
28 0.5321553381505977 0.5876645882987382 0.309973359725196 0.3031079991714304
41 0.5471247717741193 0.4754000287454443 0.2778595416993651 0.27196500702931325
23 0.5312651249019048 0.7523264017809735 0.2955471468722145 0.2899530277074778
28 0.5280886491167995 0.8078679263880794 0.2955471468722145 0.2899530277074778
38 0.5306764400247419 0.8529984898703148 0.2820469365265156 0.2549958308506309
38 0.5299717463720903 0.8772172398703149 0.29313754922121243 0.20714052770747776
13 0.5300462350228121 0.3115751232449263 0.2810300058059877 0.273673056243525
8 0.5339812287546061 0.2567784613342675 0.274598149379497 0.2671319578151016
3 0.5363537224863999 0.20205457403071456 0.25856397241989304 0.252341711744043
15 0.5332347341648823 0.14836664785203213 0.28746186223247855 0.2802141546719485
10 0.5400674073635627 0.11724735029045026 0.2948651852728744 0.23449470058090052