23 0.5615130919382352 0.40744077001484635 0.3087807282883512 0.3077460594746528
28 0.5423917243340185 0.24559586725588436 0.2941452253226018 0.2929465750784851
28 0.5398370687065306 0.29818527872127365 0.28926672433401845 0.2880134136130958
41 0.5823123646756482 0.5143934548859839 0.29251905832640723 0.2913021879233554
41 0.5869162930405492 0.5697393741532893 0.3087807282883512 0.30774605947465294
28 0.5491284970714315 0.3532855365231898 0.31691156326932307 0.31596799525030156
41 0.5808971033069417 0.46044626130841915 0.28438822334543534 0.28308025214770643
23 0.5228803789729233 0.18946537596231164 0.3022760603035737 0.3011685108541339
28 0.5120901176042167 0.1432968803712961 0.3022760603035735 0.2865937607425922
38 0.5064966922050653 0.11159484000494879 0.28799338441013056 0.22318968000989758
38 0.49772918726214943 0.08852583220303267 0.29858337452429884 0.17705166440606535
13 0.5892083049035473 0.6259893741532894 0.28601439034162973 0.28472463930283637
8 0.600811649770351 0.6801855512225108 0.2811358893530464 0.27979147783744696
3 0.6116019111390575 0.7336414218692973 0.2632480523949082 0.2617032191310198
15 0.6161421725077639 0.7874248411366025 0.29408155832640726 0.29138407507848496
10 0.631365265891693 0.8343850503179997 0.3000132233454352 0.283899123699004