23 0.4592236366028917 0.505242158813056 0.31018265521545063 0.28645187195958355
28 0.300842690073302 0.4201735617390975 0.29680857006615663 0.2736609312301391
28 0.3485482165564055 0.45414982465687537 0.2917932881351716 0.26886432845659736
41 0.5691724369712088 0.5555350591736463 0.295136809422495 0.2720620636389587
41 0.6226198650634667 0.5857323586605562 0.3118544158591122 0.2880507395507642
28 0.4029954159359869 0.48124030793937533 0.32010395843375933 0.294482577506667
41 0.5189046392007818 0.5246292448690977 0.2867780062041863 0.2640677256830557
23 0.24121631779724279 0.4000052256830558 0.3034956126408036 0.2800564015948613
28 0.18420684713033791 0.3759851910137849 0.3034956126408036 0.28005640159486145
38 0.1391092815528329 0.3458242591180557 0.2782185631056658 0.2688643284565974
38 0.11397538266761938 0.3207690545209029 0.22795076533523875 0.2790381090418058
13 0.674340902190232 0.6182370405562854 0.2900122668478481 0.26570296086541684
8 0.7304598622134751 0.643801391429966 0.2834344849168627 0.2608699905006947
3 0.7843443328803799 0.6677486909168756 0.2650451178365838 0.24328244699770848
15 0.8254010216162996 0.6960925496743411 0.2731525487788332 0.2699904173624308
10 0.8512697529268662 0.7178227325200008 0.2190113519971419 0.2765300516711113