18 0.5453125 0.18671875 0.0765625 0.0625
38 0.6359375 0.59140625 0.0765625 0.0640625
38 0.596875 0.41640625 0.0765625 0.065625
0 0.51953125 0.06796875 0.0796875 0.075
18 0.55546875 0.24375 0.075 0.0609375
4 0.71875 0.96015625 0.078125 0.0671875
4 0.703125 0.9 0.075 0.0671875
41 0.61015625 0.475 0.075 0.0640625
18 0.57109375 0.3015625 0.075 0.0609375
8 0.67734375 0.775 0.0765625 0.0578125
41 0.64921875 0.6515625 0.0765625 0.0640625
8 0.665625 0.71484375 0.0765625 0.059375
8 0.690625 0.8359375 0.078125 0.0609375
20 0.52890625 0.12578125 0.075 0.0609375
33 0.6234375 0.53359375 0.075 0.0640625
33 0.58359375 0.359375 0.075 0.0640625