18 0.19539438012770874 0.4594663979207631 0.08019795269729176 0.09498245850815117
38 0.5737954031134727 0.6107972966667189 0.08176045269729179 0.0951008576783142
38 0.41027645735003515 0.5457078607785919 0.0833229526972918 0.09521925684847724
0 0.08481924961875034 0.4161918398321748 0.09280705547083341 0.10061715186945541
18 0.24904671019982683 0.47809707613522034 0.07859908510611113 0.09330155933798814
4 0.918220816391841 0.7482675275711796 0.0849218202884721 0.09690015601864026
4 0.8620974497505909 0.7243456981119671 0.08484908510611114 0.09377515601864025
41 0.46478277260451434 0.5674043394079675 0.08172408510611114 0.0935383576783142
18 0.3028445106366671 0.5029777543496776 0.07859908510611122 0.09330155933798814
8 0.7452177678548617 0.6792009867040308 0.07547408510611113 0.09306476099766207
41 0.6298824021635422 0.6331566261259316 0.08176045269729179 0.0951008576783142
8 0.6883858863959729 0.6584633568298998 0.07703658510611114 0.0931831601678251
8 0.8020860169049312 0.7015011165781619 0.0786354526972918 0.09486405933798814
20 0.13923464589527815 0.4339820684615505 0.07859908510611122 0.09330155933798814
33 0.5193072716545839 0.5898820680373433 0.08172408510611114 0.0935383576783142
33 0.357332642095556 0.5238929829790532 0.08172408510611114 0.0935383576783142