38 0.4885259164422303 0.7411026539318435 0.11946705223856355 0.10644387978345585
38 0.5639861776350484 0.22688704123714665 0.11774077792830404 0.10327341567683304
23 0.5133222778167624 0.5665572949980703 0.11774077792830404 0.10327341567683312
38 0.48228920454729973 0.800386725718598 0.11946705223856355 0.10644387978345549
38 0.49632512833716086 0.6818640462517116 0.11946705223856355 0.10644387978345585
5 0.5889905789236722 0.06330191435668481 0.11889384215265544 0.09550637978345573
23 0.5024799530769617 0.6241424744649569 0.11774077792830404 0.10327341567683312
30 0.5839036092268256 0.11557746819675078 0.1193851650834338 0.10488137978345571
23 0.5209986589789984 0.5096624373179385 0.11774077792830404 0.10327341567683312
41 0.5563097964728124 0.2837818989172786 0.11774077792830404 0.10327341567683304
8 0.5402167277259053 0.39676763222423117 0.11437011646291495 0.09849498746358769
8 0.5302375401412343 0.45281304374442916 0.11280761646291496 0.09844952335696497
8 0.5486334153105765 0.3406767565974106 0.11280761646291496 0.09844952335696497
29 0.4589601679125684 0.9170741205457487 0.11140889077317447 0.10152905925034225
33 0.5747056716421545 0.17164561177026005 0.11445200361804453 0.1000574874635877
29 0.47046091191967443 0.8618554231321734 0.10976450361804453 0.0999210951437199