38 0.6149067842598822 0.3115419674879371 0.0942280348257091 0.0750871173323806
38 0.5430007225219218 0.8109085469372479 0.09570864767057934 0.07363387797604233
23 0.5887581213241548 0.4809586030055481 0.09570864767057934 0.07363387797604233
38 0.6236366530976463 0.2553301723154001 0.09587242198083885 0.07675887797604233
38 0.6046963025772479 0.36920700201681234 0.09430992198083885 0.0766496173323807
5 0.5204307609656755 0.9687383823770805 0.09727114767057934 0.062523235245839
23 0.5943220465843541 0.42374703654568757 0.09414614767057934 0.07352461733238051
30 0.5292425169585693 0.9196990388914761 0.0957905348257091 0.07519637797604233
23 0.580727615331261 0.5356625284999159 0.09570864767057934 0.07363387797604233
41 0.5502090349372508 0.7553687411210491 0.09414614767057934 0.07352461733238051
8 0.5670512969230384 0.6460155204541442 0.09233798620519007 0.06872785668871888
8 0.573560246493497 0.5919835843161148 0.09077548620519008 0.06861859604505724
8 0.5589798473525797 0.699938195948512 0.09077548620519008 0.06861859604505724
29 0.6354638664629149 0.1393991697175101 0.08789614767057934 0.07308757475773371
33 0.5364917729514631 0.8649404830752774 0.09562676051544958 0.07207137797604232
29 0.629818054047586 0.19504823617737052 0.08625176051544958 0.07141581411407198