38 0.596254918789656 0.31918951988220706 0.1245684687818068 0.12397506249917623
38 0.27293889284412226 0.7130081091700398 0.12138890507947586 0.12235801542127547
23 0.48760162668687157 0.4533133295420095 0.12138890507947586 0.12235801542127547
38 0.632294111710747 0.2721332877391146 0.12456846878180663 0.12397506249917623
38 0.5602702895708956 0.3646832520252996 0.12456846878180663 0.12397506249917623
5 0.16603907369949583 0.8416904423687924 0.12618553248413766 0.12556483603812651
23 0.5258481603521356 0.4102042577073425 0.12138890507947586 0.12235801542127547
30 0.20043392106709068 0.7969506866867497 0.12456846878180672 0.12397506249917623
23 0.45245281117044217 0.4972581984545771 0.12138890507947586 0.12235801542127547
41 0.30884167650938626 0.6698581270269472 0.12138890507947586 0.12235801542127547
8 0.3791120256910796 0.5827496392018119 0.11810021397248338 0.11761596834337489
8 0.4157687775051782 0.5403945438281945 0.11648315027015244 0.11602619480442442
8 0.34401777387698107 0.6251320081143795 0.11648315027015244 0.11602619480442442
29 0.7103769608924404 0.1851611676087309 0.1181002139724832 0.1176159683433748
33 0.23552817288118924 0.754568317774182 0.11815477767481415 0.1191784683433749
29 0.6721849909295073 0.2267077394433979 0.11486608656782167 0.11443642126547413