19 0.22422706372028745 0.3861731747380632 0.07014095048646736 0.08449496832111639
19 0.26519693709708203 0.4082777676810273 0.06855117694751697 0.08282320767745457
19 0.3077293104738766 0.4302730999803295 0.07011367694751698 0.0829324683211162
11 0.5528218478125446 0.5598302879599445 0.07332049756436802 0.08783848960843983
20 0.10834869358990377 0.31936772301269334 0.0765000446422687 0.09118201089576328
21 0.34946679708119593 0.45310431260146267 0.07488299756436803 0.08794775025210164
5 0.14146515665827283 0.34436236917396607 0.07965231818121907 0.09296303218308673
21 0.38813383076641605 0.4730290465099193 0.07011367694751698 0.08293246832111638
36 0.6850246473260773 0.6301760029268662 0.07647277110331849 0.08961951089576328
36 0.6417382974882331 0.6066728009493948 0.07488299756436803 0.08794775025210164
21 0.4290627938347852 0.4974773894528834 0.07170345048646745 0.08460422896477801
36 0.5976706976503888 0.5832242292937542 0.07329322402541774 0.08627598960843982
6 0.5141820876662748 0.538343054051488 0.07173072402541755 0.08616672896477802
1 0.4708548275200052 0.5171836020740164 0.07173072402541773 0.08616672896477802
39 0.7298734971639215 0.6535699442606759 0.07488299756436803 0.08794775025210164
39 0.7747632573101912 0.6746201355944856 0.0765000446422686 0.09118201089576328
15 0.18322991680454254 0.3656310817950992 0.0765000446422687 0.09118201089576328