19 0.6064560154359953 0.7144578037993863 0.08675566000954511 0.07632183540139544
19 0.5972895534293137 0.665839987339526 0.08675566000954511 0.07632183540139544
19 0.5865605914226322 0.6173314315233271 0.0851931600095451 0.07621257475773362
11 0.5254118167170432 0.3346553253388113 0.09309656667727229 0.08457137797604233
20 0.6315025634547672 0.8511001441444602 0.0962579293443632 0.08791489926336596
21 0.5766128794159509 0.5687682453852976 0.0930965666772721 0.08457137797604233
5 0.6294309861154946 0.8074594047881221 0.09782042934436319 0.08802415990702742
21 0.5667015300763601 0.523330059247268 0.08833634134309029 0.07799359604505725
36 0.4931431146960441 0.1820984078902152 0.09467724801081764 0.08624313861970405
36 0.5038902580362711 0.23216946370641392 0.0930965666772721 0.08457137797604233
21 0.5583254087364514 0.47543886246557665 0.08991702267663584 0.07966535668871888
36 0.5138652420432708 0.2830763998444435 0.09149770401018138 0.08133711733238069
6 0.5345419160566338 0.3801481417986718 0.09309656667727229 0.08457137797604233
1 0.5460521280633153 0.4286020672930396 0.0930965666772721 0.08457137797604233
39 0.482368699355499 0.12968360207401647 0.09467724801081764 0.08624313861970409
39 0.46849655601527207 0.07983106754514122 0.09467724801081764 0.08624313861970409
15 0.6187202054423586 0.7605133489719234 0.09623974801081765 0.08635239926336577