19 0.36328125 0.2625 0.078125 0.059375
19 0.3796875 0.309375 0.078125 0.059375
19 0.39765625 0.35625 0.0765625 0.059375
11 0.49921875 0.63046875 0.0828125 0.065625
20 0.31875 0.12890625 0.0859375 0.06875
21 0.4140625 0.40390625 0.0828125 0.065625
5 0.32734375 0.171875 0.0875 0.06875
21 0.43046875 0.44765625 0.0796875 0.0609375
36 0.55390625 0.77890625 0.084375 0.0671875
36 0.5359375 0.7296875 0.0828125 0.065625
21 0.44609375 0.49453125 0.0796875 0.0625
36 0.51796875 0.68046875 0.08125 0.0625
6 0.48359375 0.58671875 0.0828125 0.065625
1 0.46484375 0.53984375 0.0828125 0.065625
39 0.571875 0.8296875 0.084375 0.0671875
39 0.59296875 0.87734375 0.084375 0.0671875
15 0.34453125 0.21796875 0.0859375 0.0671875