23 0.16409988231825506 0.7651490449359721 0.08589126834526431 0.08441977360693613
25 0.6246598238045802 0.08975087165373705 0.07422572625188958 0.0712827367752332
36 0.36939911625089084 0.46199541090451446 0.07753273677523316 0.0745897472985769
12 0.5625322791509567 0.18057256370475955 0.07248121572854575 0.06806673151356138
18 0.1999155559534261 0.7116754344408633 0.08249325256024873 0.0795502630835923
28 0.33845295313906354 0.5120710056146077 0.0808397472985769 0.07789675782192056
38 0.2696658848079167 0.6102879687123176 0.08414675782192056 0.0812037683452644
16 0.49953247923566124 0.27300225838661796 0.07422572625188942 0.07128273677523325
21 0.4678960713855059 0.32156085572754717 0.07578822625188941 0.07137374203690508
36 0.40416052410104636 0.4132548030402415 0.07257222099021768 0.06962923151356151
26 0.4340979240586941 0.3671309609609842 0.07422572625188942 0.07128273677523325
13 0.2333419769577612 0.6591195818382622 0.08414675782192065 0.0812037683452644
17 0.530251129193309 0.22683291367652467 0.06944722099021768 0.06944722099021768
7 0.5939411738469325 0.1359202163638303 0.07578822625188941 0.07137374203690508
33 0.302174547919744 0.5601213687405524 0.07918624203690508 0.07624325256024882
20 0.6577677263930639 0.042663769051135995 0.07762374203690499 0.07615224729857692