37 0.78515625 0.33046875 0.0796875 0.08125
37 0.8296875 0.29296875 0.08125 0.0828125
37 0.7421875 0.36796875 0.078125 0.0796875
17 0.38359375 0.67578125 0.0765625 0.078125
0 0.8734375 0.25390625 0.0875 0.0875
17 0.4296875 0.63671875 0.0765625 0.0765625
27 0.2421875 0.79609375 0.0828125 0.084375
27 0.33515625 0.715625 0.0828125 0.084375
27 0.28984375 0.75546875 0.0828125 0.0859375
1 0.5640625 0.5203125 0.078125 0.08125
1 0.51953125 0.559375 0.075 0.0765625
1 0.475 0.59765625 0.075 0.0765625
24 0.60859375 0.48203125 0.0796875 0.08125
24 0.65546875 0.44296875 0.0765625 0.078125
24 0.69921875 0.40546875 0.0765625 0.078125