37 0.3248697662353497 0.21976434065935485 0.08266822402541765 0.08408731252120454
37 0.28733853855648406 0.1781324013664608 0.08264095048646736 0.0825248125212045
37 0.36320951745316565 0.2598064981010834 0.0794614034085667 0.07929068511654283
17 0.6774263814977647 0.5978396891232579 0.07789890340856669 0.07923612141421188
0 0.2474499241081432 0.13736355762706307 0.08743754464226869 0.08893850362819707
17 0.6383599273578493 0.5546998135326948 0.0763091298696164 0.07761905771188111
27 0.8007802865311845 0.7325098110856241 0.08425799756436803 0.0857043762235353
27 0.7187820385597793 0.6440227191603249 0.08425799756436803 0.0857043762235353
27 0.7593973559302194 0.6878892810485573 0.08582049756436802 0.08575893992586625
1 0.5195435178602027 0.4284597504633362 0.07948867694751698 0.08085318511654283
1 0.5594184955390684 0.4700098442027339 0.0794614034085667 0.07929068511654283
1 0.5977173364484589 0.5123957516444625 0.0794614034085667 0.07929068511654265
24 0.4804497901813371 0.386882374872773 0.08107845048646727 0.08247024881887369
24 0.4398481095803722 0.3422345629845407 0.0794614034085667 0.07929068511654283
24 0.4023168819015065 0.30060262369164664 0.0794614034085667 0.07929068511654283