31 0.50078125 0.43671875 0.046875 0.065625
16 0.25078125 0.440625 0.053125 0.0640625
11 0.184375 0.4390625 0.053125 0.065625
18 0.31171875 0.4375 0.046875 0.065625
23 0.3796875 0.4359375 0.053125 0.065625
28 0.43984375 0.43515625 0.0515625 0.065625
12 0.6875 0.4375 0.05625 0.0625
36 0.5625 0.4359375 0.05 0.0640625
17 0.746875 0.4390625 0.0515625 0.059375
39 0.62421875 0.4375 0.05 0.0625
6 0.11796875 0.44140625 0.05625 0.06875
22 0.80859375 0.43828125 0.053125 0.0578125
9 0.87265625 0.43984375 0.05 0.0609375
9 0.93515625 0.43828125 0.046875 0.0546875