31 0.4351964440642698 0.46093487067876265 0.09636701734563573 0.09339831050398359
16 0.44038557276413187 0.7053979245188288 0.09798406134627217 0.0981312746106063
11 0.43957759810626784 0.7702871386254513 0.099546561346272 0.09817673871722903
18 0.43656968208940494 0.646113852732074 0.09636701734563573 0.09339831050398359
23 0.4342344754137235 0.5797530668386968 0.099546561346272 0.09817673871722885
28 0.4327714254057694 0.521182048892008 0.09794769867918127 0.09500627461060632
12 0.4338504780394527 0.2780996386254514 0.09800224267981754 0.09969377461060631
36 0.4329339627227702 0.40082408478538534 0.09638519867918127 0.0949608105039836
17 0.434749359365044 0.22102292451882866 0.09166133601209037 0.09169941818411553
39 0.4345868220480432 0.34138088862545135 0.09480451734563573 0.09335284639736088
6 0.44188553278163106 0.8343041745188288 0.10586928668045399 0.10460859514371953
22 0.4340493780235444 0.16086667451882866 0.09167951734563573 0.09326191818411553
9 0.4348755340149538 0.097539960412206 0.091643154678545 0.09013691818411551
9 0.43339430267345425 0.03962948667216486 0.0853204293443632 0.07925897334432971