31 0.5092290155710543 0.4497110426103784 0.07466995850815117 0.07932503571381488
16 0.7352335632866804 0.3639310499139792 0.0794758576783142 0.08096935633066593
11 0.7941582773939089 0.33843221793304246 0.07959425684847724 0.08253185633066593
18 0.6789602524987997 0.38323442897281657 0.07466995850815117 0.07932503571381506
23 0.6174549900512452 0.4055673506453278 0.07959425684847724 0.08253185633066593
28 0.5628625784335274 0.4264605032431156 0.0779133576783142 0.08094208279171564
12 0.34195992781347184 0.517791066556366 0.0810383576783142 0.0809966298696164
36 0.4531333035384181 0.47135817166921595 0.07623245850815116 0.07935230925276535
17 0.28904841536591724 0.540273992693104 0.07599566016782511 0.07622730925276536
39 0.398718490675945 0.4945950742670037 0.07611405933798814 0.07778980925276535
6 0.8549414894265451 0.31686690949105606 0.08451855518880329 0.08573867694751698
22 0.23295270333328108 0.5619211217519415 0.07587726099766208 0.07466480925276535
9 0.17625334005588947 0.5858983640413037 0.07443316016782515 0.07620003571381488
9 0.11931717843817177 0.6067506063306659 0.06927206348717307 0.06986821509696384