31 0.425 0.4953125 0.078125 0.0703125
16 0.4984375 0.728125 0.078125 0.075
11 0.51640625 0.790625 0.0796875 0.075
18 0.478125 0.67265625 0.078125 0.0703125
23 0.4578125 0.609375 0.0796875 0.075
28 0.43984375 0.553125 0.0796875 0.071875
12 0.37265625 0.3203125 0.078125 0.078125
36 0.40625 0.43828125 0.078125 0.071875
17 0.35703125 0.26484375 0.0734375 0.0703125
39 0.390625 0.38046875 0.0765625 0.071875
6 0.53671875 0.8515625 0.084375 0.0796875
22 0.33984375 0.2078125 0.0734375 0.071875
9 0.32265625 0.146875 0.0734375 0.06875
9 0.30390625 0.0890625 0.06875 0.0640625