31 0.4578125 0.459375 0.08125 0.0734375
16 0.35078125 0.684375 0.0828125 0.078125
11 0.31953125 0.74296875 0.084375 0.0796875
18 0.375 0.628125 0.08125 0.0734375
23 0.403125 0.56640625 0.084375 0.0796875
28 0.4296875 0.51328125 0.0828125 0.0765625
12 0.54140625 0.29296875 0.0828125 0.08125
36 0.484375 0.40390625 0.08125 0.0765625
17 0.56875 0.23984375 0.078125 0.075
39 0.51328125 0.34921875 0.0796875 0.075
6 0.2921875 0.80390625 0.090625 0.0828125
22 0.59609375 0.184375 0.078125 0.075
9 0.62578125 0.128125 0.078125 0.0734375
9 0.65234375 0.071875 0.071875 0.06875