24 0.12895090612419974 0.7127439408609909 0.1896190798171736 0.18812935442427942
28 0.4663845936754217 0.5980241995474432 0.17809938296032685 0.1751199321745384
28 0.352992027711987 0.6391650839555121 0.18300520678164425 0.18002575599585596
28 0.40866198490791605 0.6155242227068071 0.18627575599585597 0.1832963052100677
24 0.08290975672198167 0.7284631401990371 0.16581951344396334 0.17519270678164425
11 0.18209517680236414 0.6931184915229446 0.18300520678164434 0.18002575599585596
3 0.5240536985139859 0.5649355636916324 0.1813699321745384 0.1783904813887503
3 0.5747643279596559 0.5306119135677978 0.18136993217453856 0.1783904813887503
11 0.29743123242671665 0.6604621952042169 0.17973465756743262 0.17675520678164425
31 0.6644689909037721 0.4289894474805286 0.1764641083532208 0.17348465756743253
11 0.23667566894448133 0.6593941548813455 0.17482883374611502 0.17184938296032684
3 0.6284544081911143 0.49926771422975164 0.18136993217453856 0.1783904813887503
31 0.7269518742783836 0.4097086004998472 0.18300520678164425 0.18002575599585596
31 0.7830584791169478 0.3766927392511422 0.1715582845319034 0.16857883374611493
0 0.8395460736164297 0.35223424069888426 0.1895463052100677 0.18656685442427942