24 0.7956921497551187 0.15464158233237252 0.1179159772718286 0.1379843893637168
28 0.4695132536501527 0.33004818991429674 0.10686938311602727 0.13109735253201382
28 0.5787012930174156 0.2681635689664314 0.11004893019392785 0.13440436305535766
28 0.5253268770269472 0.3017720004941102 0.11007620373287814 0.13596686305535757
24 0.8491483863624382 0.12572065080469372 0.11470915665497756 0.13311487884037315
11 0.7437984131477993 0.18347150859837946 0.11314665665497756 0.13302387357870127
3 0.41707009212391116 0.3722048688111396 0.10845915665497756 0.13275085779368573
3 0.3708769305976697 0.4139975266612951 0.11004893019392785 0.13440436305535766
11 0.6313353693163095 0.23694439006958853 0.11158415665497756 0.13293286831702938
31 0.3001161915547183 0.526823021329036 0.10681483603812651 0.127972352532014
11 0.695275138391033 0.2261819243410427 0.10678756249917605 0.12640985253201392
3 0.32231274553247785 0.45436419240395837 0.10845915665497756 0.13275085779368573
31 0.23887472848634922 0.5577614791650741 0.11158415665497756 0.13293286831702938
31 0.18799406696010776 0.5998271528002451 0.10525233603812652 0.1278813472703421
0 0.1346196509696394 0.6334355843279239 0.11632620373287823 0.13633088410204514