28 0.6415309967774949 0.779594621653737 0.08846361067790856 0.08790879465362363
28 0.6221355594366316 0.7252179347937993 0.08688292934436319 0.0862552893919517
12 0.595036710097041 0.6806712742422206 0.08215906667727228 0.08285727360693614
12 0.5779759320894049 0.625376829489775 0.07899770401018139 0.07955026308359248
11 0.4654282893857248 0.35909094780680456 0.08839088534372692 0.08165879465362362
11 0.43743001137808885 0.3044335398860619 0.08840906667727229 0.08322129465362353
34 0.33065111067790853 0.06361038978723985 0.08677384134309048 0.07688028939195171
29 0.3859936860279987 0.18390820825956106 0.08370338534372675 0.08138577886860801
26 0.5174822327339059 0.4655082768024695 0.08208634134309048 0.07660727360693613
7 0.5376771014083147 0.5214019610315713 0.08210452267663584 0.07816977360693614
29 0.4140828707033619 0.24637811618030367 0.08528406667727229 0.08303928413027979
34 0.3579499546864991 0.12534455033881842 0.08521134134309047 0.07678928413027983
7 0.5593708354153144 0.5717358899990014 0.08052384134309029 0.0765162683452644
26 0.49107372672658817 0.41310361362005493 0.08208634134309048 0.07660727360693613