28 0.6592146118915974 0.1456812954997564 0.10861389342673622 0.10403549620027785
28 0.638557926196146 0.19853419177628417 0.10854115824437507 0.10091049620027785
12 0.6280393067051044 0.25036944871013833 0.09905705547083343 0.09600479065319459
12 0.605038871009653 0.303276896373437 0.09589568787965277 0.09436955547083344
11 0.5136742142838894 0.5758623708222219 0.10530705547083344 0.09615026101791671
11 0.4971056165443408 0.6364368481207983 0.10694229065319458 0.09931162860909737
34 0.4177681811332299 0.8884188818401384 0.10359908510611113 0.08986389342673604
29 0.45700990624760485 0.7608744568782635 0.10061955547083343 0.09604115824437506
26 0.544631313923299 0.46179921761183984 0.09734908510611114 0.08971842306201391
7 0.5667959482319795 0.40656620374413144 0.10061955547083343 0.09604115824437506
29 0.47659440121361174 0.6955397443973259 0.10225479065319458 0.09920252583555574
34 0.4381521098948271 0.8238472355636107 0.1020729526972918 0.09139002583555574
7 0.5835645677230211 0.35458547644555505 0.09734908510611114 0.08971842306201391
26 0.5295524810013894 0.5192123273192356 0.09898432028847229 0.0928797906531944