40 0.36500300326227597 0.5342352253228867 0.10757723734881744 0.11715405925034225
37 0.5489609272756389 0.4411170257977405 0.09336928668045381 0.10424488229073817
32 0.48607002860441195 0.47289221153283323 0.09967383068109026 0.10911423871722903
37 0.3043740385900945 0.5731098572179135 0.10285337468172653 0.11389266693047428
29 0.7235256699554566 0.34928854163285805 0.08539315467854483 0.08995506175762476
29 0.7801302059595928 0.3204564994712746 0.08223179201145392 0.08673913354437941
32 0.23679563991886737 0.6047486506331382 0.10921246268299925 0.12344952335696498
22 0.17542178791377672 0.6404755504748537 0.09963746801399935 0.10598923871722885
17 0.10707122990932236 0.6713103618367671 0.0996192866804539 0.10442673871722903
29 0.8406864452975926 0.2878318675762478 0.090171561346272 0.09790395407749282
7 0.6661126119510022 0.38044160174113023 0.09491360534690844 0.10272784639736088
12 0.05512692190486801 0.7026225463182186 0.06984088001272667 0.09575042069139794
7 0.6071461446133206 0.4107679477427797 0.09178860534690844 0.10263691818411544
27 0.4255501519335031 0.50239184342786 0.10129087468172653 0.11384720282385156