19 0.46438291164953294 0.4291829732033497 0.1267534318225902 0.12332903663473135
19 0.4662485584653343 0.49209573100526577 0.1267534318225902 0.12332903663473135
41 0.4784630632971262 0.9333072291962434 0.13580969636645773 0.08179663387576923
4 0.46411248936984056 0.613561295229617 0.13182356909549373 0.12826219810012063
41 0.4754814555709997 0.9031250842391977 0.1402737978836665 0.13648413387576924
4 0.4658342281599529 0.5543500695398765 0.13182356909549373 0.12826219810012063
9 0.4657060377125489 0.36532519109117406 0.13689370636839726 0.1331953595655099
9 0.4655942095331994 0.29998679613412815 0.13689370636839726 0.1331953595655099
34 0.45794069044740393 0.16503194199568516 0.14196384364130096 0.13812852103089918
34 0.46007740423266713 0.23415375622003642 0.14365388939893542 0.13977290818602892
1 0.46779572770091093 0.6732671658764033 0.13182356909549373 0.12826219810012063
22 0.4746043528458429 0.8471616892821517 0.12168329454968649 0.1183958751693421
15 0.45939136226805444 0.09961165988350958 0.1536666181871082 0.14807673111680741
1 0.46829019315316406 0.7339180608334492 0.12844347758022465 0.12497342378986112
22 0.47131972724186894 0.7921023750578005 0.12168329454968649 0.1183958751693421