38 0.40432684068844454 0.4953040082650343 0.06518251387966068 0.09200696846486131
23 0.227413887264672 0.5048822960684373 0.06498225478036197 0.08888196846486132
38 0.4662959145625679 0.48996123841340233 0.06528264342931003 0.09356946846486114
28 0.5306087384366912 0.4845639171749996 0.0685077729789592 0.09520470364722229
36 0.28673882248984733 0.5042815776035761 0.06341975478036196 0.08884560087368065
36 0.34938901681432133 0.5004831239563539 0.06508238433001132 0.09044446846486114
28 0.5934091270856392 0.4784217135277773 0.06850777297895938 0.09520470364722229
40 0.6659652475359898 0.4782931205378814 0.07642040252860856 0.0969490416031249
23 0.17842567474160073 0.5146034413950346 0.06478199568106335 0.08575696846486114
40 0.7398032657345872 0.4703338437523952 0.0765205320782579 0.09851154160312507
26 0.885566348708009 0.4599204077726034 0.07525842072720579 0.1031626740119446
19 0.07172509176817879 0.5241076875953125 0.057831088833518104 0.07467399810013901
19 0.11841961906607472 0.513659843655486 0.0561684592838688 0.07307513050895835
26 0.8137914782576583 0.46003081696690895 0.07047079117755643 0.10149107123840295