31 0.21286033049573624 0.39179953652459387 0.12385870031656916 0.12397506249917623
31 0.15609585345698984 0.3463000758918568 0.1254666644231918 0.12556483603812651
14 0.47781905542291164 0.6150633072208751 0.09652331050398359 0.09694891233702041
14 0.4281085604374765 0.5704678275134146 0.10134720282385157 0.10171823295387146
31 0.09606998409837539 0.296058568181219 0.12868259263643717 0.12874438311602718
34 0.6249561313663013 0.7339787228043064 0.0981312746106063 0.0985386858759707
14 0.5281744080884787 0.6549849236978108 0.09330738229073816 0.09376936525911965
34 0.577703046647423 0.6933304034052714 0.10134720282385157 0.10171823295387128
2 0.3778214039318435 0.5328899610364788 0.11099498746358769 0.11125687418757338
27 0.7570221367765777 0.8448225397677094 0.1029551669304741 0.10330800649282175
27 0.7137889623242561 0.8081486542160503 0.10617109514371954 0.10648755357072233
2 0.3233097486798518 0.48430641071216735 0.11581887978345566 0.11602619480442442
27 0.6698200019785571 0.773023631894916 0.10621655925034226 0.1080500535707225
2 0.26810777164110533 0.43883422361838065 0.12225073620994653 0.12238528896022594