31 0.4023758730323638 0.21512158002921766 0.10066627153942509 0.07989088584218225
31 0.3950607637457549 0.14394598447572138 0.10222877153942508 0.0799454495445131
14 0.4307183023851294 0.5535665211362103 0.07769866510280768 0.06350199400955034
14 0.4277464856731674 0.488777334838541 0.08104218639013112 0.06673612141421188
31 0.38814449220632985 0.06732892077339055 0.10400979282674853 0.08312501324684392
34 0.449915688659045 0.7389410259455337 0.08071440445914604 0.06204862141421188
14 0.43826835845342965 0.616956898540872 0.07446440445914604 0.061830366604888456
34 0.44565452355623736 0.6780035259455337 0.08394866510280749 0.06372024881887377
2 0.4187431902485289 0.42689489373154854 0.08929172896477802 0.07325893992586607
27 0.46484083817451244 0.9078001533501954 0.08416718639013113 0.06684524881887341
27 0.4601808353245208 0.85230412149903 0.08583894703379294 0.06846231252120419
2 0.4145530809619199 0.35582842558271394 0.09263525025210165 0.07649306733052796
27 0.4539583324745292 0.7967535259455337 0.08740144703379293 0.0685168762235353
2 0.4081284823189728 0.2862426118803831 0.0975412715394249 0.07978175843752044