19 0.446875 0.5046875 0.065625 0.0859375
19 0.5296875 0.503125 0.065625 0.0828125
19 0.36875 0.50703125 0.0609375 0.084375
36 0.72578125 0.39453125 0.0734375 0.0953125
8 0.9734375 0.49765625 0.053125 0.09375
8 0.90703125 0.49921875 0.0671875 0.096875
36 0.6578125 0.4 0.0734375 0.0984375
8 0.8328125 0.4984375 0.0671875 0.0953125
4 0.6796875 0.50234375 0.0671875 0.09375
4 0.75234375 0.49921875 0.0671875 0.0921875
4 0.60546875 0.5046875 0.065625 0.0921875
24 0.58046875 0.4015625 0.075 0.0953125
24 0.51015625 0.403125 0.0734375 0.096875
19 0.2828125 0.50546875 0.0625 0.0859375
5 0.0671875 0.525 0.096875 0.121875
24 0.43515625 0.40390625 0.071875 0.0984375