31 0.61171875 0.2015625 0.0953125 0.0765625
31 0.6140625 0.13046875 0.096875 0.0765625
14 0.60703125 0.53984375 0.0734375 0.0609375
14 0.60546875 0.475 0.0765625 0.0640625
31 0.615625 0.05390625 0.0984375 0.0796875
34 0.60078125 0.725 0.0765625 0.059375
14 0.60390625 0.603125 0.0703125 0.059375
34 0.60078125 0.6640625 0.0796875 0.0609375
2 0.61015625 0.41328125 0.084375 0.0703125
27 0.59765625 0.89375 0.0796875 0.0640625
27 0.5984375 0.83828125 0.08125 0.065625
2 0.609375 0.3421875 0.0875 0.0734375
27 0.60078125 0.7828125 0.0828125 0.065625
2 0.6109375 0.27265625 0.0921875 0.0765625