38 0.4339984512651395 0.5125812269173268 0.13112382535009015 0.1264560100679862
23 0.29859784794718425 0.396117812689028 0.12639996268299925 0.12322190729444457
38 0.4819905085932762 0.551989872243924 0.1327045066836355 0.12805487765916687
28 0.53231722525464 0.5922343189572921 0.13744655068427178 0.1328514804327085
36 0.34266547394177543 0.43699803903767387 0.1295431440165447 0.12485714247680572
36 0.3906302592695939 0.47875043436427117 0.12796246268299924 0.12325827488562506
28 0.5826530325827767 0.6316975156706602 0.13744655068427178 0.1328514804327085
40 0.6351962299093223 0.6829340137707991 0.14536813868554468 0.14240831838861112
23 0.2574915899506841 0.3693728215227433 0.12481928134945379 0.121623039703264
40 0.6932809025700498 0.7280477984400701 0.14536813868554468 0.14240831838861112
26 0.8054985445576414 0.8220906988006604 0.14849313868554467 0.14248105357097246
19 0.17466145595959276 0.3018021553945835 0.1105931493475448 0.107233231382639
19 0.2150137359564111 0.32618521276527795 0.10585110534690845 0.10243662860909727
26 0.7529371658975502 0.7724167007005214 0.14218859468490824 0.13764808320625016