31 0.7046875 0.29609375 0.109375 0.10625
31 0.75625 0.2390625 0.1109375 0.10625
14 0.4703125 0.56640625 0.0859375 0.0828125
14 0.51328125 0.5140625 0.0890625 0.0859375
31 0.809375 0.17890625 0.1140625 0.109375
34 0.3390625 0.71328125 0.0859375 0.08125
14 0.425 0.61640625 0.0828125 0.078125
34 0.38046875 0.6640625 0.0890625 0.084375
2 0.56015625 0.46640625 0.1 0.09375
27 0.2203125 0.84921875 0.0921875 0.0875
27 0.26015625 0.80390625 0.09375 0.0890625
2 0.6078125 0.4078125 0.1046875 0.1
27 0.29921875 0.76015625 0.096875 0.090625
2 0.65546875 0.353125 0.1078125 0.103125