19 0.5616026588553534 0.5529838139996324 0.136746541958086 0.14777377081949084
19 0.4867526497801672 0.5739588456164648 0.1351749515990063 0.14611114126984148
19 0.6317697131100796 0.5324896437338518 0.13046018052176755 0.14112325262089379
36 0.26856573116225635 0.5224907734403846 0.1524624455488822 0.1644000663159842
8 0.08916964353365123 0.695300810455888 0.13204086123992673 0.14434838217054297
8 0.14841737850653658 0.6772307333425622 0.1493192648307229 0.1610748072166855
36 0.33096119203284075 0.5085272054263574 0.1540340359079618 0.16606269586563335
8 0.21467818276126271 0.6564862392026584 0.14774767447164336 0.15941217766703614
4 0.35267308645025475 0.6161289543466232 0.14774767447164336 0.1594121776670363
4 0.2863895562978296 0.6329671984865272 0.14460449375348405 0.1560869185677376
4 0.4197287762436003 0.5977782749815441 0.14460449375348414 0.1560869185677376
24 0.4011282462875668 0.48803303516057694 0.15717721662612102 0.16938795496493206
24 0.4642776860809124 0.4694320319213744 0.1540340359079618 0.16606269586563355
19 0.7073646107489474 0.5053146768918438 0.1351749515990063 0.14611114126984165
5 0.9047925600102626 0.46417494447213226 0.1904148799794747 0.21544093460686647
24 0.5313197403356386 0.4487376025562952 0.1540340359079618 0.16606269586563355