38 0.43133921380284723 0.5134159131535131 0.12322422359113006 0.13365587014004507
23 0.2564037011889756 0.497384306452922 0.11837303248413758 0.1287500463187275
38 0.4928397089935238 0.5167913161728317 0.12484128729346118 0.13529114474715093
28 0.5559027041842004 0.5200939445850444 0.12807541469812272 0.13856169396136267
36 0.315424037123825 0.5047751213828995 0.12155259618646844 0.13045809553293922
36 0.3768426867610053 0.5104942744022181 0.11999009618646853 0.13038532092583352
28 0.6189656993748771 0.5233965729972573 0.12807541469812272 0.13856169396136267
40 0.6903769079050648 0.5333301910703878 0.13772323320977692 0.14681084160399785
23 0.20796620118897557 0.49964031927320357 0.11826390507947586 0.12562504631872748
40 0.7635961530957414 0.5361597845364126 0.13772323320977692 0.14681084160399785
26 0.9074999205189365 0.5473968833791207 0.13783236061443843 0.14993584160399784
19 0.10209814710529157 0.4936514925564019 0.1037103317584982 0.1109075748547749
19 0.14902771080762242 0.4899057543432262 0.09891370435383648 0.1075642510334573
26 0.8368699619887489 0.5374268780024372 0.13298116950744615 0.14503001778268027