38 0.56328125 0.5 0.0515625 0.0859375
23 0.73984375 0.51015625 0.053125 0.0828125
38 0.5015625 0.4984375 0.0515625 0.0875
28 0.4375 0.496875 0.0546875 0.0890625
36 0.68046875 0.50390625 0.0515625 0.0828125
36 0.61796875 0.50078125 0.0515625 0.084375
28 0.375 0.49609375 0.0546875 0.0890625
40 0.30234375 0.48828125 0.0625 0.090625
23 0.7890625 0.50546875 0.053125 0.0796875
40 0.22890625 0.48828125 0.0625 0.0921875
26 0.08359375 0.48203125 0.0609375 0.096875
19 0.8953125 0.5078125 0.046875 0.0703125
19 0.8484375 0.51328125 0.0453125 0.06875
26 0.1546875 0.48984375 0.05625 0.0953125