31 0.215625 0.44453125 0.0640625 0.0828125
31 0.14375 0.446875 0.0625 0.0828125
14 0.553125 0.428125 0.0515625 0.0625
14 0.4890625 0.4328125 0.0515625 0.0671875
31 0.06796875 0.45 0.065625 0.084375
34 0.73828125 0.421875 0.0484375 0.0671875
14 0.61640625 0.4265625 0.0484375 0.0609375
34 0.678125 0.42578125 0.0484375 0.06875
2 0.4265625 0.43203125 0.0578125 0.071875
27 0.9078125 0.4140625 0.0515625 0.0703125
27 0.8515625 0.41640625 0.053125 0.0703125
2 0.35546875 0.4375 0.0609375 0.075
27 0.79609375 0.41796875 0.0515625 0.071875
2 0.28671875 0.440625 0.0625 0.078125