23 0.7215996591710091 0.3680545087855316 0.07772818511654282 0.08293121838316742
38 0.45566958040773586 0.494301623994095 0.06808036660488845 0.07451794108527157
41 0.8131348839432656 0.32537445789036756 0.08252481252120454 0.08635660703211538
38 0.4994022222403678 0.4751801866094514 0.06808036660488845 0.07451794108527139
8 0.5401735551799923 0.451170990125509 0.06808036660488845 0.07451794108527139
18 0.6730158262313846 0.39156305752122733 0.07616568511654283 0.08283108883351806
30 0.13838533276998852 0.6337007788390554 0.07767362141421193 0.0813687183831675
41 0.8679141531805594 0.30382892735326916 0.08575893992586643 0.08968186613141409
38 0.4103744385751039 0.5133229318290893 0.06808036660488845 0.07451794108527157
8 0.5839334788637898 0.4312683027408653 0.07125993030721922 0.07628070018457009
35 0.20116807496544017 0.6071871460502036 0.08257937622353531 0.08791910703211539
25 0.09557035019318369 0.6489660309985237 0.07276786660488851 0.07481832973421945
34 0.3490996326773213 0.5414991941675904 0.06808036660488855 0.07451794108527139
34 0.30690220899352394 0.5615020111018835 0.06322917549789597 0.06953005243632351
13 0.6307092751429254 0.41469087445552033 0.07454862141421188 0.0811684592838688
41 0.7661408328548065 0.3482018861757126 0.08090774881887378 0.08469397748246603
34 0.2624155990120573 0.5797921337117025 0.06328373920022674 0.07109255243632351
5 0.054962708360551706 0.668287727482466 0.07611112141421192 0.08126858883351815