23 0.25625 0.58671875 0.059375 0.0640625
38 0.5390625 0.525 0.05 0.0609375
41 0.15859375 0.6078125 0.065625 0.0671875
38 0.49296875 0.53359375 0.05 0.0609375
8 0.4484375 0.546875 0.05 0.0609375
18 0.30703125 0.57578125 0.0578125 0.065625
30 0.87421875 0.459375 0.059375 0.0640625
41 0.1015625 0.6171875 0.06875 0.0703125
38 0.5859375 0.51640625 0.05 0.0609375
8 0.4015625 0.55625 0.053125 0.0625
35 0.80859375 0.471875 0.0640625 0.06875
25 0.91875 0.45390625 0.05625 0.059375
34 0.6515625 0.5015625 0.05 0.0609375
34 0.696875 0.4921875 0.046875 0.0578125
13 0.3546875 0.5625 0.05625 0.0640625
41 0.20859375 0.596875 0.0625 0.065625
34 0.74296875 0.48359375 0.046875 0.059375
5 0.96171875 0.44375 0.0578125 0.0625