23 0.4872729018826119 0.8029142459084667 0.10573333148532651 0.10192957694917482
38 0.48326315216496063 0.5065030373782791 0.09572129465362345 0.09066469473518968
41 0.4893274965221181 0.9051215866526396 0.110784852532014 0.10834326805616748
38 0.48525756264595205 0.5541320055271136 0.09572129465362345 0.0906646947351895
8 0.4825644731269434 0.6015972825689556 0.09572129465362363 0.09066469473518968
18 0.4872127177240972 0.7483358733131285 0.10564232622365459 0.10036707694917482
30 0.4699092235504664 0.1567485740387679 0.1041708314853265 0.10187501324684392
41 0.49269469120397646 0.9543403035355299 0.11547235253201382 0.09131939292894024
38 0.4811322337914614 0.4565303192294444 0.09572129465362345 0.09066469473518968
8 0.48382313623877077 0.6499802188666248 0.09746580517696728 0.09384425843752045
35 0.4731322050640278 0.22547129218760248 0.112347352532014 0.10839783175849824
25 0.4656620683311468 0.11060026033643704 0.09755681043863902 0.09540675843752049
34 0.479517254908736 0.3886434147829408 0.09572129465362345 0.09066469473518968
34 0.47913084705858056 0.341850260336437 0.08919827886860787 0.08575893992586625
13 0.4890790546122699 0.7000620644201211 0.10242632096198286 0.09869544954451293
41 0.48935831762527515 0.8521057140573014 0.10904034200867016 0.10516370435383635
34 0.4763096839467532 0.29341276033643704 0.09076077886860805 0.08581350362819702
5 0.4653666657426633 0.06536960588993332 0.1040798262236546 0.10031251324684391