23 0.4747167789740748 0.7652405852240524 0.07541815651766229 0.0731841298696164
38 0.46990551736480574 0.47534228814615165 0.0706761143631848 0.06372730925276535
41 0.4768610619551703 0.8652678587630028 0.0801511083130606 0.08107845048646709
38 0.47174072813719425 0.522244561685102 0.0706761143631848 0.06372730925276535
8 0.46888843890958276 0.5690650146072013 0.0706761143631848 0.06372730925276535
18 0.4736310019449076 0.7128831984545771 0.07697156615858276 0.07164890340856651
30 0.456205069085449 0.1345127366040241 0.07541815651766245 0.07318412986961631
41 0.4811036552411162 0.9231485426103785 0.08485678903121965 0.08428527110331814
38 0.4672890565924172 0.42842637783772614 0.0706761143631848 0.06372730925276535
8 0.4707281948615111 0.6167485381461517 0.07381929508134402 0.06690685633066593
35 0.4589351593463328 0.20095989691244961 0.0817045179539809 0.07954322402541765
25 0.45125394867214014 0.08911841598717307 0.07071247579950324 0.06997730925276531
34 0.46611237597245375 0.360443991068251 0.0706761143631848 0.06372730925276535
34 0.465062960379605 0.3143366042987758 0.0675329336450254 0.06054776217486459
13 0.4756884056338997 0.6637053587630026 0.07539997579950324 0.0700591298696164
41 0.47577983010554287 0.8136917219935276 0.07856133723582168 0.07636367694751697
34 0.46322774960721647 0.2674343307598255 0.06909543364502539 0.06057503571381488
5 0.4509994186179108 0.04536841598717308 0.07384656615858276 0.07159435633066598