15 0.18359375 0.8 0.1 0.1109375
14 0.7390625 0.37890625 0.084375 0.0859375
6 0.615625 0.4796875 0.0953125 0.0984375
14 0.7 0.41171875 0.084375 0.084375
7 0.28515625 0.72890625 0.103125 0.1078125
2 0.47578125 0.57734375 0.0953125 0.0984375
2 0.38203125 0.6515625 0.0984375 0.1
2 0.4296875 0.6140625 0.1 0.1046875
6 0.57265625 0.51015625 0.0921875 0.096875
6 0.65859375 0.44765625 0.0953125 0.0984375
7 0.33515625 0.690625 0.0984375 0.1046875
2 0.525 0.5453125 0.0953125 0.096875
7 0.23359375 0.765625 0.1 0.10625
26 0.7859375 0.34921875 0.0953125 0.096875
26 0.86484375 0.2875 0.0953125 0.096875
26 0.825 0.31796875 0.0953125 0.096875