28 0.6158954803026987 0.696875 0.1447288626613009 0.1390625
28 0.6294685489720482 0.62734375 0.13809686068413463 0.1296875
4 0.6023542451314462 0.7671875 0.14960736364988403 0.14375
13 0.6371099526223698 0.565625 0.13159219269935693 0.1234375
13 0.6471906067669828 0.50625 0.12684102570316255 0.121875
17 0.6963032915204933 0.196875 0.11539418973360735 0.109375
4 0.5951903439525826 0.840625 0.14960736364988403 0.14375
2 0.6583708458925679 0.4546875 0.12196252471457943 0.1171875
9 0.5796847021652591 0.95859375 0.15024935079830276 0.0828125
17 0.6870529669196447 0.23828125 0.1105793557412186 0.10625
2 0.6660440830409866 0.39375 0.12033635771838505 0.115625
7 0.675884656653252 0.34765625 0.12196252471457925 0.1171875
9 0.5842156932680107 0.91640625 0.15917336463846715 0.1484375
7 0.6837170612921568 0.290625 0.1187101907221905 0.1140625