28 0.3234843189572921 0.5354444146244565 0.1391014804327085 0.13751927601845376
28 0.3618915491056601 0.47326204061904764 0.13114351006798622 0.1311783693507264
4 0.2858583388089241 0.5976176979630926 0.14393445079743064 0.14382382001909005
13 0.39819141859670176 0.42126318861395695 0.12474803970326391 0.12485564401654461
13 0.4329287880877434 0.36928251794241174 0.12311280452090294 0.12171246268299925
17 0.608795731382639 0.10232064258436742 0.111920731382639 0.11064769334818117
4 0.23962042486496582 0.6591097286362286 0.14393445079743064 0.14382382001908986
2 0.459199694147917 0.32287059460536643 0.1167537017473613 0.11695223734881743
9 0.14616332522555622 0.7735091306492736 0.14556968597979178 0.1469670013526354
17 0.5862128697753821 0.1393121125875491 0.10396276101791671 0.1043067866804539
2 0.4955177474345488 0.27165299260027576 0.11671733415618064 0.11538973734881744
7 0.5195540062682641 0.22995584126354868 0.1167537017473613 0.11695223734881743
9 0.19658024610336863 0.7236903966422739 0.15029355357097235 0.1485840453532717
7 0.5535828609416669 0.18110926125877616 0.11355596656499997 0.11379087468172658