28 0.39921875 0.66484375 0.10625 0.0859375
28 0.38203125 0.59375 0.1015625 0.08125
4 0.41796875 0.7359375 0.1109375 0.0890625
13 0.36953125 0.53125 0.096875 0.0765625
13 0.35625 0.46953125 0.0953125 0.075
17 0.28671875 0.15625 0.0859375 0.06875
4 0.43046875 0.81171875 0.1109375 0.0890625
2 0.34140625 0.41796875 0.0890625 0.0734375
9 0.44765625 0.959375 0.128125 0.075
17 0.29765625 0.1984375 0.0796875 0.065625
2 0.3296875 0.35625 0.0875 0.0734375
7 0.31640625 0.309375 0.0890625 0.0734375
9 0.446875 0.88828125 0.1171875 0.090625
7 0.30546875 0.25078125 0.0859375 0.071875