15 0.02421875 0.56015625 0.0484375 0.0984375
14 0.75234375 0.49140625 0.05 0.06875
6 0.58671875 0.5125 0.0546875 0.0828125
14 0.69921875 0.4984375 0.0515625 0.0671875
7 0.15390625 0.55234375 0.05625 0.090625
2 0.4078125 0.52265625 0.0546875 0.08125
2 0.28359375 0.5375 0.05625 0.0828125
2 0.34609375 0.53046875 0.0546875 0.0859375
6 0.53125 0.51640625 0.0515625 0.0828125
6 0.6421875 0.50703125 0.0546875 0.08125
7 0.21953125 0.546875 0.053125 0.0890625
2 0.46875 0.52109375 0.0546875 0.0796875
7 0.0875 0.55703125 0.0546875 0.090625
26 0.81015625 0.48984375 0.0546875 0.078125
26 0.91484375 0.478125 0.0546875 0.0796875
26 0.8625 0.48359375 0.0546875 0.0796875