23 0.7395749093421199 0.6687417311793531 0.09000052586424748 0.09001287799792798
38 0.5077385729738888 0.47693941314900384 0.08035274122451135 0.08020123035529281
41 0.818737223607027 0.7348440742310931 0.09647784639736087 0.09811647642635143
38 0.5445626230530312 0.5090819791124386 0.08035274122451135 0.08020123035529281
8 0.5836167628656167 0.537427456986532 0.08035274122451135 0.08020123035529281
18 0.6979951631030435 0.6340370913946008 0.09000052586424748 0.09001287799792798
30 0.23963211599340214 0.24521841645877274 0.09000052586424748 0.09001287799792798
41 0.8636010942192829 0.7751630132300572 0.10130173871722903 0.10302230024766904
38 0.47089179084143523 0.44401559718556916 0.08035274122451135 0.08020123035529281
8 0.6212220629447589 0.5696064102535198 0.0836141335443795 0.08503427956950453
35 0.29168636097883727 0.29133359118971314 0.09647784639736087 0.09811647642635143
25 0.20671431591425987 0.21325778701310266 0.08361413354437941 0.08503427956950463
34 0.4165619920159342 0.40013501054397 0.08035274122451135 0.08020123035529281
34 0.3805419239901032 0.3688100818840882 0.077136813011266 0.07693068114108118
13 0.6565290771305239 0.6032387016098486 0.08839256175762493 0.08837760339082212
41 0.7779614594212622 0.7009570717498937 0.09326191818411562 0.09484592721213972
34 0.3437406059642723 0.3374487659206535 0.077136813011266 0.07693068114108118
5 0.17076244404836297 0.18427660835322088 0.08683006175762475 0.08830482878371626