40 0.7228454327655919 0.23336509278512904 0.10603470282385156 0.10600634727034208
38 0.6047894177218971 0.37171350319553326 0.09794941818411544 0.09617632096198285
5 0.20412445730969112 0.8293781449077373 0.12680184389007837 0.12281441567207593
39 0.7970437992212125 0.14765583496320844 0.09156302586424765 0.09112479991529536
13 0.3904470875553653 0.6166219977220999 0.11876202335696498 0.11454688936371689
33 0.5223382820659467 0.469642039956649 0.10755173871722903 0.104534852532014
38 0.6458175830030187 0.32941261113039333 0.10116534639736088 0.09948333148532651
40 0.682780373910961 0.28187048221943306 0.10603470282385175 0.10600634727034208
33 0.5639885729738888 0.42182689526067324 0.10111988229073816 0.09792083148532651
13 0.34268318896729105 0.6694886634647632 0.12197795157021041 0.11785389988706055
39 0.7598991518867795 0.18894796387416873 0.09312552586424765 0.09121580517696723
18 0.4382109861434394 0.5637553319794366 0.11237563103709683 0.1094953683170294
24 0.29735396859246216 0.7253438213149186 0.12197795157021041 0.11785389988706055
24 0.249658266164322 0.7805542370575819 0.1268473079967011 0.12437691567207612
18 0.4798385449980703 0.5151589372834608 0.1107676669304741 0.10784186305535748