40 0.7597728746926684 0.5494458481173881 0.12591614474715093 0.12731990514873245
38 0.5980413161728316 0.47549865585460405 0.1177397717116218 0.11905237884037305
5 0.06811633747016868 0.24379623165473568 0.11937504631872757 0.12070588410204497
39 0.859642288051069 0.5966100034778818 0.1095633986760923 0.110784852532014
13 0.3072622665443352 0.34517890820309133 0.137363066996892 0.13889444198043535
33 0.48525452584996015 0.4212955452183209 0.12591614474715093 0.1273199051487323
38 0.6531996970662439 0.4956599664344175 0.12101032092583353 0.12235938936371689
40 0.7041607295312324 0.5222987901684106 0.12755141935425698 0.1289734104104042
33 0.5409394456185017 0.4468801031672983 0.12101032092583353 0.12235938936371689
13 0.24316553329355822 0.316188629193309 0.1406336162111037 0.142201452503779
39 0.8092441817647629 0.574613177113053 0.1095633986760923 0.110784852532014
18 0.3714317744022181 0.37260668721287366 0.1324572431755744 0.13393392619541977
24 0.18144893734633416 0.2862805922910189 0.1406336162111037 0.142201452503779
24 0.11500845409555718 0.2574268211737443 0.14880998924663302 0.15046897881213822
18 0.42871558147431266 0.39731898990017933 0.13082196856846853 0.13228042093374795