31 0.4960112585499747 0.17204246339908788 0.07624542574646931 0.06333634134309048
23 0.53705541971751 0.6362049607335878 0.09118201089576328 0.07599997334499946
28 0.5267627759020259 0.5783197353994061 0.08961951089576328 0.07598179201145391
18 0.547304140888618 0.7604418920671333 0.09597877153942491 0.07761701734563572
0 0.5495600455998655 0.8931725760661788 0.09786905347041035 0.08232269867918127
18 0.5414258454639794 0.6987049607335878 0.09274451089576327 0.07601815467854482
33 0.5266263820865417 0.5205526887332697 0.08282320767745457 0.06809656667727211
12 0.5124660570767064 0.3627038260661788 0.08304172896477802 0.07122156667727228
8 0.5100241180886853 0.3166191667329515 0.07769866510280768 0.06179202267663584
39 0.488947521539425 0.08218962273231516 0.07824496832111638 0.06960452267663593
36 0.495350340849277 0.12910098539940607 0.0778079257464693 0.06335452267663592
18 0.5002342188253195 0.22127030406586062 0.08126070767745475 0.06807838534372675
2 0.5215129111675353 0.46975325739972423 0.07969820767745475 0.06806020401018138
10 0.54793220760058 0.8252401887332697 0.09597877153942491 0.07761701734563572
13 0.5068719849168628 0.26037825739972426 0.07969820767745475 0.06806020401018138
7 0.5186339296048672 0.41741859806649695 0.08126070767745475 0.06807838534372675