31 0.8 0.47109375 0.046875 0.0609375
23 0.340625 0.51640625 0.05625 0.0734375
28 0.39765625 0.50546875 0.05625 0.071875
18 0.21796875 0.52890625 0.0578125 0.078125
0 0.08515625 0.5328125 0.0625 0.078125
18 0.27890625 0.521875 0.05625 0.075
33 0.4546875 0.5046875 0.05 0.0671875
12 0.6109375 0.48984375 0.053125 0.065625
8 0.65703125 0.48671875 0.0453125 0.0640625
39 0.8890625 0.4625 0.0546875 0.0625
36 0.84296875 0.46953125 0.0484375 0.0625
18 0.7515625 0.475 0.05 0.065625
2 0.50546875 0.4984375 0.05 0.0640625
10 0.153125 0.5296875 0.0578125 0.078125
13 0.7125 0.4828125 0.0515625 0.0640625
7 0.5578125 0.4953125 0.05 0.065625