40 0.2519023282151191 0.3550853839158391 0.08926588584218216 0.09881418479069151
38 0.42545144482000763 0.432369419999125 0.08134425843752044 0.09537084980971962
5 0.9787537602940279 0.6916899536481339 0.04249247941194412 0.11641817885919252
39 0.14261660825218603 0.3085048611784261 0.0763839399258662 0.08736734882113648
13 0.7369569184111379 0.5730049847513229 0.09438989546082902 0.11150518577927464
33 0.5489906377410987 0.48499169570228756 0.08474207694917482 0.10331068380210837
38 0.3698363618803831 0.4035785751323212 0.08452382213985139 0.09706068380210837
40 0.31287703375008197 0.38097406326932315 0.09239088584218216 0.09894151878308026
33 0.488742618503805 0.45757234984690065 0.08145338584218216 0.09849584980971962
13 0.8051265650530933 0.6038676655876817 0.0976240228654909 0.1147575197716634
39 0.196505500084818 0.3325445390490354 0.07643850362819701 0.08892984882113639
18 0.668759989918017 0.541361053914964 0.09110120435383653 0.10669035178688588
24 0.8732143661415523 0.6323865964240406 0.0960615228654909 0.1146938527754692
24 0.9437550446346732 0.664126027754691 0.10403771397248321 0.11969968775644109
18 0.6084846888295579 0.5131604580595772 0.08797620435383635 0.10656301779449713