15 0.75078125 0.24985955126333304 0.1296875 0.13326463112353099
41 0.35078125 0.6570493637015989 0.11875 0.12149833693238996
23 0.68203125 0.32043123777615995 0.1203125 0.12161673610255282
38 0.396875 0.6136671392214081 0.1140625 0.11645563942190088
4 0.47421875 0.5281216481444778 0.1125 0.11633724025173783
4 0.51328125 0.48811287739855336 0.11875 0.12149833693238979
33 0.43671875 0.5705925680605652 0.1171875 0.11825493776222692
3 0.19296875 0.8122785475151335 0.1125 0.11633724025173749
4 0.5515625 0.4457011570675474 0.1171875 0.11825493776222676
33 0.5921875 0.4034670354917861 0.11875 0.11993583693238978
24 0.31015625 0.6945959852773603 0.121875 0.12329763527271602
0 0.57890625 0.5391793925454004 0.1171875 0.11825493776222676
28 0.634375 0.36135131308618773 0.115625 0.1165740385920638
24 0.2703125 0.7345455564382032 0.11875 0.12149833693238996
10 0.79453125 0.2062997280278977 0.1265625 0.12834033278320495
24 0.2328125 0.7715477263542906 0.121875 0.12486013527271585
3 0.1640625 0.8436819128671175 0.0890625 0.08487375269929238