31 0.15702251799207728 0.429814844568919 0.06584763192686945 0.07551521046687384
23 0.5929150144774207 0.5907255836220522 0.08063787799792799 0.09195925782192056
28 0.5400276089769026 0.5657109020943734 0.0805651033908223 0.09039675782192055
18 0.709991198513986 0.6335794835091128 0.08241870181924557 0.09673776308359247
0 0.8382595936754218 0.6716016702278763 0.0871062018192454 0.09701077886860787
18 0.6522707437992562 0.6114167861964184 0.08071065260503385 0.09352175782192056
33 0.4843598058337495 0.5499347126741869 0.07246150496239867 0.08369173151356132
12 0.3356890194398193 0.49584020492285336 0.0755137303552929 0.08231124203690499
8 0.2925212162966662 0.48079205759604166 0.06592040653397531 0.07707771046687384
39 0.07154093631287686 0.3982015525461313 0.07380568114108114 0.07909523677523325
36 0.11452680293826537 0.41715594987294313 0.0674829065339753 0.07716871572854575
18 0.2024976838316775 0.4457807497882385 0.07238873035529281 0.08212923151356133
2 0.4366500519048081 0.5314885495623596 0.07231595574818712 0.0805667315135615
10 0.7726174770500331 0.6513276966068227 0.08241870181924557 0.09673776308359247
13 0.23926993776061894 0.4635898760683629 0.07231595574818703 0.0805667315135615
7 0.3872686360652079 0.5152951311888604 0.07238873035529281 0.08212923151356133