15 0.18183024715733093 0.2498050459319366 0.10021028003177208 0.10557352076024662
41 0.6764116846548595 0.5908466096211893 0.0938511858759707 0.0990688527754692
23 0.26650130194586935 0.30811761163553664 0.0922886858759707 0.09900518577927464
38 0.6233451858726754 0.5515732039937014 0.08908186525911965 0.09419035178688588
4 0.5213502633893853 0.48614847524823956 0.08908186525911965 0.09419035178688588
4 0.47229910876300263 0.4529659021302658 0.09226141233702023 0.09744268577927465
33 0.5719230077073425 0.5169236313700191 0.08910913879807011 0.09575285178688589
3 0.8664072134688154 0.7261753200778622 0.08749209172016918 0.0925641847906915
4 0.42168545413662006 0.41984699600848624 0.09226141233702041 0.09744268577927465
33 0.37027691274076224 0.38597867338480396 0.09226141233702041 0.09744268577927465
24 0.7239139760507173 0.6248740997353576 0.0938511858759707 0.0990688527754692
0 0.5062144127407622 0.3804396447158919 0.09067163879807012 0.09581651878308026
28 0.31882746103647885 0.3497666007611217 0.08910913879807003 0.09575285178688589
24 0.7730060409855255 0.6604004228533313 0.09226141233702041 0.09744268577927465
10 0.12800977191409726 0.2121259738025459 0.09703073295387141 0.10232118676785787
24 0.8173424220729577 0.6922114969598884 0.0938511858759707 0.0990688527754692
3 0.9043708636309713 0.7512098121691968 0.06531708279171582 0.07448534684397004