36 0.8161025746453779 0.64765625 0.12057367328319835 0.10625
36 0.8560405239834241 0.7 0.12057367328319835 0.10625
3 0.5135895808506309 0.275 0.13016699710451576 0.1109375
12 0.4686002584770554 0.21484375 0.1318022717116218 0.1125
2 0.9311368773742462 0.7859375 0.10749147642635144 0.09375
3 0.562975304795783 0.32890625 0.12057367328319835 0.10625
12 0.4143087107105858 0.15625 0.13663532092583353 0.115625
2 0.9566386446424525 0.8359375 0.08672271071509492 0.0953125
12 0.3644863391227985 0.09296875 0.13983309553293938 0.1171875
3 0.6064749017764643 0.390625 0.12057367328319835 0.10625
22 0.6495742384180635 0.44375 0.1155950748547749 0.1
22 0.7746385126108846 0.59609375 0.11232452564056317 0.096875
22 0.695616638541898 0.49296875 0.1155950748547749 0.1
22 0.7348461124870501 0.546875 0.11061647642635145 0.09375
2 0.9069694772504118 0.73671875 0.10912675103345748 0.0953125