36 0.7132145046263874 0.6930754875557643 0.14550846302712267 0.14230160580511536
36 0.7734008467056447 0.7224653763931714 0.14550846302712284 0.14230160580511536
3 0.2867297864081799 0.4653348564380875 0.1554294945971538 0.1520039880191005
12 0.22011143380557888 0.43260171279135695 0.15708299985882562 0.15362105172143128
2 0.8711172808641594 0.7804539803841881 0.1305359104104042 0.12618553248413758
3 0.34976040742663245 0.5034003408289909 0.14550846302712267 0.14230160580511536
12 0.15138454963294673 0.3904390054422956 0.16369702090551302 0.1600893065307547
2 0.91485957558837 0.7952357321982866 0.10573333148532668 0.10192957694917482
12 0.08922618387616603 0.3539633029025576 0.1466005261671849 0.1610516058051153
3 0.4194127547675617 0.5346801118803831 0.14550846302712267 0.14230160580511536
22 0.4798266100009986 0.5679762507177901 0.13889444198043535 0.13583335099579194
22 0.6544996572854581 0.6621776624206881 0.1355874314570915 0.13259922359113024
22 0.5380332231269433 0.603534294001701 0.13889444198043535 0.13583335099579194
22 0.5981740625753649 0.632142932839108 0.13384292093374786 0.12941965988879928
2 0.8188267387707846 0.7661533782072698 0.13228042093374803 0.12936509618646852