31 0.37890625 0.0984375 0.2171875 0.196875
29 0.47734375 0.66640625 0.165625 0.1546875
25 0.859375 0.39609375 0.1546875 0.1453125
36 0.315625 0.18828125 0.2203125 0.2
35 0.80625 0.459375 0.1515625 0.1421875
0 0.91015625 0.3328125 0.14375 0.1484375
16 0.16796875 0.61953125 0.1984375 0.1828125
11 0.2109375 0.53203125 0.196875 0.1796875
1 0.38203125 0.37734375 0.1984375 0.18125
29 0.6125 0.55546875 0.1578125 0.1453125
1 0.55859375 0.13984375 0.1953125 0.1796875
1 0.4359375 0.29921875 0.203125 0.184375
6 0.29453125 0.47578125 0.1921875 0.175
29 0.525 0.5984375 0.1640625 0.1515625
24 0.2953125 0.8046875 0.178125 0.165625
1 0.49375 0.21875 0.1984375 0.18125
24 0.315625 0.71953125 0.19375 0.18125
26 0.44921875 0.05625 0.2140625 0.1125
15 0.740625 0.55859375 0.1984375 0.1875