31 0.5157170326965668 0.08247613124769233 0.20606593460686645 0.16495226249538467
29 0.47622521977666865 0.6424881747416007 0.16157545496493206 0.1659625663159842
25 0.07419790908545534 0.4941226349483202 0.1483958181709107 0.1560869185677376
36 0.5888052768364707 0.12410031770948535 0.208729859653009 0.22189119370616517
35 0.1311105837486143 0.5401174529623474 0.14661178901808825 0.15099890036914018
0 0.04335307449243214 0.448007900987449 0.08670614898486428 0.1539841980251019
16 0.776954009874491 0.502620134182353 0.1917030459579184 0.199014898209672
11 0.7256103578073078 0.4296622979697286 0.18847791640826922 0.1972521391103733
1 0.5405320558324096 0.33104073257659505 0.19024067550756776 0.20047726866002263
29 0.3320129472591347 0.5739255467331109 0.15169980721668547 0.15754928901808823
1 0.34352305521410076 0.1514893422296041 0.18681528685861987 0.19558950956072393
1 0.480674996917681 0.2695210441122172 0.19356593460686647 0.20380252775932126
6 0.6372883374492421 0.3995323118493892 0.18349002775932136 0.19226425046142542
29 0.4220173835640442 0.5899429680786257 0.16001295496493206 0.16586243676633483
24 0.6687050115725339 0.722740471936137 0.17477636181247735 0.17770110271317865
1 0.4152991232281279 0.20913305907161206 0.18691541640826922 0.19715200956072393
24 0.6402178686046494 0.6452057572535973 0.1882776573089707 0.1941271391103733
26 0.43344475323920245 0.052367129088223996 0.20186049352159507 0.10473425817644799
15 0.20554128239202493 0.617042095930232 0.19629041640826922 0.19775278685861988