40 0.384360004485213 0.8022858221686878 0.08945588410204497 0.11791955417661057
40 0.3352994201572891 0.9283432080244985 0.08963789462538871 0.12104455417661057
40 0.3595566965362355 0.8606270150965931 0.0930359104104042 0.1258776033908223
29 0.6183382892507774 0.2062112270500332 0.0921412683452644 0.08376287799792799
29 0.5998227786568465 0.27836020885306817 0.10849431043863902 0.09699062406898662
9 0.6746653420086701 0.07041496815869303 0.10509629465362344 0.09215757485477487
9 0.65178855510638 0.1349333864794926 0.10840330517696728 0.09542812406898663
9 0.6942806210184524 0.020391563070205197 0.08690773677523325 0.040783126140410395
7 0.5658264812312127 0.3402630494236087 0.08056673151356133 0.07231595574818703
7 0.5454299522214303 0.4070160558337495 0.08498121572854575 0.06784677956950454
7 0.520300420580812 0.4732061360652079 0.07413472099021767 0.06889985731976367
7 0.49498887841685013 0.5362712162966663 0.07873121572854576 0.06755568114108108
7 0.4566235994070678 0.6038611306885244 0.08285727360693614 0.0848887303552928
7 0.4364545835514651 0.6745203870986651 0.07955026308359248 0.08161818114108108
39 0.4053480676958623 0.745689065758547 0.07880681043863902 0.0956079065339754