36 0.7375 0.3640625 0.0625 0.0828125
36 0.8015625 0.36171875 0.0640625 0.0828125
3 0.27734375 0.40078125 0.065625 0.0875
12 0.20546875 0.403125 0.0671875 0.0890625
2 0.91015625 0.3484375 0.05625 0.0703125
3 0.346875 0.390625 0.0625 0.0828125
12 0.1296875 0.41484375 0.065625 0.0953125
2 0.9703125 0.346875 0.059375 0.0703125
12 0.05234375 0.41953125 0.065625 0.0984375
3 0.4203125 0.390625 0.0625 0.08125
22 0.4859375 0.384375 0.059375 0.078125
22 0.675 0.36875 0.0578125 0.0765625
22 0.55 0.375 0.059375 0.078125
22 0.61328125 0.3734375 0.05625 0.0765625
2 0.8578125 0.33984375 0.0578125 0.0734375