7 0.11953125 0.45 0.0984375 0.1234375
40 0.82734375 0.62734375 0.0875 0.1
17 0.31953125 0.4921875 0.090625 0.1078125
40 0.72265625 0.5921875 0.0859375 0.1
12 0.1890625 0.4609375 0.0953125 0.1125
12 0.24921875 0.490625 0.096875 0.1171875
40 0.7796875 0.615625 0.0875 0.1015625
37 0.67578125 0.5734375 0.0796875 0.0984375
2 0.053125 0.425 0.1015625 0.1234375
32 0.61328125 0.56640625 0.0859375 0.103125
22 0.384375 0.50390625 0.090625 0.109375
27 0.5015625 0.52734375 0.0875 0.10625
27 0.44140625 0.51015625 0.0921875 0.1140625
27 0.55625 0.5421875 0.0828125 0.103125