40 0.6140625 0.4515625 0.0859375 0.11875
30 0.29453125 0.60546875 0.1 0.14375
28 0.4953125 0.5953125 0.09375 0.1390625
25 0.18671875 0.61015625 0.1140625 0.15625
28 0.4 0.59921875 0.09375 0.1375
37 0.52109375 0.45 0.0765625 0.1203125
38 0.6828125 0.58125 0.109375 0.1453125
29 0.34375 0.45546875 0.08125 0.1171875
41 0.77734375 0.5796875 0.1109375 0.1421875
32 0.43515625 0.4578125 0.0828125 0.125
34 0.69140625 0.4484375 0.06875 0.1140625
33 0.590625 0.58359375 0.096875 0.140625
34 0.77421875 0.44375 0.0734375 0.1046875
29 0.2453125 0.459375 0.0890625 0.1296875
29 0.1453125 0.45703125 0.0796875 0.121875
34 0.8515625 0.4390625 0.06875 0.0953125
24 0.2390625 0.0375 0.0828125 0.075