28 0.35113107407699645 0.5752065538553127 0.12025905068427196 0.13245143692972228
4 0.5444901754057694 0.5461223851617019 0.14402381468808995 0.16112195079743064
28 0.4029112027370877 0.5279873681598615 0.12025905068427196 0.13245143692972228
14 0.747022092695726 0.23139165719753532 0.09491360534690844 0.10218205547083344
14 0.7887641500238625 0.1940923321594104 0.10121814934754472 0.10701502583555564
4 0.5820350813971789 0.4837321411456255 0.12340223201781733 0.13408667211208342
4 0.6425362293920882 0.44765047720166723 0.11551700668363551 0.12765483415618065
9 0.7013465133672712 0.26625631325770893 0.10125451201463562 0.11014002583555564
22 0.29457253874917805 0.6145041367772224 0.1154806440165447 0.12452983415618064
9 0.6588595687062254 0.3066624545002436 0.1028533746817267 0.11330139342673622
9 0.6108856927116343 0.3453788091736464 0.10439769334818116 0.1117752610179168
22 0.1871514847628592 0.7127578391901738 0.12342041335136278 0.13564917211208344
22 0.24280150075585955 0.6625045724726737 0.11711586935072651 0.1308162017473613
28 0.4555089440642698 0.4839113662600004 0.12812609468490824 0.13732077488562525