40 0.49642717153078647 0.3805788456317449 0.20255039940087513 0.19858290041956286
30 0.7791911004784386 0.5800414362891123 0.23804136031120038 0.2338817829929864
28 0.6688919739563807 0.40367003566905685 0.22621104000775868 0.2221154888018452
25 0.8380077332094142 0.674630963258814 0.2633920466757182 0.2590952705454317
28 0.7214108092627319 0.4885177097343291 0.22621104000775868 0.2221154888018452
37 0.5434134839583203 0.4650596667925878 0.19410017061270252 0.1901784045687478
38 0.5622120550106681 0.24274603629375674 0.24987168061464224 0.24564807718412754
29 0.6372745385099466 0.6230246095291921 0.19072007909743344 0.18681660622842172
41 0.5136632425831342 0.15838361430307685 0.244929089099373 0.24216787967363848
32 0.5926319760824127 0.5383661896131047 0.20255039940087513 0.19858290041956295
34 0.45475011243723235 0.31298952654549445 0.17719971303635712 0.1733694128671175
33 0.6121320488017503 0.32464630911427356 0.23115363152302776 0.2255956863123343
34 0.40878416607077456 0.24100870538465155 0.1739471672787225 0.17157011452679144
29 0.6907659424527497 0.7101568340093828 0.21269067394668237 0.20866829544054094
29 0.7398249379108218 0.8007692560000628 0.19579021637033697 0.19185930373891083
34 0.3655446069772205 0.17353778546856416 0.16198930121764638 0.1582413203356503
24 0.3827455036723356 0.9331621618182103 0.10714256242753403 0.0950775468904336