7 0.659717151829797 0.7899234381763705 0.1228968413771451 0.1235886917107738
40 0.19350443022240135 0.2448801239928263 0.10187501324684392 0.10244852076024662
17 0.536485526872206 0.6326759653624079 0.10834326805616748 0.10895318874502422
40 0.27040918140352777 0.32132060718691235 0.1002579495445131 0.10082235376405232
12 0.6195485088160386 0.733829947073619 0.11319445916315996 0.11383168973360754
12 0.5663342287789718 0.6938707919404228 0.11966271397248338 0.12033635771838505
40 0.22419886951529538 0.28185620057084126 0.10349207694917473 0.10407468775644109
37 0.3074627481010834 0.3549170157801497 0.09864088584218215 0.09919618676785795
2 0.711904645206375 0.836945676807664 0.1228968413771451 0.1235886917107738
32 0.3415178003706689 0.4073589248676788 0.10349207694917481 0.10407468775644091
22 0.4969617246026205 0.5804568907615593 0.1083432680561673 0.10895318874502422
27 0.42453614229596814 0.48745099007698717 0.10672620435383653 0.10732702174882984
27 0.466621949374877 0.5333245641835442 0.11157739546082901 0.11220552273741298
27 0.38853664411006666 0.4460102479856526 0.1002579495445131 0.10082235376405232