40 0.5907894521146158 0.6311890226045144 0.18274213636243813 0.1791822729857639
30 0.3538151521940459 0.3716639797671184 0.21604556006354417 0.2080709924005557
28 0.4215815304421045 0.5639437051658337 0.20491714529089186 0.19687891926229178
25 0.318087932225818 0.269228657578785 0.2383296631477993 0.2320176386770835
28 0.39035089570122417 0.472554985751042 0.20491714529089178 0.19687891926229178
37 0.5642190438347852 0.5414719059632643 0.1763012215897856 0.16809930262104178
38 0.4896070073101912 0.7413796805645491 0.22561147483619665 0.21922669794763916
29 0.5077895860414218 0.3713399374984032 0.1747387215897856 0.1680629350298613
41 0.5185075288205466 0.83193259859257 0.22089670129724617 0.21755509517409735
32 0.5320435178602028 0.4594400027528824 0.1858398628234877 0.17769250816812523
34 0.6152752090144745 0.7060078378589936 0.16199325973923262 0.1537094943004167
33 0.4598979622608854 0.6523710787409379 0.21130351298564348 0.20483688962701407
34 0.6451615320669576 0.7848601896826046 0.15886825973923263 0.15363675911805572
29 0.4750509983784422 0.276789850492431 0.19222623051823948 0.18565047853284736
29 0.4478493445628384 0.17846080005559065 0.17789099512873605 0.16969817021222236
34 0.6720183125057668 0.8581710563238548 0.14615007142762995 0.14084581838861113
24 0.8415135698060722 0.1477634992375007 0.07830800649282174 0.10178201196784728