7 0.18125 0.3296390578856061 0.1359375 0.1376589809142046
40 0.7171875 0.8882310027542516 0.1125 0.11699579454968685
17 0.3359375 0.47976608789142505 0.1203125 0.1238835233378591
40 0.64296875 0.7985788292666113 0.1125 0.1154332945496865
12 0.2359375 0.37785315940281483 0.1265625 0.12908120636839734
12 0.27578125 0.4381368262224955 0.13125 0.13415134364130096
40 0.68046875 0.8516399274498401 0.1140625 0.11868584030732095
37 0.609375 0.7552115954774689 0.1109375 0.11061824879205204
2 0.1359375 0.26890898091420457 0.1359375 0.14078398091420458
32 0.5578125 0.7127213354755291 0.115625 0.11881338606495558
22 0.38671875 0.5284425750145475 0.121875 0.12401106909549373
27 0.47890625 0.6148740247149851 0.11875 0.12063097758022465
27 0.43359375 0.5666439477435835 0.1265625 0.12751870636839727
27 0.51953125 0.6588152144134829 0.1140625 0.11556084030732094