7 0.13325936246027825 0.5492425948512676 0.10290940729444457 0.13082433674699842
40 0.8335463839274307 0.3191367218372637 0.09142639342673604 0.10674979991529536
17 0.3314234523160421 0.4923269239881069 0.094733231382639 0.11474431043863902
40 0.730494772320174 0.36190732173844165 0.08986389342673622 0.10665879465362363
12 0.20251785552642407 0.5334741107068703 0.09952983415618064 0.1197048262236546
12 0.2611836874984032 0.49954716076334005 0.10120143692972228 0.1244833314853265
40 0.7861810746568754 0.3344123823182551 0.0914627610179167 0.10831229991529537
37 0.684074367209931 0.3841687295885971 0.08357752583555574 0.10473227360693613
2 0.0682526115103477 0.5796273158414853 0.10603440729444455 0.13100634727034208
32 0.6217562051658337 0.39562144005547106 0.08993662860909737 0.10978379465362353
22 0.39597626158659766 0.47605020562872513 0.0947695989738195 0.11630681043863902
27 0.5117824463321184 0.44348906363417234 0.09157186379145835 0.11299979991529537
27 0.45282567363069487 0.4649160135777026 0.09644120174736112 0.12108531570031093
27 0.5661062704203129 0.42467887947565763 0.08681162860909737 0.1096017841302798