36 0.6524106314993154 0.25470460517718885 0.1381939849563052 0.13986114126984167
36 0.6104899044605689 0.2966324868863065 0.1381939849563052 0.13986114126984167
2 0.7537123702165444 0.1625752668050961 0.08472199247815268 0.07093186613141404
3 0.2889425472426554 0.5875440769564422 0.1381939849563052 0.13986114126984148
3 0.3853749295333936 0.5013643499354016 0.1333246285298145 0.13331075262089379
12 0.2351894099373523 0.63262723704319 0.1381939849563052 0.13986114126984148
2 0.7282349970970061 0.17737944401070693 0.12376777210332364 0.12645997532299771
12 0.1921691841522471 0.685442553977483 0.14775084138279593 0.1467119185677376
22 0.47397207977082045 0.4154652251661142 0.12533027210332381 0.12656010487264702
3 0.33495138070789254 0.5396165191214479 0.1317621285298145 0.13321062307124443
22 0.4296621386254513 0.4588054125507579 0.12533027210332365 0.12656010487264702
22 0.5625010338483133 0.33190985039682686 0.12693823620994635 0.12822273442229637
22 0.5197535927029442 0.37535016733111987 0.12533027210332381 0.12656010487264702
2 0.6859649290711752 0.2044135109449999 0.12537573620994635 0.128122604872647
12 0.13765752890025534 0.729694399289406 0.14775084138279598 0.1467119185677376