28 0.29140625 0.48203125 0.065625 0.0921875
4 0.46953125 0.5640625 0.078125 0.1125
28 0.3625 0.471875 0.065625 0.090625
14 0.8203125 0.41875 0.0546875 0.06875
14 0.8765625 0.4109375 0.05625 0.0734375
4 0.5375 0.534375 0.0671875 0.0921875
4 0.6078125 0.5375 0.0640625 0.0875
9 0.76171875 0.42265625 0.05625 0.075
22 0.221875 0.4828125 0.065625 0.0828125
9 0.703125 0.43125 0.05625 0.078125
9 0.640625 0.4375 0.059375 0.075
22 0.07578125 0.50390625 0.0671875 0.0921875
22 0.15078125 0.49375 0.0640625 0.090625
28 0.43125 0.46484375 0.071875 0.0921875