7 0.79375 0.72265625 0.1234375 0.1125
40 0.325 0.14609375 0.1015625 0.096875
17 0.65703125 0.5671875 0.109375 0.1015625
40 0.38828125 0.23828125 0.1015625 0.0953125
12 0.74453125 0.67265625 0.1140625 0.10625
12 0.7125 0.6109375 0.11875 0.109375
40 0.35703125 0.184375 0.103125 0.096875
37 0.41640625 0.2828125 0.1 0.090625
2 0.83203125 0.78515625 0.1234375 0.115625
32 0.46328125 0.32734375 0.1046875 0.096875
22 0.61171875 0.5171875 0.1109375 0.1015625
27 0.53046875 0.42734375 0.1078125 0.0984375
27 0.56953125 0.47734375 0.1140625 0.1046875
27 0.49453125 0.38203125 0.103125 0.09375