36 0.6497442604927999 0.7882900993364805 0.1545244185677376 0.1522134893354819
36 0.6266362299557015 0.7328367598880592 0.1545244185677376 0.15221348933548207
2 0.704013851024361 0.9326008124341904 0.11149630937615385 0.11234735253201364
3 0.48006372763934957 0.3157494284733199 0.1545244185677376 0.15221348933548198
3 0.5223537523163518 0.4389740968468191 0.14953652991878955 0.1472529735504665
12 0.45853798349944574 0.24784159165573433 0.1545244185677376 0.15221348933548198
2 0.691042284090068 0.8902845098174719 0.1379982526208936 0.1372409367187636
12 0.4272367211609446 0.18563772326811773 0.16293769586563353 0.1620435156438412
22 0.5681192304171268 0.5569120257436619 0.14122338217054314 0.1389854472421071
3 0.5067275547526753 0.37689903107592093 0.1478739003691402 0.14559946828879458
22 0.545211458979327 0.49833368629524044 0.14122338217054314 0.1389854472421071
22 0.6116911528423756 0.6723696967479971 0.14298614126984166 0.1422014525037792
22 0.5878519370801019 0.6160896046687396 0.14122338217054314 0.1389854472421071
2 0.6825276796788462 0.8396019703549331 0.1428860117201923 0.14063895250377884
12 0.4073235417958654 0.11703964171220407 0.16293769586563353 0.1620435156438412