28 0.4740064233463544 0.298404968730088 0.09854790919430556 0.07300224267981754
4 0.5725381083762157 0.4713799394095874 0.11918771751493065 0.08730110001590834
28 0.47099183254066 0.37022542472945164 0.09698540919430557 0.07298406134627218
14 0.460608338143334 0.8301362267265882 0.07325696846486114 0.060211341343090294
14 0.4580295052214243 0.8871220233927246 0.07798083605604163 0.06182838534372692
4 0.5491746499793407 0.5414015380728603 0.09858427678548623 0.07456474267981754
4 0.5593867577868755 0.6110327854073603 0.09382404160312507 0.07138519867918128
9 0.4592445534740632 0.7715424767265882 0.07954333605604162 0.061846566677272105
22 0.4684818155388196 0.22882826539622436 0.08917290919430557 0.07289315467854492
9 0.4617870188047922 0.7129941800604518 0.08266833605604162 0.061882929344363194
9 0.4626578813619798 0.64974020206077 0.08117857123840296 0.06498974801081765
22 0.4760007619678473 0.08208053473104249 0.09858427678548623 0.07456474267981758
22 0.47307709014010435 0.15780724073040614 0.09694904160312508 0.07142156134627213
28 0.47024825655260455 0.4389481527291335 0.09869337955902786 0.07925224267981754