28 0.3424791952081663 0.4370960447753318 0.11311938311602718 0.13081398801421235
4 0.471905416797952 0.6077914043408417 0.13866485389503397 0.16337418249628843
28 0.40934909537032205 0.4671387488683463 0.11311938311602728 0.1308139880142125
14 0.841541806813838 0.6778980229514631 0.08919095941492117 0.10146068068726617
14 0.8942673863591427 0.7025162426483098 0.09396028003177222 0.10639384215265543
4 0.5439304212621788 0.6201519634768102 0.11629893019392785 0.13410276232447202
4 0.6055497597359374 0.6624080625268706 0.11150233603812651 0.12760710085908258
9 0.7871719066516822 0.6485104160994867 0.09557732710967279 0.10960072930778501
22 0.27857065381230844 0.3978421149925768 0.10988528896022584 0.1244002137039529
9 0.7313076903369022 0.6229471720923805 0.09875687418757337 0.11288950361804453
9 0.6730315401747464 0.5933548473525796 0.10031937418757338 0.11297139077317446
22 0.14010244317957138 0.3351672953411587 0.11476370373287823 0.1355833751693421
22 0.2109195036501527 0.3677584673219975 0.10999438311602719 0.13065021370395283
28 0.47392979261037843 0.5001836222286661 0.11945120373287814 0.13582903663473153