40 0.385590606027929 0.48185408389627254 0.18369160622842173 0.1874766209117759
30 0.7327392157808357 0.5795136404946493 0.2143029888018452 0.2220914528054637
28 0.5581158788484458 0.45014990823182116 0.20265509378086718 0.2120155459579184
25 0.8258156321724381 0.6484522100498359 0.23783557718412746 0.24536826650055427
28 0.6405624485593963 0.5121876357142873 0.20097419461070415 0.21035291640826922
37 0.46268682490904245 0.5451038579549661 0.1722805095477696 0.18052571406423076
38 0.39309268486244175 0.33461813849206445 0.22583248465266034 0.23060485965300898
29 0.6145471680652096 0.6613470265227035 0.1721621103776066 0.17896321406423077
41 0.31377111515149136 0.272780670108897 0.22235228714217126 0.22571710055371047
32 0.5390134491840962 0.5981973820136595 0.1823659045687478 0.19050149136212652
34 0.31797613092303834 0.43087377236065044 0.15727081618646538 0.16712454811738678
33 0.47235505498831065 0.39567435687523184 0.2092602912913561 0.21710356415651583
34 0.24561495623306612 0.3788118221760803 0.15691561867597636 0.16243704811738685
29 0.699455886946323 0.7250974483296437 0.19077040041956295 0.19881463911037328
29 0.7824352529230069 0.7941664258121097 0.17407980788809568 0.1837508436138801
34 0.1781780798834199 0.3301752606404581 0.14514932448483514 0.15079864126984166
24 0.49707012844746057 0.9939466664082692 0.10428568091374953 0.01210666718346154