38 0.7448013496894165 0.2800523241878904 0.2065971524473092 0.20626619370616517
17 0.9379752260401281 0.2308173804817252 0.12223756299888784 0.17439682757475108
17 0.8195360391801902 0.2572272910298983 0.20825065770898127 0.20792882325581444
38 0.6637711575678068 0.3024966255444797 0.2081596524473092 0.20636632325581453
41 0.18538709428657024 0.4633244154854186 0.17298101564384122 0.16363860271317865
17 0.896614478670964 0.2342520635474322 0.2003471524473092 0.20586567550756785
38 0.5935342522779001 0.33522758482834847 0.1997101156156063 0.19492817550756786
41 0.12067214690328876 0.48315485657069007 0.16471348933548197 0.15532545496493205
21 0.5251405680487983 0.3592145997877433 0.14349093671876362 0.138398770819491
21 0.4449903364646497 0.36984002159468327 0.13513240514873245 0.12852312307124433
13 0.37420739960471183 0.39319598087855206 0.15332096302712275 0.14681204811738685
13 0.3035609706372818 0.41889569016242084 0.15479245776545092 0.14534967766703613
13 0.23563001799232844 0.4373638903469909 0.1579174577654509 0.14554993676633482
41 0.08444622056669464 0.5074329657622737 0.11629139988706054 0.12575906847545254