31 0.1749283188890573 0.25927736282348773 0.09431360226293632 0.0985114123370204
11 0.35378963797450635 0.3889490462638265 0.09431360226293624 0.0985114123370204
28 0.6803446102579681 0.796170805596022 0.11634313836728971 0.12545574188232517
21 0.25812261397040126 0.32634786038785574 0.09431360226293624 0.0985114123370204
28 0.6169088241536146 0.7685037272685332 0.12422836123992678 0.1380921095770768
14 0.5696424178323439 0.5661366578694983 0.0880363311856975 0.09371481818121907
16 0.30361692115199357 0.3583887930174156 0.09431360226293624 0.0985114123370204
5 0.7855548059050461 0.8878418827056948 0.12577268052176754 0.13499438311602746
26 0.21652546642972928 0.2928126116056718 0.09117951190385672 0.09689436525911965
25 0.7368127788758789 0.8346526529982343 0.12262040944452864 0.13025233603812653
14 0.6167355864502546 0.6044548640380084 0.09747496369925486 0.10481595941492117
6 0.39073110177195697 0.42787122442915954 0.09117951190385672 0.09689436525911965
9 0.43466745413308916 0.460666133519769 0.08018746974937904 0.08732845048646727
9 0.4778361920328408 0.4957911558409034 0.0833306504675381 0.09050799756436803
9 0.5210185654712117 0.5332599281620377 0.08489315046753827 0.09053527110331831
28 0.5705241826630669 0.7176991578694982 0.1257908612399266 0.1381193831160271