40 0.26328125 0.571875 0.065625 0.0765625
40 0.32109375 0.5765625 0.065625 0.0765625
37 0.440625 0.5796875 0.0625 0.078125
37 0.5 0.5828125 0.0609375 0.0796875
26 0.08984375 0.5625 0.06875 0.0765625
26 0.20625 0.565625 0.0640625 0.0765625
37 0.378125 0.575 0.0609375 0.0765625
5 0.9953125 0.5953125 0.009375 0.090625
34 0.821875 0.58828125 0.0609375 0.0796875
34 0.75625 0.58984375 0.065625 0.0828125
34 0.88828125 0.5890625 0.0625 0.08125
34 0.959375 0.5921875 0.0625 0.0828125
24 0.6875 0.58515625 0.06875 0.0859375
24 0.62421875 0.5828125 0.06875 0.0828125
26 0.15078125 0.5625 0.0671875 0.0765625
24 0.559375 0.58359375 0.065625 0.0828125