40 0.7716400316599203 0.5725577146353482 0.09067163879807012 0.09477895407749273
40 0.7293258465947285 0.5363079775674718 0.09067163879807012 0.09477895407749273
37 0.6352815661559195 0.4664250380714554 0.08749209172016936 0.09156302586424747
37 0.5906236310907277 0.4302434971635131 0.08751936525911966 0.09312552586424747
26 0.9049007707028718 0.6772188194124862 0.09226141233702023 0.09638691818411545
26 0.8139405799556372 0.6095887017032243 0.08908186525911965 0.09317098997087
37 0.6830099541432106 0.5056406507661523 0.08749209172016936 0.09156302586424747
5 0.18130277272817144 0.12590796747183497 0.09393300649282174 0.1026823822907382
34 0.3377419131510946 0.24473086064963284 0.08910913879807003 0.0947334899708702
34 0.39099359821628643 0.28066234897115033 0.09228868587597079 0.09794941818411544
34 0.2852987516248531 0.20721414027480395 0.08910913879807003 0.0947334899708702
34 0.23060729748493775 0.16429686605990917 0.08913641233702041 0.09629598997087019
24 0.44257368912567685 0.3228893013992905 0.09546823295387127 0.10116534639736088
24 0.49189185065191837 0.3604969499873647 0.09387845941492116 0.09955738229073816
26 0.8563229488682047 0.6419321887711007 0.09226141233702023 0.09638691818411545
24 0.5435946724865854 0.39569265241550494 0.0922886858759707 0.09794941818411544