19 0.33984375 0.42853965309981684 0.0875 0.08488406010845857
31 0.2671875 0.3335857014026146 0.1 0.09589428298109555
19 0.415625 0.5211680355151783 0.0828125 0.08173178903121965
19 0.3015625 0.38378568930236623 0.0875 0.08488406010845857
19 0.378125 0.47407486689726747 0.08125 0.07859769867214013
31 0.2328125 0.28963571350286305 0.1 0.09589428298109555
11 0.665625 0.8163724929679171 0.1140625 0.10847609621281222
21 0.575 0.7197515021412993 0.109375 0.1053238251355733
16 0.61484375 0.7699833062978295 0.1140625 0.11003859621281205
36 0.196875 0.24411413524403183 0.0984375 0.09432269262201594
36 0.1328125 0.1679601805217675 0.0890625 0.08020565046753818
36 0.16484375 0.20330278288289966 0.1 0.09589428298109555
39 0.49375 0.6153725534691592 0.103125 0.09903746369925485
39 0.45546875 0.5667123396717086 0.096875 0.09118860226293642
39 0.534375 0.6695151528052292 0.103125 0.09747496369925486
10 0.7125 0.8744577037403058 0.125 0.12103972872636959