40 0.5917218682517691 0.22265625 0.08106166846619481 0.059375
40 0.5881815485408188 0.2796875 0.07961756763635783 0.0609375
37 0.5736552620233473 0.39921875 0.08070647095570571 0.0546875
37 0.5683748435571525 0.45859375 0.0822689709557057 0.0546875
26 0.6079299765547832 0.05 0.07973596680652087 0.0625
26 0.5944809379627195 0.165625 0.07938076929603177 0.0578125
37 0.5783912288298684 0.33671875 0.08070647095570589 0.0546875
5 0.5050251678182731 0.975 0.09285127344521679 0.05
34 0.527755963258814 0.778125 0.08394987012586874 0.05625
34 0.5381382788205796 0.71328125 0.08719326929603177 0.0578125
34 0.5180364985268856 0.84453125 0.08394987012586874 0.05625
34 0.5110868362844679 0.915625 0.08695647095570588 0.0546875
24 0.5433478423077526 0.64453125 0.08754846680652087 0.0625
24 0.5512088091142736 0.58203125 0.0873116684661948 0.059375
26 0.5994061589184254 0.1109375 0.08118006763635784 0.0609375
24 0.5607506750909576 0.51796875 0.0857491684661948 0.059375