19 0.353125 0.596875 0.0578125 0.0671875
31 0.234375 0.60859375 0.0640625 0.078125
19 0.47109375 0.58125 0.05625 0.0625
19 0.29453125 0.60546875 0.0578125 0.0671875
19 0.41171875 0.58828125 0.0546875 0.0609375
31 0.17890625 0.61484375 0.0640625 0.078125
11 0.853125 0.525 0.0703125 0.090625
21 0.7234375 0.55078125 0.0703125 0.0859375
16 0.78671875 0.54375 0.0734375 0.0890625
36 0.12109375 0.62109375 0.0625 0.0765625
36 0.0234375 0.63515625 0.046875 0.075
36 0.0703125 0.6265625 0.0640625 0.078125
39 0.5921875 0.56484375 0.0671875 0.0796875
39 0.53046875 0.571875 0.059375 0.0765625
39 0.659375 0.55859375 0.0640625 0.08125
10 0.9265625 0.515625 0.0796875 0.0984375