19 0.5327281131258683 0.31675531017477915 0.10396276101791671 0.10608016693047428
31 0.586541484516771 0.2104311023363626 0.11838893692972227 0.12211434389007839
19 0.48285735932614615 0.424528357746639 0.09916615824437507 0.10125627461060631
19 0.5580541150257294 0.26285742036219356 0.10396276101791671 0.10608016693047428
19 0.5089646112260073 0.3706077358807421 0.0959684230620141 0.09804034639736088
31 0.6119584053945835 0.16043946252377705 0.11838893692972227 0.12211434389007839
11 0.32452471456822984 0.7762452851019545 0.13281511284152786 0.13814852084968265
21 0.3724692924561464 0.6528927016367174 0.12798214247680573 0.1317621285298145
16 0.34330977573864646 0.7100292517158596 0.13281511284152786 0.1381485208496825
36 0.636539524885625 0.1081268047645028 0.11355596656499997 0.11572795157021036
36 0.6822864763486459 0.035438428675463776 0.1145729526972918 0.07087685735092755
36 0.6605030485369792 0.0628681290585399 0.1167537017473613 0.11894387978345573
39 0.43225990691319494 0.5346678873718101 0.12158667211208343 0.12533027210332381
39 0.45833079122187537 0.4791847655059132 0.11199346656499998 0.1156824874635877
39 0.4008293753780561 0.5949976336108864 0.11998780452090294 0.12372230799670092
10 0.2924765871934035 0.8436290133943422 0.14556968597979178 0.14944973370266404