19 0.6585820074553403 0.4249331227649743 0.08669366943775678 0.08263393992586625
31 0.7125671623116208 0.32223719790005056 0.09946645407749273 0.0924454495445131
19 0.6006451384924374 0.5259301383740709 0.08191524122451135 0.07934524881887359
19 0.6875959060434147 0.375997114960426 0.08669366943775678 0.08263393992586625
19 0.6288095909205775 0.4746230987183572 0.08026181301126592 0.07616568511654283
31 0.7385015250063176 0.2747545626908405 0.09946645407749273 0.0924454495445131
11 0.40945681498982306 0.8486062026245559 0.11384720282385156 0.1038740228654909
21 0.48049307752623543 0.7418229784852717 0.10911423871722903 0.10214783175849824
16 0.45085705331134057 0.7962004544386545 0.113938131037097 0.1069990228654909
36 0.7651489415410805 0.2249554593327959 0.09785848997087018 0.09082838584218215
36 0.8142563797834559 0.14238106150971416 0.08959134890464356 0.07493056733052797
36 0.788853214502334 0.18129722857008962 0.09946645407749273 0.09244544954451306
39 0.541191233636157 0.6284350902808367 0.10272784639736088 0.09724207694917482
39 0.5700914719576745 0.5755928324762885 0.09620506175762475 0.0876488221398514
39 0.5108876196878189 0.6866915343830542 0.10263691818411544 0.09411707694917482
10 0.37379811130804164 0.9105779237686153 0.12514841567683294 0.11675596878180698