19 0.44214515289514067 0.37380827800647254 0.08224566016782511 0.07633640340856669
31 0.3765336535198406 0.2821077475676633 0.09401195435896632 0.08746481818121907
19 0.5060757531002776 0.46709858198423204 0.07732136182749905 0.07312958279171564
19 0.4113813275851129 0.32675204586337997 0.08224566016782511 0.07633640340856669
19 0.4736902282051684 0.42085087338008986 0.07552206348717298 0.06997730925276535
31 0.34631427986948676 0.2381628786550956 0.09401195435896632 0.08746481818121907
11 0.7058334190676729 0.7756984659143334 0.10577824855010753 0.09859323295387128
21 0.6431460101492477 0.6660019119365739 0.10073555103961844 0.09382391233702041
16 0.6783605371189493 0.7161013234628154 0.10577824855010753 0.09859323295387146
36 0.31381035580421446 0.19347767005095343 0.08908765601864026 0.08425799756436803
36 0.25698186057809924 0.1094259983784422 0.09065015601864027 0.08428527110331836
36 0.28479828464337154 0.1541930275994354 0.09233105518880329 0.0858750446422687
39 0.5697695549650887 0.5635138859619916 0.09401195435896632 0.08746481818121907
39 0.5367211792401425 0.5157173141273246 0.08896925684847723 0.08269549756436803
39 0.6079314831795458 0.6159025004103323 0.09401195435896632 0.08746481818121907
10 0.745084250601478 0.8343098068237239 0.11418274440092269 0.10654210064862327