31 0.5582186124131553 0.8383974415547183 0.08738299756436803 0.08431254464226896
11 0.22491381980277683 0.3569432954530476 0.10325345941492108 0.09864778003177203
11 0.35862812093786733 0.545158135955401 0.09056254464226861 0.08749209172016936
21 0.4250946465054125 0.6392587378218402 0.09371481818121907 0.08910913879807011
26 0.5229299488583189 0.7854536736978108 0.09215231818121908 0.08908186525911965
36 0.5878748847342897 0.8818707520252996 0.08261367694751698 0.07954322402541755
16 0.3922861006453279 0.5941683802733582 0.09056254464226869 0.08749209172016936
6 0.28015647321134346 0.4344467325468343 0.09530459172016936 0.0906989123370204
26 0.4924787897677095 0.7411854764577545 0.08894549756436802 0.08433981818121908
6 0.1872541327089901 0.30239611728771465 0.09848413879807008 0.09387845941492108
1 0.14949898822887717 0.24238018912238163 0.10325345941492108 0.09864778003177213
6 0.3161718396882792 0.48427913717321697 0.09530459172016936 0.0906989123370204
39 0.6182714967469986 0.923013949265356 0.08579322402541756 0.08272277110331813
26 0.46119183359919924 0.6937786424482228 0.09371481818121907 0.08910913879807011