25 0.5118635671543402 0.051213821130721225 0.1168978656913195 0.06007282092583346
11 0.4172692740326037 0.48634649234700494 0.09720361474138901 0.0856892510334573
4 0.3557446668906591 0.7775493810982999 0.09240701196784729 0.08078342721213971
32 0.3834722362292008 0.6615262748119937 0.1005104526972918 0.09364730024766903
34 0.3375557517124298 0.8869778850272414 0.08444904160312508 0.07416955417661057
4 0.3695720839687494 0.7211003279551468 0.09560474715020835 0.08405397642635144
12 0.4701994779641665 0.22837348056018064 0.10359908510611113 0.09223034946188076
10 0.4992356273748263 0.0897305115774273 0.12601959897381948 0.11668669396136273
6 0.42888022767982603 0.42431952729319294 0.10196384992375015 0.08903257485477489
1 0.4421809678961803 0.35689658684648695 0.10519795269729179 0.09386562406898662
22 0.402569687976562 0.5466654081866051 0.0861570119678472 0.08049232878371626
34 0.3467138525861104 0.8295292580627706 0.08924564437666671 0.07907537799792799
17 0.4545913553389928 0.29412475909622793 0.09734908510611114 0.0919392510334573
34 0.32227493740788116 0.9386666635632887 0.08913654160312508 0.07438787799792798
7 0.4826462329981595 0.16403915280992165 0.11795252583555574 0.10538532092583344
27 0.3918309033072912 0.60482251054397 0.09553201196784729 0.08092897642635144