31 0.4859375 0.53984375 0.1109375 0.0828125
31 0.6828125 0.47109375 0.1125 0.075
16 0.39296875 0.4546875 0.1 0.06875
11 0.3109375 0.46953125 0.1 0.0734375
36 0.5625 0.51171875 0.1140625 0.0796875
16 0.63984375 0.3671875 0.1015625 0.0578125
36 0.75234375 0.453125 0.1125 0.071875
34 0.1484375 0.5703125 0.109375 0.075
34 0.246875 0.56640625 0.103125 0.075
11 0.5765625 0.38828125 0.0984375 0.0609375
21 0.70703125 0.34609375 0.1078125 0.05625
6 0.225 0.48203125 0.0984375 0.0734375
26 0.39140625 0.5578125 0.1109375 0.0890625
39 0.8359375 0.43203125 0.11875 0.06875