19 0.5866258778443167 0.5219133755500632 0.08757391233702042 0.09725168479069168
19 0.6445105158316078 0.5649258879073529 0.09557732710967279 0.1085075197716634
32 0.3297969995962582 0.32068782068369694 0.09872960064862309 0.11019735376405233
37 0.27887542776159113 0.2818680598092821 0.09396028003177204 0.10531885277546911
17 0.14153116071546262 0.17776419714798122 0.09703073295387141 0.10232118676785787
12 0.18705216639750546 0.21245487353571577 0.09226141233702041 0.09744268577927473
27 0.4777651209444579 0.44320610231835855 0.09875687418757337 0.11175985376405215
27 0.43007764326559217 0.3982636754363324 0.0971398271096728 0.10857118676785796
10 0.881081441157567 0.762198771823192 0.1321693920444808 0.14747186068413462
27 0.3799918685088259 0.3563507480600147 0.0924250535707225 0.10681768577927472
34 0.8209076002481765 0.7159657589716106 0.12427507142762977 0.14246602570316255
7 0.2341493088490235 0.2464279669196447 0.0891636858759707 0.09887785178688588
27 0.5317707824706993 0.48449694718516223 0.09875687418757337 0.11175985376405233
34 0.7015457199715232 0.6118128167665453 0.10193642126547413 0.11501218775644091
34 0.7561553534945875 0.6632917451314462 0.11788870373287832 0.13439885771838506