25 0.8991122111468943 0.8632565588414174 0.10672620435383635 0.11033620248167467
11 0.6021602777596322 0.4832148716949815 0.09217263103285873 0.09529035668871888
4 0.4088740361123347 0.2374549854210659 0.08732143992586625 0.0902750747577337
32 0.4840774219545169 0.3377934750295057 0.10025794954451292 0.10364915990702758
34 0.3332986280376339 0.14878061549079521 0.07923612141421188 0.081916271539425
4 0.4448586653310949 0.28595246958162407 0.09217263103285873 0.09529035668871888
12 0.7742064364673051 0.7009918696012946 0.10025794954451292 0.10364915990702742
10 0.867142959332796 0.8181572262900134 0.1228968413771451 0.1270538089182917
6 0.6445040343830541 0.5352743984301866 0.09702382213985139 0.10030563861970414
1 0.6893279502623033 0.5914040661308844 0.10187501324684387 0.10532092055068923
22 0.5629688029873756 0.4321551162470999 0.08408731252120454 0.08693155347041018
34 0.3730803798517324 0.19442625126050772 0.08408731252120454 0.08693155347041026
17 0.7316717068857252 0.6434635928660895 0.09702382213985139 0.10030563861970414
34 0.30124753067003907 0.10133753293939138 0.08408731252120454 0.08693155347041022
7 0.817386006793058 0.7546685266583305 0.11157739546082901 0.11535148441265974
27 0.5238318919174499 0.3826578607992182 0.09055556733052797 0.09361859604505715