19 0.6251342718628058 0.4701397212479825 0.13357609016268784 0.1405371547112475
19 0.6831967567374952 0.42312832743249834 0.14614881303532493 0.15391123986054128
32 0.3732076366187739 0.684551054555691 0.14772040339440445 0.1555830005042031
37 0.3237616276417835 0.7270552648310357 0.1430147226762452 0.15213021857321785
17 0.19510938681516565 0.8266396376112979 0.12257495764913058 0.12883483020561534
12 0.2327457422013599 0.8005798821634162 0.13515677088084707 0.1437714153549095
27 0.5192155490883646 0.5548585646951496 0.14929199375348395 0.15725476114786474
27 0.47208601903413544 0.6018863840050017 0.14772040339440445 0.1555830005042031
10 0.9077432805452087 0.21687905538887026 0.18234993344863354 0.20173673466476122
27 0.4226263745185255 0.6467343442803463 0.1430056323171657 0.15056771857321785
34 0.8567165908500589 0.2626175263078766 0.19015334308955403 0.20072053788306993
7 0.27824459456249206 0.7653800734972259 0.13514768052176757 0.14220891535490915
27 0.5725814436039746 0.5097374528106506 0.15086358411256368 0.15892652179152655
34 0.7397149223303441 0.37310119426067584 0.1540067648307229 0.16227004307885
34 0.7923541090004316 0.31865971269800775 0.17915221057599684 0.18901821337743785