31 0.5390625 0.12734375 0.0390625 0.0390625
8 0.9265625 0.4265625 0.053125 0.065625
38 0.27890625 0.4890625 0.0546875 0.075
8 0.82734375 0.434375 0.05 0.065625
8 0.8828125 0.42734375 0.05 0.0625
11 0.49609375 0.1265625 0.0375 0.0390625
39 0.77890625 0.4390625 0.0515625 0.065625
38 0.21328125 0.49375 0.05625 0.075
38 0.3390625 0.48515625 0.0546875 0.071875
3 0.61875 0.4515625 0.05 0.0609375
3 0.6734375 0.44609375 0.0515625 0.0625
12 0.45625 0.128125 0.0390625 0.0390625
3 0.565625 0.45703125 0.05 0.0640625
37 0.5015625 0.16875 0.0375 0.040625
39 0.7265625 0.44375 0.053125 0.065625
22 0.5125 0.46875 0.05 0.065625
22 0.4578125 0.4734375 0.0515625 0.0625
22 0.3984375 0.4734375 0.05 0.0609375
0 0.06015625 0.50625 0.0625 0.078125
27 0.57578125 0.12734375 0.040625 0.040625
10 0.128125 0.50234375 0.0640625 0.0828125
37 0.45859375 0.1703125 0.0375 0.040625
37 0.41328125 0.128125 0.0390625 0.040625
21 0.62734375 0.16484375 0.04375 0.0375
9 0.5453125 0.16875 0.0375 0.040625
2 0.51328125 0.21796875 0.0421875 0.04375
14 0.5828125 0.16640625 0.0359375 0.0390625
27 0.61953125 0.12421875 0.040625 0.0375