31 0.5880873699223296 0.41050399137315063 0.12099427693097127 0.12560056956195353
36 0.6072686410977644 0.35171349941892227 0.12255677693097126 0.12570983020561535
21 0.5433975595192834 0.5143666827069604 0.13041472872636942 0.13406863342392406
11 0.4940702460911751 0.6264953421097849 0.13512040944452863 0.13752141535490914
11 0.4733219297362005 0.6843953234203514 0.13669199980360816 0.13919317599857095
13 0.6535254966803503 0.24874131872877436 0.12569995764913067 0.12905335149293878
4 0.42013381810349043 0.8040633312140215 0.13827268052176755 0.14242743664223276
11 0.5202964028052293 0.5705402730520343 0.13041472872636942 0.13406863342392406
4 0.3923633421075955 0.8630341396281104 0.13827268052176747 0.1424274366422324
36 0.6280714996072165 0.30318851810835573 0.12255677693097126 0.12570983020561535
4 0.4471048633812261 0.7419128924781019 0.13827268052176755 0.14242743664223276
13 0.6928329154946529 0.1593399651421486 0.11941359621281222 0.12236630891829185
26 0.5673072373105764 0.46293522268371723 0.1272806383672897 0.13228761213660062
13 0.671216990728422 0.20234156613088433 0.12412836729005097 0.12738159084927708
5 0.3622809323684792 0.9247318382513872 0.14928290339440445 0.15053632349722576