31 0.60078125 0.8122065510035791 0.0625 0.06431856426490726
8 0.11640625 0.7645816740566103 0.0953125 0.1027733105039836
38 0.6421875 0.36490800217807806 0.10625 0.11402905925034235
8 0.196875 0.7067715225655421 0.0953125 0.1027733105039836
8 0.15234375 0.7416609996042886 0.0921875 0.09799488229073816
11 0.63828125 0.7908029124446347 0.0640625 0.06592652837152997
39 0.23671875 0.6751434378466639 0.0984375 0.10442673871722885
38 0.69609375 0.32583949049959554 0.1078125 0.11563702335696498
38 0.59140625 0.4007605856433152 0.1046875 0.11085859514371972
3 0.36796875 0.5791369528903585 0.090625 0.09638691818411545
3 0.3234375 0.612463929929105 0.0921875 0.09799488229073816
12 0.671875 0.7679504341522471 0.065625 0.06753449247815269
3 0.4109375 0.5458554399582349 0.0921875 0.09799488229073816
37 0.6125 0.757959320203909 0.0640625 0.06748902837152997
39 0.27890625 0.6434471569678515 0.0984375 0.10442673871722903
22 0.45078125 0.5071961052393565 0.0953125 0.1027733105039836
22 0.49609375 0.4738463961472988 0.0921875 0.09799488229073816
22 0.546875 0.44346256268206163 0.090625 0.09638691818411545
0 0.821875 0.23233587991646973 0.1171875 0.1237223079967011
27 0.56953125 0.8326470831360326 0.0671875 0.0691424565847754
10 0.76484375 0.2722765698081976 0.121875 0.12854620031656908
37 0.6484375 0.7326948957515873 0.0640625 0.06748902837152997
37 0.709375 0.7442030455933027 0.065625 0.06753449247815269
21 0.50625 0.8282383794542513 0.0703125 0.07079588479802083
9 0.575 0.7801442087628534 0.0640625 0.06748902837152997
2 0.5765625 0.7215049946562306 0.071875 0.0755288489046432
14 0.54296875 0.8029512229486183 0.0609375 0.06427310015828454
27 0.53359375 0.8586927575883543 0.065625 0.06597199247815269