31 0.46917174000283507 0.8500812269173267 0.0630654843909035 0.06235583605604163
8 0.938407834923359 0.7407881070450355 0.09557044954451328 0.09902068787965276
38 0.35855412149902993 0.40958155385531275 0.105327395460829 0.11017639342673621
8 0.8508607057045989 0.6926941395301048 0.09557044954451328 0.09902068787965276
8 0.8994991023465543 0.7219283510611119 0.09233632213985139 0.0958229526972918
11 0.4295636029795264 0.8335470371378129 0.06312004809323427 0.06391833605604162
39 0.8062649683184706 0.6674570969770492 0.09875001324684404 0.1006559230620141
38 0.2996776293035783 0.3777672029816322 0.10699902286549072 0.1133377610179167
38 0.4142237681409854 0.4389794195466322 0.10371033175849824 0.10857752583555573
3 0.6614311287554241 0.5883663961796186 0.09066469473518968 0.09266158510611114
3 0.7115774616950487 0.6160744753018061 0.09233632213985139 0.0958229526972918
12 0.3922173704027216 0.8147236487450698 0.06468254809323426 0.06395470364722229
3 0.6144097958157996 0.5607310522397922 0.09233632213985139 0.0958229526972918
37 0.44937510597475133 0.7973192496187502 0.06473711179556503 0.06551720364722229
39 0.7592709172300115 0.6406030030372228 0.09875001324684404 0.1006559230620141
22 0.5695139580668516 0.5269002596867367 0.09557044954451292 0.09902068787965276
22 0.5193949069783924 0.499973430564549 0.09233632213985139 0.0958229526972918
22 0.4646702014434296 0.47528124866881977 0.09066469473518968 0.09266158510611114
0 0.16117563529402804 0.30116572254892376 0.1166468413771451 0.12136846656500015
27 0.5032838451749782 0.8657068801277088 0.06791667549789597 0.06715243882958362
10 0.22320440934064517 0.33383405860496546 0.11993553248413757 0.1261287017473612
37 0.4096032778444503 0.7760975598392363 0.06473711179556503 0.06551720364722229
37 0.3525273878259168 0.7958457089655557 0.06629961179556502 0.06555357123840277
21 0.5652927718540004 0.853099083774931 0.06953373920022674 0.06875130642076428
9 0.48979177484922526 0.8146528731938545 0.06473711179556503 0.06551720364722229
2 0.4783979178629837 0.7566221676467713 0.07276786660488846 0.0719490416031249
14 0.5247669755748647 0.8326404601998266 0.061502984390903494 0.06231946846486096
27 0.5430556733052793 0.8869285699072226 0.06624504809323425 0.06399107123840295