25 0.884375 0.1640625 0.10625 0.1140625
11 0.540625 0.51875 0.09375 0.0984375
4 0.3171875 0.7484375 0.0890625 0.090625
32 0.4046875 0.6546875 0.1 0.103125
34 0.23125 0.83125 0.0796875 0.084375
4 0.359375 0.70234375 0.0921875 0.0953125
12 0.7390625 0.31640625 0.1 0.1046875
10 0.84609375 0.20703125 0.1234375 0.128125
6 0.5890625 0.47109375 0.0984375 0.103125
1 0.64140625 0.41953125 0.103125 0.1078125
22 0.49453125 0.5671875 0.0859375 0.0875
34 0.2765625 0.78828125 0.0859375 0.0890625
17 0.68984375 0.3703125 0.0984375 0.1015625
34 0.19296875 0.875 0.084375 0.0875
7 0.7890625 0.265625 0.1140625 0.11875
27 0.45 0.6125 0.090625 0.09375