19 0.43984375 0.42109375 0.0796875 0.0921875
19 0.36796875 0.41328125 0.0859375 0.1015625
32 0.7609375 0.45 0.0890625 0.103125
37 0.8234375 0.45625 0.0859375 0.1
17 0.9734375 0.47421875 0.053125 0.09375
12 0.93671875 0.46796875 0.0859375 0.090625
27 0.57109375 0.4375 0.0890625 0.10625
27 0.6359375 0.4375 0.0859375 0.103125
10 0.06484375 0.39453125 0.11875 0.1390625
27 0.7 0.44140625 0.0828125 0.1015625
34 0.1390625 0.40234375 0.1109375 0.1359375
7 0.8796875 0.4609375 0.08125 0.0921875
27 0.50390625 0.43125 0.090625 0.10625
34 0.2953125 0.4078125 0.090625 0.109375
34 0.221875 0.40859375 0.1046875 0.1265625