31 0.24596311142651378 0.6248336119693608 0.06193316016782511 0.07860466378737563
11 0.8234611493938777 0.6105921229235861 0.07369945435896633 0.09024307063492074
11 0.596010655617655 0.6133921576227376 0.06373245850815117 0.08182979333702498
21 0.48231500852208437 0.6151827999723134 0.06685745850815117 0.08203005243632351
26 0.3085815105966768 0.6223909299833881 0.06673905933798814 0.0804675524363235
36 0.19422301267126924 0.6257941371077884 0.06001546265733606 0.07381703423772627
16 0.5380205568624105 0.6147532009597625 0.06517655933798813 0.08036742288667416
6 0.7301372018833885 0.6118623311277206 0.06709425684847722 0.08515505243632368
26 0.36104365976683983 0.6205990900701357 0.06349566016782511 0.07870479333702499
6 0.8885416977342036 0.6095617466131392 0.06889355518880329 0.08838018198597286
1 0.9587949981491221 0.6042746668789197 0.07225535352912935 0.09170544108527139
6 0.669684953957981 0.6118110687892195 0.06553175684847723 0.08505492288667416
39 0.14398621433094322 0.6258732826965667 0.06325886182749914 0.07557979333702498
26 0.41813410935192136 0.6177256115079356 0.0654133576783142 0.08349242288667416