28 0.44765625 0.42734375 0.0546875 0.078125
38 0.3828125 0.4265625 0.0546875 0.0796875
38 0.3140625 0.4296875 0.0546875 0.08125
28 0.50546875 0.42734375 0.05625 0.078125
18 0.978125 0.40859375 0.04375 0.0703125
35 0.1796875 0.4328125 0.0609375 0.0875
38 0.25 0.4328125 0.05625 0.084375
28 0.565625 0.4171875 0.0546875 0.0765625
8 0.8140625 0.4078125 0.05 0.0765625
18 0.9171875 0.41328125 0.05625 0.071875
8 0.86328125 0.41171875 0.0484375 0.075
15 0.1140625 0.43671875 0.0640625 0.0859375
3 0.75 0.4078125 0.05625 0.0703125
3 0.6875 0.409375 0.05625 0.071875
3 0.63046875 0.40703125 0.05 0.0703125
25 0.04453125 0.43671875 0.0703125 0.0859375