19 0.4759149625778467 0.5841845025737895 0.12471167211208342 0.12542120031656906
19 0.5222983468865272 0.6374853473217976 0.13590374525034737 0.1366769490629279
32 0.2666536378240622 0.3505920672344081 0.13910148043270842 0.13989287727617325
37 0.2263384155594789 0.3049218660599092 0.1343048776591668 0.1350689849563052
17 0.1313733673068401 0.19213837272382675 0.10556162860909732 0.10768813103709692
12 0.15333863307440954 0.22116664317779788 0.12790940729444458 0.12863712852981452
27 0.39390385600458294 0.48507706433141423 0.14073671561506948 0.1430633413827959
27 0.3472658985576385 0.442713719583406 0.13594011284152785 0.1382394490629279
10 0.7257460827344785 0.8525096390876697 0.18550500816812523 0.18808633636823088
27 0.3046069262930552 0.3971117145688411 0.1327423776591668 0.13502352084968247
34 0.6786178160169785 0.7976690263929729 0.17751067021222228 0.18004651583511766
7 0.18903909052135393 0.26384823667216484 0.12474803970326401 0.12698370031656908
27 0.43725315929121483 0.5345625872926678 0.14229921561506947 0.1431088054894186
34 0.570262414990798 0.6899594779631832 0.14393445079743064 0.14627926959604132
34 0.6238043358686104 0.7375869842313894 0.16631859707395832 0.16879076708875881