19 0.5562268300553261 0.47465562923627314 0.0699650192218769 0.0858690334984459
19 0.6279380557450666 0.4811282611631425 0.07670634215265544 0.09553513192686935
32 0.2355801373822724 0.43622656017246647 0.07983134215265535 0.09568068114108126
37 0.17254454884766163 0.4285916885846793 0.07498006784239583 0.09233735731976349
17 0.02158731569468928 0.4116117421421171 0.04317463138937856 0.08572348428423418
12 0.05959084746818063 0.41706552956950455 0.07753185775648759 0.08154540653397539
27 0.4236599915207154 0.4637822876322753 0.07843261646291477 0.0987329065339754
27 0.3601707016066236 0.4498610287409351 0.07826884215265535 0.0956079065339754
10 0.9270815626424715 0.5263873730310201 0.10178158525525056 0.1278767510334573
27 0.2964357502271426 0.4406272698495949 0.07358134215265544 0.09538958271265763
34 0.853848780530296 0.5190607164970448 0.09701219810012063 0.12609592721213972
7 0.11649926673548601 0.42206555272886837 0.07152751922187686 0.08594180810555194
27 0.490642773632891 0.47081784573782703 0.07991322930778502 0.09724318114108108
34 0.6994036199694179 0.49228839309001204 0.08163950361804453 0.10044095574818712
34 0.7714457163059446 0.5073911623204344 0.09347776232447202 0.11813787799792799