19 0.6046875 0.42421875 0.1 0.0875
19 0.61875 0.35390625 0.109375 0.0953125
32 0.55 0.7390625 0.109375 0.096875
37 0.5390625 0.80078125 0.1078125 0.09375
17 0.5046875 0.95390625 0.1015625 0.0703125
12 0.5171875 0.91171875 0.0984375 0.0921875
27 0.578125 0.55234375 0.1125 0.096875
27 0.57265625 0.61640625 0.1109375 0.0953125
10 0.66171875 0.06015625 0.15 0.1203125
27 0.56328125 0.68046875 0.1078125 0.0921875
34 0.64765625 0.128125 0.14375 0.1234375
7 0.5296875 0.85703125 0.1 0.0890625
27 0.58984375 0.48671875 0.1125 0.0984375
34 0.6296875 0.28203125 0.115625 0.1
34 0.63515625 0.209375 0.1359375 0.115625