31 0.7484375 0.471875 0.059375 0.075
31 0.80390625 0.4625 0.0625 0.0765625
31 0.8640625 0.45859375 0.0609375 0.075
19 0.62890625 0.484375 0.053125 0.0703125
19 0.6921875 0.47734375 0.053125 0.065625
11 0.17421875 0.52421875 0.065625 0.0890625
21 0.5078125 0.49296875 0.05625 0.0734375
16 0.38359375 0.50703125 0.059375 0.08125
16 0.44765625 0.49921875 0.05625 0.0765625
16 0.24609375 0.51875 0.0640625 0.084375
16 0.31328125 0.5125 0.0625 0.084375
26 0.56953125 0.4890625 0.0578125 0.0765625
1 0.03125 0.54140625 0.0625 0.0921875
6 0.1046875 0.53359375 0.0671875 0.090625