40 0.43408856813787694 0.472460086728179 0.13159219269935693 0.12491018801718105
39 0.1908611274528674 0.18824652936027148 0.11858285672980182 0.11226473734881744
40 0.3975581605332227 0.42904589405631566 0.12508752471457943 0.11858746268299925
40 0.35956075342286004 0.3832697700509068 0.1267136917107738 0.1201681440165447
4 0.6017031965793275 0.6557463960852689 0.1363433596955513 0.12652723201781732
3 0.29418510422116284 0.29965729137490715 0.11858285672980182 0.11226473734881744
4 0.6441334357049125 0.7078270640913139 0.13965936068413462 0.13125109468490842
3 0.33240534581820586 0.339964665380316 0.11533052273741298 0.10910337468172662
34 0.47599222524823953 0.5182816640674515 0.12333402372599629 0.1138817813494537
34 0.5101152158566995 0.5632310847389966 0.12665002471457926 0.11860564401654479
3 0.2598074456279254 0.2609578707033619 0.11533052273741298 0.10910337468172653
34 0.552768289468965 0.6098430027450419 0.12833985870696818 0.12174882535009016
4 0.6832476738419145 0.7645588694302683 0.1363433596955513 0.12652723201781732
39 0.22696045353659083 0.22305788136536214 0.11207818874502422 0.10594201201463563
15 0.7348937454770136 0.8206548754375861 0.14772652866891214 0.1375920013526354