40 0.4840289916133821 0.5383285233642516 0.08698333148532651 0.10222177956950454
39 0.14294750725722324 0.6751520113725394 0.08156778939195171 0.08950345574818712
40 0.43309582316929573 0.5601093240262054 0.08349431043863902 0.09582623035529281
40 0.37908315735604525 0.5825258254739474 0.08505681043863911 0.09589900496239885
4 0.7145516785439071 0.45634873903723605 0.08881884727034191 0.1069820541766104
3 0.2857650678370367 0.6257064371369372 0.0784427893919517 0.08935790653397539
4 0.7745868312029778 0.4303170860179174 0.092034852532014 0.1086901033908223
3 0.3368802468044667 0.6070506364749834 0.0784427893919517 0.08935790653397539
34 0.5420844153191402 0.5184377084342742 0.07880681043863902 0.0956079065339754
34 0.5929265785015547 0.4950944077723204 0.0806423262236546 0.10036818114108108
3 0.2369481362387707 0.6436901497095497 0.0783517841302798 0.0877954065339754
34 0.650064244314805 0.47282345553878996 0.08220482622365459 0.10044095574818712
4 0.8335222154461972 0.39878029569504586 0.08881884727034191 0.1069820541766104
39 0.19194644937883293 0.6602932987999269 0.075135778868608 0.08608735731976366
15 0.903759120736104 0.37400292762191534 0.09708637357870131 0.11515842721213972