38 0.57890625 0.54765625 0.14375 0.1375
38 0.625 0.590625 0.1484375 0.14375
29 0.384375 0.3171875 0.146875 0.140625
41 0.53671875 0.6796875 0.153125 0.1484375
21 0.68203125 0.81953125 0.140625 0.1328125
25 0.1390625 0.27421875 0.175 0.1671875
21 0.584375 0.725 0.1484375 0.1421875
21 0.634375 0.7671875 0.14375 0.1359375
29 0.53515625 0.47890625 0.13125 0.1265625
29 0.4390625 0.36875 0.125 0.1203125
41 0.48671875 0.62890625 0.1515625 0.146875
29 0.49296875 0.4234375 0.1203125 0.115625
41 0.44140625 0.56015625 0.1609375 0.153125
22 0.22265625 0.31640625 0.15625 0.15
22 0.27109375 0.384375 0.1484375 0.1421875
22 0.3203125 0.45546875 0.146875 0.140625
22 0.38828125 0.5 0.15 0.14375