15 0.7885492224585686 0.9083457059006147 0.12391547424624498 0.10223518657189175
38 0.3885194634953991 0.27834160597536944 0.1072701081851685 0.08964428298109546
38 0.3581465662205558 0.22224159690018314 0.10896015394280303 0.09121587334017515
23 0.49392392486476633 0.4301444796101322 0.10545251666989941 0.08651019262201594
23 0.5205818907760614 0.4886109645830176 0.10688747091226496 0.08495678298109546
34 0.630641901237043 0.6591456574996211 0.1070150166698994 0.08651928298109546
41 0.41831840486088695 0.32741036505055576 0.1072701081851685 0.08964428298109554
34 0.6676474357847899 0.7198968051384889 0.10857751666989941 0.08652837334017516
2 0.5915477082045651 0.6015331453993726 0.10389001666989942 0.08650110226293642
18 0.326003874855068 0.17318647336361626 0.10219997091226496 0.08492951190385667
41 0.45989986910519215 0.3771921964326449 0.11039510818516866 0.08966246369925476
18 0.29905886652011826 0.13035407874981053 0.10752519970043757 0.09276928298109555
2 0.5540797880509046 0.5446927929400446 0.10883260818516849 0.08965337334017516
29 0.7059444033630748 0.7868934075978169 0.10038237939699587 0.08179542154477701
29 0.7434760963955527 0.844515010057145 0.10363492515463033 0.08337610226293642