38 0.35278975006650704 0.48717128787792685 0.19465458511458983 0.20209584577069997
38 0.2940967116658472 0.4606220759829962 0.2026489415410805 0.20875528154634876
29 0.6448432062555709 0.587763266619885 0.19943301332783517 0.20546650723608922
41 0.25704768956252344 0.5776115021477066 0.20747283386094856 0.213688443011738
21 0.08179425461885352 0.4897419306872662 0.16358850923770704 0.19510886137453234
25 0.7942652300747544 0.8037235385552954 0.23646165188677948 0.24484991180407362
21 0.19532057937510902 0.5477735159425164 0.19943301332783517 0.20546650723608922
21 0.1360054153476286 0.515714610470021 0.1946091210079671 0.20053334577069998
29 0.4328947872135256 0.503888476367109 0.1801374440483629 0.18573386137453216
29 0.5738320242814018 0.5543089574839165 0.1688816953020041 0.17422315128862387
41 0.3250929959098719 0.6054332869734156 0.20747283386094856 0.213688443011738
29 0.5011901461472987 0.5231165111928181 0.1640578029821363 0.1692899898232348
41 0.4059565510035791 0.6229726690401628 0.21551265439406198 0.2219103787873868
22 0.7194076340731048 0.7411173179539375 0.21073422618081672 0.21853971732199753
22 0.6378764892459543 0.7196307423096255 0.19943301332783517 0.20546650723608922
22 0.5524390944188038 0.6979394487774891 0.19943301332783517 0.20546650723608942
22 0.48259560735092755 0.6512448332190854 0.20269440564770314 0.21031778154634875