40 0.54453125 0.509375 0.10625 0.1015625
39 0.790625 0.79375 0.09375 0.090625
40 0.5828125 0.5515625 0.1 0.096875
40 0.62265625 0.59609375 0.1015625 0.0984375
4 0.3875 0.3140625 0.109375 0.103125
3 0.69609375 0.6734375 0.09375 0.090625
4 0.3421875 0.26484375 0.1125 0.1078125
3 0.6609375 0.6296875 0.09375 0.0890625
34 0.50546875 0.46015625 0.1 0.09375
34 0.465625 0.41796875 0.103125 0.0953125
3 0.72890625 0.71328125 0.09375 0.0890625
34 0.42578125 0.3703125 0.1046875 0.0984375
4 0.2921875 0.2171875 0.109375 0.103125
39 0.7609375 0.7515625 0.090625 0.0859375
15 0.24375 0.1578125 0.11875 0.1125