40 0.44609375 0.48046875 0.08125 0.0984375
39 0.06953125 0.4328125 0.075 0.0859375
40 0.3890625 0.4734375 0.078125 0.0921875
40 0.32890625 0.4671875 0.0796875 0.0921875
4 0.6953125 0.51953125 0.08125 0.103125
3 0.221875 0.45859375 0.075 0.0859375
4 0.7625 0.5265625 0.0859375 0.1046875
3 0.27734375 0.46796875 0.0734375 0.084375
34 0.50859375 0.490625 0.071875 0.09375
34 0.565625 0.49453125 0.075 0.096875
3 0.16953125 0.45078125 0.0734375 0.084375
34 0.62890625 0.50390625 0.078125 0.096875
4 0.8328125 0.528125 0.08125 0.103125
39 0.11953125 0.44375 0.0703125 0.0828125
15 0.90859375 0.540625 0.0890625 0.1109375