38 0.64453125 0.437648722788522 0.1234375 0.14024803248413759
38 0.7046875 0.406641770248784 0.1296875 0.1420287872934612
29 0.36875 0.6152479662499181 0.125 0.1403025961864685
41 0.65234375 0.3030009042768677 0.1328125 0.1468254146981227
21 0.84609375 0.20170375518784162 0.121875 0.1339434687818068
25 0.11328125 0.6054191315810129 0.15 0.16930061542376224
21 0.71484375 0.27034960618363346 0.1265625 0.1419196598887993
21 0.78046875 0.2407141806857375 0.1234375 0.13712303248413757
29 0.5765625 0.4931472438399142 0.1125 0.12736608656782167
29 0.440625 0.5775817859426986 0.1078125 0.11938989546082901
41 0.584375 0.3413119253282599 0.13125 0.14520835099579185
29 0.5140625 0.5375172919331485 0.103125 0.11453870435383635
41 0.5140625 0.39689229193314846 0.1359375 0.15318454210278443
22 0.21015625 0.5817236820364998 0.134375 0.15156747840045348
22 0.28359375 0.5283779380269497 0.125 0.14186509618646853
22 0.35859375 0.4718526303150686 0.1265625 0.1419196598887993
22 0.44140625 0.44239825409153327 0.128125 0.14353672359113007