38 0.56328125 0.378125 0.14375 0.1265625
38 0.584375 0.31796875 0.146875 0.1328125
29 0.434375 0.65625 0.146875 0.128125
41 0.69609375 0.3703125 0.1515625 0.1359375
21 0.76328125 0.17578125 0.1390625 0.1234375
25 0.4890625 0.91015625 0.175 0.153125
21 0.7171875 0.30625 0.146875 0.1296875
21 0.73515625 0.24140625 0.1421875 0.1265625
29 0.5203125 0.446875 0.1328125 0.115625
29 0.459375 0.5828125 0.125 0.109375
41 0.66953125 0.43828125 0.1515625 0.134375
29 0.48671875 0.509375 0.1203125 0.10625
41 0.6265625 0.50859375 0.159375 0.1390625
22 0.4953125 0.8140625 0.15625 0.1359375
22 0.5359375 0.740625 0.1484375 0.128125
22 0.5796875 0.66484375 0.146875 0.128125
22 0.59375 0.5828125 0.15 0.13125