41 0.5251573797065329 0.3792391514245611 0.25368141424880086 0.23508100831327017
41 0.594737496917681 0.3194298939027137 0.24068076650055428 0.2269047954602888
3 0.16150258328718897 0.7287029761808166 0.23060485965300903 0.21569451082055266
3 0.24335216302140844 0.6606409494586393 0.22571710055371036 0.21243311850068453
3 0.31589659392764713 0.5790021560434147 0.21241606415651582 0.19956940564770315
8 0.41742191626061087 0.7291051076136249 0.23382998920265835 0.2173479390337981
8 0.48765287554447967 0.6591396000917775 0.233729859653009 0.2157854390337981
13 0.5617598064507183 0.5775462707831756 0.23403024830195704 0.2204729390337981
13 0.6356967566352886 0.5108194235278848 0.2471310255998528 0.23021165188677947
13 0.7145016795219628 0.45362670064577354 0.2522190437984502 0.23659804420664746
23 0.38514604411221726 0.5121389164682558 0.22727960055371038 0.21247858260730723
28 0.4567893090716121 0.4445626230530312 0.22737973010335963 0.21404108260730723
33 0.6658801141288292 0.259666100487489 0.2155410641565158 0.19966033386094856
38 0.7278479904392761 0.1965045224325282 0.21720369370616516 0.2012682979675712