28 0.46471015820309136 0.36086329316545596 0.10894933674699843 0.10781434523075957
41 0.5252172057698995 0.5749626045780365 0.1041708314853265 0.10589664772027056
38 0.5132856241433986 0.5238378124614878 0.1040798262236546 0.10433414772027057
28 0.44693810025411385 0.3022336543682551 0.11051183674699824 0.1079327444009226
30 0.4308195475668081 0.24215991474121729 0.11712585779368574 0.11465634108157471
23 0.6359609298144762 0.9559124548834198 0.10251732622365459 0.08817509023316035
28 0.4796302319370843 0.41456863362233065 0.10894933674699843 0.10781434523075965
18 0.6272530587254364 0.9248227398507524 0.09755681043863902 0.09917305103961845
33 0.49363254777856963 0.470558524494124 0.09737479991529537 0.09604805103961844
15 0.37548584741151636 0.0739650991794518 0.12090330517696728 0.09938653859206377
13 0.6135314639447559 0.8774857985640405 0.09911931043863902 0.09929145020978111
0 0.3954574421921968 0.12177563714681564 0.11721686305535757 0.11621884108157472
9 0.6015088770565832 0.8279235064474919 0.09250528939195171 0.09256785352912936
24 0.5419272926580722 0.6248800942050743 0.1041708314853265 0.10589664772027056
24 0.5721769638035816 0.725259525118824 0.10894933674699843 0.10781434523075965
9 0.5824550401684105 0.7778284180652095 0.0940677893919517 0.09268625269929238
24 0.5591911163920652 0.6787630334171937 0.1041708314853265 0.10589664772027056
10 0.4130929922486666 0.18274902594401646 0.11712585779368574 0.11465634108157471