41 0.45546875 0.596875 0.1828125 0.184375
41 0.3921875 0.66640625 0.1765625 0.178125
3 0.77734375 0.196875 0.1671875 0.16875
3 0.70390625 0.2765625 0.1640625 0.165625
3 0.640625 0.36796875 0.1546875 0.1546875
8 0.5171875 0.240625 0.16875 0.1703125
8 0.45625 0.32109375 0.16875 0.1703125
13 0.39140625 0.41328125 0.171875 0.171875
13 0.32578125 0.4890625 0.1796875 0.18125
13 0.253125 0.55859375 0.184375 0.1859375
23 0.57890625 0.44375 0.1640625 0.165625
28 0.51640625 0.521875 0.165625 0.165625
33 0.3296875 0.73671875 0.15625 0.1578125
38 0.27421875 0.8078125 0.15625 0.1578125