37 0.27578125 0.70625 0.1015625 0.1046875
34 0.62109375 0.35078125 0.0890625 0.0921875
37 0.18671875 0.80078125 0.1015625 0.1046875
37 0.23203125 0.75234375 0.1015625 0.1046875
6 0.58125 0.39453125 0.0953125 0.096875
29 0.740625 0.22734375 0.0828125 0.0859375
34 0.7015625 0.265625 0.0859375 0.0875
29 0.7765625 0.1859375 0.0859375 0.0890625
6 0.4984375 0.4796875 0.09375 0.0953125
34 0.66171875 0.30625 0.0875 0.090625
6 0.5390625 0.4375 0.0953125 0.096875
26 0.41015625 0.5640625 0.096875 0.1015625
26 0.4546875 0.521875 0.096875 0.1015625
26 0.36640625 0.61171875 0.1 0.1046875
37 0.321875 0.65625 0.1015625 0.1046875