28 0.40703125 0.3984375 0.0890625 0.08125
41 0.49765625 0.6015625 0.0859375 0.08125
38 0.475 0.5546875 0.0859375 0.0796875
28 0.38359375 0.34296875 0.090625 0.0828125
30 0.3578125 0.2859375 0.096875 0.0875
23 0.66015625 0.96328125 0.0828125 0.0734375
28 0.4296875 0.44921875 0.0890625 0.08125
18 0.6421875 0.9328125 0.08125 0.0765625
33 0.4546875 0.5015625 0.0828125 0.0734375
15 0.28515625 0.11484375 0.103125 0.09375
13 0.62265625 0.88828125 0.08125 0.0765625
0 0.30859375 0.171875 0.096875 0.0875
9 0.6 0.84140625 0.0765625 0.0703125
24 0.5171875 0.64921875 0.0859375 0.08125
24 0.5578125 0.74609375 0.0875 0.0828125
9 0.5828125 0.7921875 0.078125 0.0703125
24 0.53828125 0.70078125 0.0859375 0.08125
10 0.334375 0.2296875 0.096875 0.0875