37 0.5476123490204747 0.7813827207996153 0.14784893912238156 0.15123353064607842
34 0.5116228871732169 0.28718439323301714 0.13036143019392785 0.13334569368794008
37 0.5545090056754522 0.9077542198110322 0.14776711850553054 0.1465460306460784
37 0.5518419273479636 0.8445366368072266 0.14784893912238156 0.15123353064607842
6 0.5142217816533299 0.3464957262368228 0.13831029788867966 0.14147652866891214
29 0.5000426846581547 0.11644081171208631 0.12082278896022594 0.12358869171077376
34 0.5048898717519414 0.17018789422160033 0.12400233603812652 0.12684102570316255
29 0.4990744740254177 0.06260282903088239 0.12559210957707698 0.12520565806176479
6 0.5233258206135558 0.4649592247539481 0.1351307508107789 0.1382241946765234
34 0.5090103559236289 0.22709181022921157 0.12720915665497756 0.13165585969555132
6 0.519178062902918 0.4064928087463368 0.13831029788867966 0.14147652866891214
26 0.5363770198822071 0.5856073057805873 0.1415171185055307 0.14629136266130088
26 0.5290633518631438 0.5249244737653649 0.1415171185055307 0.14629136266130088
26 0.5390713717486462 0.6503873887843928 0.14628643912238157 0.15116986364988402
37 0.5448634500761349 0.7134776377958097 0.14784893912238176 0.15123353064607842