41 0.412668010741542 0.5799702673520511 0.19914766669318062 0.20907934110137863
41 0.3486151487507689 0.6434047006400891 0.1928249413589988 0.20239229852673174
3 0.785166982694135 0.25708333247452925 0.18176017202418074 0.19068997402109958
3 0.7118663900381801 0.3307997019005968 0.17859880935708966 0.18734645273377604
3 0.6259567093809524 0.39426698617737055 0.1675522213558171 0.17720662822814398
8 0.7632214467297698 0.5178351621759415 0.1833408533577261 0.1923617346647612
8 0.6874316534054513 0.5788876406365164 0.18334085335772626 0.1923617346647612
13 0.600758904081769 0.6438627945914593 0.184939716024817 0.19559599530842303
13 0.5312645640913141 0.7092585656266811 0.1959863040260897 0.20573581981405517
13 0.46732079010181354 0.7820679989147192 0.20072834802672598 0.21075110174504025
23 0.5556356660566337 0.4557018768907616 0.17859880935708983 0.18734645273377595
28 0.4829890540658607 0.51853537663866 0.1786169906906352 0.18890895273377611
33 0.283771946093223 0.7060032536062962 0.17069540268936265 0.17898764951546742
38 0.21728442743472262 0.7614612959288417 0.17069540268936256 0.17898764951546725