41 0.596875 0.44375 0.0921875 0.1609375
41 0.68828125 0.4375 0.096875 0.146875
3 0.09921875 0.509375 0.0890625 0.14375
3 0.2046875 0.50234375 0.090625 0.1375
3 0.3109375 0.48046875 0.0859375 0.1296875
8 0.31171875 0.6609375 0.0890625 0.1484375
8 0.409375 0.64609375 0.084375 0.15
13 0.5171875 0.62421875 0.09375 0.1453125
13 0.61484375 0.61484375 0.09375 0.1546875
13 0.71328125 0.615625 0.1015625 0.153125
23 0.40625 0.46796875 0.0890625 0.140625
28 0.503125 0.45546875 0.090625 0.1390625
33 0.78046875 0.43046875 0.0828125 0.134375
38 0.86796875 0.4171875 0.08125 0.1359375