37 0.3856950545649818 0.7724260084860111 0.10585284639736088 0.09434996369925486
34 0.6671697457768578 0.35225999599297925 0.0914266335443795 0.08176815046753819
37 0.3099940240818808 0.8821231953524904 0.10585284639736088 0.09434996369925486
37 0.34822379829677563 0.8268862495090208 0.10429034639736087 0.09434087334017534
6 0.6326643651354724 0.40126966773414807 0.09942098997087001 0.08806360226293623
29 0.7652398697543259 0.20598041451269422 0.08504024122451134 0.07704428903121974
34 0.7345952750063176 0.25345031215156205 0.08821070533113406 0.07862496974937896
29 0.7991003927155795 0.1616536975919856 0.08825616943775678 0.08018746974937896
6 0.5653070320659467 0.5024231015755654 0.09625052586424747 0.08648292154477702
34 0.7032148943649321 0.30247816461089005 0.0914266335443795 0.08176815046753827
6 0.5982271806540208 0.4526230894753168 0.09785848997087002 0.08805451190385671
26 0.4980860913162889 0.6082640354169825 0.10107441818411544 0.09119769262201594
26 0.5308925796378064 0.554557773316734 0.09946645407749273 0.08962610226293641
26 0.4605921029947714 0.661943026439992 0.10268238229073816 0.09276928298109546
37 0.4246606146732539 0.7156311078220812 0.10429034639736087 0.09434087334017516