37 0.3218921910862191 0.2939958672910099 0.11562684523075957 0.10500687418757346
34 0.6725983116362952 0.7204769521146157 0.1021796518694554 0.0922886858759707
37 0.23121780166431835 0.18136522808590275 0.11562684523075957 0.10500687418757346
37 0.2762235709603502 0.23846861607319392 0.11562684523075957 0.10500687418757346
6 0.6326944394358339 0.6687604935104735 0.10890324855010754 0.09864778003177203
29 0.7949021319719455 0.8685405308491415 0.09557445435896632 0.08749209172016918
34 0.7554126568670547 0.8222928222449994 0.09869945435896632 0.08754663879807012
29 0.8314442058320808 0.9171865365311845 0.09881785352912935 0.08910913879807011
6 0.5475363442050744 0.5669855336885153 0.10710395020978147 0.09549550649282175
34 0.714905133421838 0.7729337504103324 0.10206125269929238 0.0907261858759707
6 0.5904468172353725 0.6170849452147568 0.10890324855010754 0.09864778003177221
26 0.4590164506339887 0.4621401209444579 0.1107025468904336 0.1018000535707225
26 0.5036670224195315 0.514556008931749 0.1107025468904336 0.10180005357072233
26 0.4134070300932013 0.40739411972664186 0.11406434523075966 0.10497960064862308
37 0.3694193091374955 0.35340209496987557 0.11562684523075965 0.10500687418757346