36 0.4609932222563887 0.3400112133990879 0.19123627723940828 0.18957267202418074
36 0.5397462889683508 0.2760310767424965 0.19447053788306992 0.19117153469127163
2 0.4664409208796654 0.5863685927354968 0.2535284636295394 0.2543078813653622
36 0.3800602965099193 0.4016203280553611 0.19468905917039336 0.19429653469127164
38 0.6309993556803126 0.2121963907542687 0.20573581981405517 0.1959863040260897
16 0.5616384424190904 0.5108515194143599 0.2484039210548925 0.24800333736472596
3 0.29175191333809686 0.45688853604390706 0.1725191282281439 0.16749767735518084
3 0.2072569450169805 0.5247112880330894 0.18611173466476122 0.18326812802354447
2 0.36214155094939476 0.6578703280553612 0.24662289976756896 0.24486015603118041
3 0.12001938894868022 0.5870289273551809 0.18767423466476124 0.18328630935708984
16 0.7450186609923083 0.3706821474379043 0.2530914210548925 0.24805788136536214
16 0.6541098017056994 0.4407759240929048 0.24684142105489232 0.2479851560311804
2 0.26125675812264626 0.736448766709089 0.26155948491686276 0.25752378803308923
38 0.7103151511049512 0.15135034476445003 0.21220434110137845 0.1991840293602715