36 0.52890625 0.3828125 0.0921875 0.1171875
36 0.6265625 0.37265625 0.09375 0.115625
2 0.40546875 0.5953125 0.115625 0.1609375
36 0.43046875 0.3890625 0.090625 0.1203125
38 0.73515625 0.36875 0.10625 0.1140625
16 0.52265625 0.58515625 0.115625 0.15625
3 0.32890625 0.38671875 0.0859375 0.1015625
3 0.225 0.39765625 0.0890625 0.1140625
2 0.2828125 0.5984375 0.1140625 0.153125
3 0.1203125 0.4015625 0.0921875 0.1125
16 0.746875 0.56796875 0.1234375 0.1515625
16 0.63515625 0.57734375 0.1140625 0.15625
2 0.159375 0.60859375 0.1265625 0.15625
38 0.83203125 0.3609375 0.1140625 0.1109375