36 0.49090992654085 0.5772580885803631 0.15187292116548717 0.15827095792955603
36 0.4090078084895737 0.6428227404416191 0.15187292116548717 0.15827095792955603
2 0.5017452958415264 0.3317106417986718 0.19784919461070416 0.21122099530842303
36 0.575759445836882 0.5138186654317838 0.15199132033565022 0.15983345792955603
38 0.31454649085321573 0.7100427274521688 0.16160311867597638 0.16361402179152656
16 0.4026081335991087 0.40936003041837593 0.19593149710021507 0.2064242346647612
3 0.6671666184522618 0.45613756938672656 0.13650803029369402 0.14010011213660042
3 0.7540522344289458 0.3863388855944855 0.14683022365499826 0.15325567599857096
2 0.6091802101585364 0.2573665696388282 0.192569698759889 0.20308071337743777
3 0.8452701528951406 0.32089991987125926 0.1483927236549981 0.15336493664223266
16 0.21123500455017022 0.5556280150831372 0.19905649710021497 0.20664275595208464
16 0.3061699188671802 0.48215802807258734 0.19425059793005195 0.20475247402109958
2 0.7140229207412799 0.17620976876630803 0.2057800937808672 0.21332979852673167
38 0.2320407215571838 0.7733182596352556 0.1679715178461394 0.16561356436617344