31 0.4640625 0.53359375 0.13125 0.1125
11 0.45703125 0.73359375 0.13125 0.1140625
11 0.453125 0.93359375 0.1296875 0.115625
11 0.4546875 0.83359375 0.13125 0.1171875
11 0.46015625 0.63515625 0.1328125 0.1125
26 0.35546875 0.228125 0.1265625 0.1125
1 0.22421875 0.80859375 0.11875 0.1078125
31 0.4734375 0.228125 0.1328125 0.1140625
39 0.6109375 0.121875 0.1546875 0.1203125
39 0.47890625 0.12890625 0.1359375 0.11875
26 0.35 0.428125 0.1265625 0.109375
31 0.4671875 0.43125 0.1328125 0.1125
1 0.22734375 0.715625 0.1203125 0.1046875
31 0.46875 0.3296875 0.1328125 0.1140625
26 0.34453125 0.528125 0.1296875 0.109375
1 0.23046875 0.61875 0.1203125 0.1078125
26 0.35234375 0.32890625 0.1265625 0.1109375
6 0.334375 0.91953125 0.128125 0.1125
6 0.33671875 0.821875 0.1265625 0.1125
1 0.22265625 0.90546875 0.1171875 0.109375
6 0.340625 0.72578125 0.1265625 0.1125
39 0.246875 0.13359375 0.121875 0.1109375
39 0.359375 0.13203125 0.1296875 0.115625
6 0.34296875 0.62734375 0.125 0.109375
36 0.59140625 0.5390625 0.140625 0.1125
36 0.60625 0.22734375 0.1515625 0.1171875
36 0.596875 0.43515625 0.1453125 0.1140625
21 0.2328125 0.521875 0.1203125 0.10625
21 0.23671875 0.42421875 0.1234375 0.10625
21 0.24140625 0.2296875 0.1234375 0.1078125
36 0.6015625 0.33125 0.1484375 0.1140625
21 0.23828125 0.32578125 0.125 0.109375
16 0.58125 0.7421875 0.140625 0.1171875
16 0.58515625 0.6390625 0.1390625 0.1140625
16 0.5796875 0.84453125 0.1421875 0.11875
16 0.57890625 0.94375 0.1453125 0.1125