31 0.49201280722746576 0.5315109363658277 0.15725121266133185 0.15588452090551302
11 0.6011947126646272 0.3697305441595134 0.15727848620028234 0.15744702090551305
11 0.7135016181017887 0.2081321624765428 0.1588955332781829 0.16066302616718495
11 0.6573549837679457 0.2885407283180281 0.15886825973923263 0.15910052616718495
11 0.5474191018697343 0.4487131178935064 0.15884098620028234 0.15753802616718496
26 0.22695304870604902 0.7076738050357929 0.15409893912238157 0.15414001038216937
1 0.4553306079555191 0.16885204166985177 0.14461484496658022 0.1473439788121383
31 0.3234638100701348 0.7789866338902834 0.16043075973923263 0.1591915314288567
39 0.37456088555824973 0.9290945077513335 0.18090690097293471 0.14181098449733298
39 0.2712234257362916 0.8596227128859484 0.16363758035608367 0.16406104195220053
26 0.33771109091268575 0.5452031680911504 0.15250916558343128 0.15248650512049747
31 0.4358388993546722 0.6134820022073129 0.15884098620028234 0.15753802616718496
1 0.403966931008002 0.24406487329635257 0.14458757142762996 0.14578147881213824
31 0.37810249148187863 0.6953620627871263 0.16043075973923263 0.1591915314288567
26 0.3915412487854793 0.4630955943571574 0.15409893912238157 0.15414001038216937
1 0.3501913202131092 0.32304744703034566 0.14620461850553051 0.14899748407381014
26 0.28234570657884256 0.6256572365634717 0.15253643912238157 0.15404900512049763
6 0.6089738051955755 0.148083057313693 0.15568871266133186 0.1557935156438412
6 0.5544169444006826 0.22702012841685013 0.15568871266133186 0.1557935156438412
1 0.5090107613640857 0.09533821793585873 0.1444784772718286 0.1395314788121383
6 0.5022311071447401 0.30453120741251505 0.15409893912238176 0.15414001038216937
39 0.0829030397775953 0.7164888209619827 0.14938416558343126 0.1523044945971538
39 0.17475357468063138 0.7859661340314579 0.1573057597392326 0.15900952090551304
6 0.4476606095803722 0.3842495285156721 0.15094666558343128 0.15239549985882564
36 0.5994610685915515 0.6034608020520211 0.1651455332781829 0.16102704721387226
36 0.43154331696999365 0.8595757522073129 0.176246674511885 0.17103908404557516
36 0.544000226871382 0.6893836205243423 0.16991485389503397 0.16598756299888784
21 0.29644298295716676 0.4004675207643388 0.14617734496658025 0.14743498407380998
21 0.24266737216227385 0.47945009449833176 0.14776711850553062 0.14908848933548208
21 0.13511615057248813 0.6374152419663179 0.1493841655834313 0.1523044945971538
36 0.48777177192068777 0.7744796863658276 0.17309440097293455 0.16929457352223168
21 0.18811051136738102 0.5583871656014889 0.1509193920444809 0.15083299985882553
16 0.7079299078760888 0.437728657214871 0.16678985389503395 0.16580555247554418
16 0.6525099764643449 0.5213077256871921 0.1667625803560835 0.164243052475544
16 0.7656799525183575 0.3550673466350575 0.17153190097293472 0.16920356826055966
16 0.8233890868522007 0.2747497860552441 0.17153190097293453 0.16920356826055966