31 0.4378873887843929 0.5567818375969005 0.14530186562705047 0.16203652991878953
11 0.24257223019115548 0.5058842643410859 0.1468643656270503 0.1621366594684389
11 0.061173627452867405 0.4528432001845701 0.12234725490573481 0.1619364003691402
11 0.14574365114168253 0.4793136674880033 0.15005303262324476 0.1638994185677376
11 0.3386513927387256 0.5316235464193438 0.14536553262324467 0.16359902991878955
26 0.703412935210621 0.749254444010707 0.14354836463846715 0.1572489003691402
1 0.1090090192030098 0.7080301503691403 0.13698002965749523 0.14903588217054295
31 0.734686792929006 0.6353316463547454 0.14692803262324466 0.16369915946843888
39 0.8742997326626135 0.5346178523994116 0.15882053756616088 0.1878375663159842
39 0.8324239559708676 0.6588273079826527 0.153369033611828 0.1687871776670363
26 0.508942693613578 0.6968444355297171 0.14042336463846716 0.15704864126984147
31 0.5370597178338657 0.5835026287744569 0.14536553262324467 0.16359902991878955
1 0.1996830987467743 0.7318564790236255 0.13541752965749523 0.14893575262089379
31 0.6354189633852416 0.6109546051771889 0.14692803262324466 0.16369915946843888
26 0.4112055305717163 0.6733487739018098 0.14211319863085592 0.16027377081949085
1 0.2934503447924416 0.7566643167774095 0.13860619665368965 0.1506985117201923
26 0.6058031061611481 0.7226337823827997 0.14198586463846716 0.15714877081949083
6 0.05169119809938334 0.5711426172111482 0.10338239619876669 0.15791023442229637
6 0.126093042929006 0.5963311867663348 0.14354836463846715 0.1572489003691402
1 0.041491185742093664 0.6823607194629016 0.08298237148418733 0.1459714389258032
6 0.2198921224727705 0.6203577745201188 0.14354836463846715 0.1572489003691402
39 0.7662246585188753 0.8801725794204526 0.14179486364988403 0.15246127081949085
39 0.7972438482524826 0.7724997817644909 0.1484268656270503 0.16223678901808825
6 0.3151900350203406 0.6460469918235521 0.1403596976422728 0.15548614126984167
36 0.4664182484799442 0.4332837808416402 0.14724636760421675 0.17151165946843888
36 0.7711893201150433 0.5084279873477319 0.15550453657757757 0.18294980721668547
36 0.5680298280237087 0.4578110163436707 0.15056236859280006 0.1763994185677376
21 0.3879670073400117 0.782303469306018 0.13698002965749528 0.14903588217054295
21 0.48332858688377617 0.8064301866094514 0.13710736364988402 0.15216088217054277
21 0.6723619119789165 0.8577084916666685 0.13866986364988404 0.15226101172019213
36 0.669609574069376 0.4831195018457013 0.15068970258518882 0.1795244185677376
21 0.5785628324351519 0.8336819039128847 0.1403596976422728 0.15548614126984148
16 0.2671013393924152 0.38447963371170246 0.15199753460041113 0.17337454811738695
16 0.3678680019399853 0.41051930443890833 0.14874520060802238 0.17004928901808825
16 0.16799267733913664 0.35619634253414595 0.1551862015966055 0.17513730721668547
16 0.07323855804208045 0.32889456045588805 0.1464771160841609 0.17629928901808825