7 0.4298558440772786 0.9275781603117208 0.22702724672063965 0.1319705689919978
7 0.10850081750371159 0.41751300811767483 0.21700163500742317 0.29934898376465036
32 0.8572183627333286 0.6367841960288311 0.23266417231952302 0.2991035219140972
32 0.6412989501362856 0.24404113717980755 0.2780585594746528 0.3014569545436571
7 0.19730113014618314 0.6139595397743001 0.2798667209400421 0.3061717280826075
12 0.5178405229555224 0.8870156156694522 0.24987160447712728 0.21042285145940198
2 0.06122302578059754 0.47846019074723467 0.12244605156119508 0.2680796185055307
7 0.32008577566905594 0.817877652194046 0.2814292209400421 0.3061990016215578
40 0.7883930353915359 0.12607198173935072 0.2388389292169281 0.25214396347870144
32 0.5181967220716959 0.09653626055330682 0.26360655585660825 0.19307252110661363
40 0.6836413376300996 0.023819734985761593 0.2077173247398008 0.047639469971523185
2 0.3333183587765997 0.9675094594182163 0.20895227611928185 0.05516260714144465
27 0.4240848739261467 0.13405957995234186 0.2674552521477066 0.2681191599046837
27 0.7822349728646654 0.7122438920510715 0.28126544662978253 0.3030740016215578
2 0.1231083324859461 0.6910771931828666 0.2462166649718922 0.293317172076253
2 0.23062380597220922 0.8717350836057898 0.27231317051050086 0.25140240746575626
12 0.16705918871632483 0.3420805856343847 0.2746878980092636 0.29671490746575646
37 0.6067988766396801 0.059780554384796625 0.24577724672063966 0.11956110876959325
22 0.3443287748760864 0.19146515665827285 0.2730435108541339 0.29512513392680606
32 0.759065225012372 0.43946095698587967 0.27805855947465297 0.30145695454365723
22 0.5813828810506942 0.5830587727314667 0.2797848337849125 0.3046092280826073
40 0.944937447988579 0.5119284720034133 0.06819888059640888 0.2587670738632619
22 0.702151325194086 0.7807677954596383 0.27633228516439345 0.29830468100470675
12 0.4062523270031084 0.7375395413991532 0.28126544662978253 0.3030740016215578
27 0.665209004411014 0.5175916854755243 0.27641417231952303 0.2998671810047068
40 0.889875891000317 0.31151146063932766 0.19994020352718778 0.2704330511350904
22 0.46423408186434845 0.3907503161559195 0.27805855947465297 0.30145695454365706
37 0.7272198400049488 0.1683905263849147 0.27649605947465294 0.3014296810047068
27 0.5457983423797981 0.32376163920840245 0.27641417231952303 0.29986718100470683
37 0.9021867039814728 0.568092697246647 0.14960601085413394 0.2929705243497292
37 0.843918259838081 0.369292732960462 0.258571575078485 0.28706717207625304
12 0.28462074570458684 0.5414066554404569 0.2814292209400421 0.3061990016215578
17 0.6057433146786365 0.8480155710271834 0.26441213930283636 0.27936376623205456
17 0.49139196687177156 0.6619025673737354 0.2765779466297825 0.30299218100470676
17 0.3720222484181203 0.4672912711066136 0.274851672319523 0.29983990746575645
17 0.25293913500742315 0.26721122483949183 0.2748516723195231 0.29983990746575645