7 0.43515625 0.9426225346004111 0.2140625 0.11475493079917776
7 0.1171875 0.3907125247145794 0.234375 0.3033000494291588
32 0.88671875 0.7236310203403171 0.2265625 0.3029817144481868
32 0.67578125 0.2970672258540743 0.25 0.30549921939110264
7 0.2203125 0.6027270464634091 0.2515625 0.308687886387297
12 0.52734375 0.9084040434976597 0.2296875 0.18319191300468063
2 0.06796875 0.44183201433445607 0.1359375 0.27428902866891214
7 0.3359375 0.8246259041817942 0.2515625 0.3102503863872972
40 0.82734375 0.1860554244849303 0.2109375 0.28828254448624285
32 0.5625 0.12370136862998093 0.240625 0.21136721741393633
40 0.7328125 0.06735982121516962 0.19375 0.08289470752810453
2 0.3359375 0.9743381082126765 0.2 0.05132378357464695
27 0.46328125 0.15247101437163707 0.2390625 0.2769285504177419
27 0.79921875 0.7864719185534312 0.2515625 0.3055628863872972
2 0.1375 0.6688839456651066 0.2296875 0.29842154844057556
2 0.24140625 0.8688255958553869 0.2453125 0.2623488082892262
12 0.2 0.32689937551288206 0.246875 0.3006843853987139
37 0.653125 0.09614405440925564 0.228125 0.14835788144438117
22 0.38125 0.20225349707143153 0.2453125 0.2990582184025195
32 0.7859375 0.5101494990857789 0.25 0.30549921939110264
22 0.60390625 0.6277322940291323 0.25 0.3070617193911026
40 0.97421875 0.6154776221272031 0.0515625 0.2630385108744148
22 0.7171875 0.8432856512532257 0.2484375 0.3007480523949084
12 0.42421875 0.7571293394667773 0.2515625 0.3055628863872972
27 0.68984375 0.5749839788198239 0.2484375 0.30387305239490825
40 0.9171875 0.40143502676610776 0.165625 0.2754987015966055
22 0.49375 0.41855627079742774 0.25 0.30549921939110264
37 0.76328125 0.23422632764096024 0.246875 0.30537188539871385
27 0.578125 0.3634005385919249 0.2484375 0.30387305239490825
37 0.93125 0.6652892797318574 0.1375 0.29466519566510635
37 0.8734375 0.45199610087266484 0.23125 0.2906727154367699
12 0.31015625 0.5431066487445867 0.2515625 0.310250386387297
17 0.61796875 0.8773423858930055 0.2390625 0.24531522821398893
17 0.51171875 0.6935071912536632 0.2484375 0.3069980523949084
17 0.39921875 0.48111066752766696 0.246875 0.3038093853987139
17 0.28828125 0.26409031079786527 0.246875 0.3038093853987139