16 0.37265625 0.47021818942950944 0.2765625 0.24242214687221467
16 0.5921875 0.37973089640999613 0.2765625 0.24398464687221458
16 0.80703125 0.2922322110706148 0.2703125 0.23911529044572388
26 0.46796875 0.665960249933493 0.2796875 0.24720057508545992
31 0.2921875 0.8545955379384413 0.275 0.24237668276559177
11 0.32890625 0.3775389444440744 0.2765625 0.24554714687221457
31 0.73671875 0.6753425762725941 0.278125 0.2440301109788372
11 0.75859375 0.1994165737653117 0.2671875 0.24058686223247844
11 0.1234375 0.4668729144231918 0.246875 0.24624582884638357
31 0.5078125 0.7679008346523715 0.278125 0.2440301109788372
21 0.4234375 0.5732582728947466 0.2796875 0.24720057508545992
21 0.85703125 0.3889995624825406 0.275 0.24393918276559184
39 0.95078125 0.7565711588799015 0.0984375 0.18880173871722886
16 0.146875 0.562086126022532 0.275 0.24237668276559177
39 0.60390625 0.9192514198334681 0.2796875 0.16149716033306377
39 0.384375 0.9629439323698804 0.278125 0.07411213526023915
21 0.19609375 0.6572682453811465 0.278125 0.2455926109788372
36 0.34296875 0.9170403989837856 0.2765625 0.16591920203242871
11 0.5453125 0.28227322321131576 0.278125 0.2440301109788372
21 0.63984375 0.4811175516619879 0.28125 0.24568353919208263
26 0.690625 0.5763451351272251 0.2796875 0.24720057508545992
1 0.6578125 0.06054663888814875 0.240625 0.08981397241989289
6 0.2796875 0.2706380750854599 0.2765625 0.24398464687221458
36 0.56328125 0.8702960604374764 0.28125 0.24724603919208263
36 0.9296875 0.6879886434404952 0.140625 0.23846676959604132
39 0.81640625 0.8596924957103509 0.2625 0.2185754699126104
6 0.70546875 0.11349579414014055 0.2546875 0.19334814937949701
26 0.88359375 0.4874287022951262 0.2328125 0.24271165188677948
31 0.91015625 0.5858578421077117 0.1796875 0.23335337226160835
36 0.78046875 0.7766155712580293 0.2640625 0.23112093401923312
6 0.49921875 0.18405703206594662 0.271875 0.2391607545523465
1 0.459375 0.10477269734706825 0.265625 0.19054139812585577
1 0.23828125 0.17333952625995888 0.2703125 0.23599029044572384
6 0.09921875 0.3653869707705403 0.1984375 0.24014894154108052
1 0.0765625 0.27097774122451135 0.153125 0.2263304824490227
26 0.2453125 0.7579191147397608 0.26875 0.23750732633910127
31 0.2921875 0.8538142879384413 0.265625 0.2342913981258558