16 0.5984375 0.41015625 0.1296875 0.2453125
16 0.57265625 0.6484375 0.13125 0.24375
16 0.546875 0.88125 0.1296875 0.2375
26 0.384375 0.39609375 0.134375 0.2453125
31 0.3046875 0.146875 0.13125 0.2421875
11 0.7 0.41796875 0.134375 0.2421875
31 0.2484375 0.628125 0.13125 0.2453125
11 0.65 0.88515625 0.1359375 0.2296875
11 0.72734375 0.178125 0.1328125 0.246875
31 0.2765625 0.38046875 0.13125 0.2453125
21 0.4859375 0.403125 0.134375 0.2453125
21 0.4390625 0.87734375 0.1328125 0.240625
39 0.03828125 0.840625 0.0765625 0.240625
16 0.6265625 0.165625 0.13125 0.2421875
39 0.0640625 0.36953125 0.128125 0.2484375
39 0.09140625 0.13125 0.1328125 0.2453125
21 0.5203125 0.1609375 0.1328125 0.24375
36 0.19140625 0.140625 0.1328125 0.2421875
11 0.6796875 0.65625 0.13125 0.2453125
21 0.4625 0.63984375 0.13125 0.2484375
26 0.35625 0.63671875 0.134375 0.2453125
1 0.87421875 0.89921875 0.13125 0.2015625
6 0.815625 0.428125 0.13125 0.24375
36 0.16171875 0.378125 0.134375 0.246875
36 0.11171875 0.85 0.1328125 0.2390625
39 0.05078125 0.60625 0.1015625 0.2453125
6 0.765625 0.890625 0.1296875 0.21875
26 0.33125 0.86953125 0.134375 0.2390625
31 0.22109375 0.86328125 0.1296875 0.2328125
36 0.13984375 0.615625 0.1234375 0.2328125
6 0.78671875 0.66484375 0.128125 0.2390625
1 0.8921875 0.6796875 0.1265625 0.2328125
1 0.91953125 0.43984375 0.125 0.240625
6 0.8375 0.18828125 0.1296875 0.24375
1 0.94140625 0.1984375 0.1125 0.2484375
26 0.41015625 0.15390625 0.1296875 0.2359375
31 0.3046875 0.14765625 0.1265625 0.2328125