16 0.3932699450116893 0.3966332434668376 0.329147661417225 0.28257110744502356
16 0.5800451267506315 0.564415595211878 0.329147661417225 0.2825711074450236
16 0.7623104072448182 0.729526415025933 0.3208615647365729 0.2757748042267149
26 0.2766474396131046 0.5675470409851631 0.33419035892771404 0.2875863893760087
31 0.0940189966760077 0.4926952344126597 0.1880379933520154 0.2572654688253195
11 0.4488230506154111 0.31648120374218225 0.32926606058738805 0.2841336074450235
31 0.4042709190676729 0.8215129111675352 0.3308285605873881 0.28424286808868543
11 0.8019900591142737 0.6411958885428295 0.2876938672260838 0.26879283070981846
11 0.26120741929138747 0.149425471675311 0.333835161417225 0.28289888937600877
31 0.21093808400938285 0.6469888865260172 0.3308285605873881 0.28424286808868526
21 0.33231894438698945 0.48583250126050775 0.33419035892771404 0.2875863893760087
21 0.7062837049604443 0.8159284547505884 0.327466762247062 0.2808993468013618
16 0.2013220111981548 0.22456222946898116 0.32578586307689894 0.2792275861577001
39 0.13151622882986833 0.8172306946880044 0.26303245765973665 0.2875863893760087
39 0.03511574812590022 0.6742458831718224 0.07023149625180045 0.23286676634364484
21 0.15577501939627822 0.31034691015912913 0.31155003879255644 0.2840243468013618
36 0.06354932406062792 0.5900565534704102 0.12709864812125585 0.24573810694082035
11 0.6391376294499238 0.47901332677454606 0.3308285605873881 0.28424286808868526
21 0.5192125252960946 0.6520523530055481 0.3340719597575511 0.2860238893760087
26 0.46486672218188374 0.7370011533738652 0.3341903589277141 0.2875863893760087
1 0.8868064574592441 0.4547063675076076 0.18400018216314962 0.2335658888718058
6 0.5144615512401111 0.2276097278794973 0.329147661417225 0.28257110744502356
36 0.15992603266902544 0.7410395352851799 0.3198520653380509 0.2876956500196705
36 0.5389508045408814 0.966443726871091 0.2888275468904336 0.06711254625781785
39 0.293236485454631 0.9216561147344905 0.30364890871793265 0.15668777053101907
6 0.8478488560047073 0.543872774312542 0.23951647635429082 0.2483275113999664
26 0.6480316518462335 0.8801045302154507 0.325904262247062 0.23979093956909878
31 0.589803832135283 0.9256219849168629 0.3124086020792369 0.1487560301662743
36 0.34066851512362506 0.8852678235848395 0.31245706888575775 0.22946435283032116
6 0.6988337833939717 0.39600943865904503 0.3208615647365729 0.27577480422671485
1 0.7629214394126119 0.31723958247452927 0.3142563672260838 0.27065026165206796
1 0.5709968163869581 0.16559032912033456 0.3086449846526603 0.23761924036474444
6 0.3170439448111967 0.10699195323797914 0.3127871103776066 0.18972804358305312
1 0.3672933211608429 0.0657385225478312 0.2810383576783142 0.09891737328446537
26 0.12184892136597994 0.4014200243894166 0.24369784273195988 0.2653400487788332
31 0.09155684750584468 0.49175009344716714 0.18311369501168936 0.24912518689433422