29 0.26177854647281246 0.2880849535337737 0.22725297602842476 0.2382140854824973
26 0.9023548795803563 0.4872206091514286 0.16171650723608905 0.20523471950581323
41 0.72082707711465 0.14952766454072464 0.20209584577069997 0.20362559793005194
0 0.06899458220303266 0.45591995850815115 0.13798916440606532 0.21496491701630233
38 0.7134505891004376 0.2603467653705616 0.1942014586155702 0.20147110207923688
28 0.6991070488476616 0.4741724670302355 0.18770579715018093 0.19631000539858476
32 0.48267422263752274 0.33855058528200466 0.19428334577069997 0.2030336020792368
24 0.27421102668510866 0.17058980021442582 0.21352466870147851 0.21382939212119312
40 0.4969768193127339 0.1255061336223307 0.20604636137453217 0.18991829544054104
13 0.6794408435114517 0.7895606686899095 0.17775758706427264 0.18466211037760658
9 0.22854340683129185 0.7875521572680401 0.22552670171816525 0.23497068631233428
18 0.6865307264827101 0.6842103178600725 0.18597952283992142 0.19306660622842173
25 0.05810807609859721 0.7769903977202705 0.1125486668924562 0.1579327444009225
11 0.8814570448909327 0.8111433612260213 0.16961089439121899 0.2073892153566284
6 0.8699596229100939 0.8808638653752059 0.14964587516934208 0.1233927236549981
31 0.9049243588881414 0.39329301039618414 0.14609815128862386 0.17448162697434616
37 0.48922851707417025 0.22845353486708614 0.19913462008095947 0.20651379958972588
3 0.6516456348958816 0.9554684579953087 0.14841092378986112 0.08906308400938272
4 0.2204299344209117 0.8982258576783142 0.22692542740790572 0.2035482846433716
17 0.45996822648271 0.667042438186434 0.1942014586155702 0.20147110207923688
7 0.44681869403185015 0.8880177890162709 0.19584584577069997 0.20315200124939992
21 0.8960053030315333 0.5934114095663471 0.1631152329258299 0.2022281186759763
16 0.8894919521724504 0.7027272099812657 0.1646777329258299 0.2023465178461395
14 0.23423124208654222 0.6640554576829586 0.22223792740790574 0.23160888797200824
2 0.43700992480997325 0.9485120454405411 0.19133540818602893 0.10297590911891774
22 0.46796219018666285 0.5594075369416786 0.19584584577069997 0.20315200124939992
19 0.24386627091935748 0.5400735060232846 0.22215604025277608 0.23004638797200821
8 0.6739953476953232 0.8934669186899095 0.17775758706427264 0.18466211037760658
12 0.4518923756236274 0.7762398394311895 0.19255707146044046 0.19979020290907384
5 0.07206535052039836 0.3395137085081512 0.14413070104079673 0.21652741701630243
34 0.25292476763999716 0.4121261047785292 0.22552670171816533 0.23497068631233428
30 0.06353912030810209 0.5737111097529066 0.12707824061620418 0.21304721950581323
33 0.7046753753964847 0.36792246703023557 0.18597952283992142 0.19306660622842173
23 0.6912768594539683 0.578682368274991 0.18112824852966192 0.18958640871793264
10 0.07600590004542852 0.2514100572633957 0.15201180009085705 0.16219511452679142
15 0.0614133763009959 0.6737703093379881 0.1228267526019918 0.19129061867597627
27 0.47599709746818064 0.4509913856969231 0.18754202283992144 0.19318500539858477