29 0.83828125 0.334375 0.1546875 0.1734375
26 0.1765625 0.16796875 0.1390625 0.1515625
41 0.53046875 0.02734375 0.1359375 0.0546875
0 0.9328125 0.59609375 0.134375 0.1578125
38 0.475 0.07890625 0.1328125 0.146875
28 0.3703125 0.26953125 0.1296875 0.14375
32 0.625 0.26484375 0.1328125 0.1484375
24 0.903125 0.22109375 0.1546875 0.1734375
40 0.73515625 0.07109375 0.140625 0.1421875
13 0.215625 0.55078125 0.1234375 0.134375
9 0.59453125 0.78203125 0.153125 0.1703125
18 0.2671875 0.45625 0.128125 0.1421875
25 0.76796875 0.884375 0.1453125 0.1203125
11 0.04921875 0.45625 0.0796875 0.146875
31 0.2296875 0.07265625 0.1390625 0.1453125
37 0.68046875 0.1671875 0.1359375 0.15
3 0.109375 0.74296875 0.1265625 0.1390625
36 0.28515625 0.0234375 0.1359375 0.046875
4 0.53046875 0.88671875 0.1546875 0.15625
17 0.46640625 0.559375 0.1328125 0.146875
7 0.35625 0.7546875 0.134375 0.1484375
21 0.125 0.26328125 0.1359375 0.1484375
16 0.07265625 0.359375 0.13125 0.15
14 0.65703125 0.671875 0.1515625 0.16875
2 0.30625 0.8546875 0.1328125 0.146875
22 0.5171875 0.4625 0.134375 0.1484375
19 0.71484375 0.5609375 0.1515625 0.1671875
8 0.1640625 0.64296875 0.1234375 0.134375
12 0.41328125 0.6578125 0.1328125 0.1453125
5 0.96171875 0.49609375 0.0765625 0.15625
34 0.77734375 0.446875 0.153125 0.171875
30 0.88203125 0.70234375 0.1421875 0.15625
33 0.4234375 0.17578125 0.128125 0.1421875
23 0.3203125 0.3640625 0.125 0.1375
10 0.9890625 0.39375 0.021875 0.1515625
15 0.82421875 0.80234375 0.14375 0.159375
27 0.5703125 0.36484375 0.13125 0.140625