33 0.2827980984375 0.76871611875 0.267345821875 0.6858981515625 0.16372622187500002 0.6675411625 0.175306771875 0.748977321875 0.2827980984375 0.76871611875
40 0.4895276203125 0.6370065859375 0.5675055453125 0.6705573140625 0.5757543453125 0.5761772609375 0.49840600156250003 0.5432421453125 0.4895276203125 0.6370065859375
37 0.601095090625 0.7562596593750001 0.58665384375 0.676898478125 0.4843171421875 0.6610853296875 0.4979203421875 0.7417396203125 0.601095090625 0.7562596593750001
32 0.587111825 0.819903165625 0.6599011109374999 0.8707712687500001 0.697650740625 0.791365940625 0.6267300578125 0.7376323484375 0.587111825 0.819903165625
27 0.44025591718749996 0.4829213125 0.36944804375 0.5288256078125 0.425778715625 0.6003824796874999 0.4963250296875 0.5510396328125 0.44025591718749996 0.4829213125
22 0.684005140625 0.646908371875 0.67603216875 0.5719030453125 0.5762321859374999 0.5478680078125 0.5835106031249999 0.6239829718750001 0.684005140625 0.646908371875
17 0.6918362921875 0.848444040625 0.6429818703125 0.8938828375 0.7252114671875 0.9807686203125 0.771666109375 0.9373287046875 0.6918362921875 0.848444040625
12 0.1713881203125 0.3737862421875 0.14901579843749999 0.4399428421875 0.25205154375 0.500065490625 0.273450975 0.4346176625 0.1713881203125 0.3737862421875
7 0.3454141140625 0.3839869 0.2740986109375 0.3926988234375 0.3185699 0.497691109375 0.393066509375 0.49196104218750003 0.3454141140625 0.3839869
2 0.481772678125 0.44861419218750004 0.5057936671875 0.5265704859375 0.600998884375 0.5300955484375 0.5783887703125 0.45290541093750003 0.481772678125 0.44861419218750004
39 0.6694183953125 0.346264009375 0.6435786359375 0.2676898953125 0.5502285859375 0.26517314375 0.5757612546875001 0.345435090625 0.6694183953125 0.346264009375
36 0.795682534375 0.79551450625 0.7324820671875 0.8172101828124999 0.79191876875 0.916606140625 0.8532139546874999 0.896355271875 0.795682534375 0.79551450625
31 0.6684207828125001 0.3945219875 0.7151627828125 0.467439275 0.7966234531249999 0.4421346609375 0.750166978125 0.367753446875 0.6684207828125001 0.3945219875
26 0.48462528125000004 0.14114498281250001 0.44250293125000006 0.1856186109375 0.5254598875000001 0.26871590156249997 0.5661891234375 0.222343990625 0.48462528125000004 0.14114498281250001
21 0.4495329296875 0.2859542671875 0.43796660468750004 0.209645634375 0.3392201265625 0.187971121875 0.3474811953125 0.264097265625 0.4495329296875 0.2859542671875
16 0.9492525109375001 0.8353727265625001 0.9038112437500001 0.764974759375 0.8257383671875 0.798867684375 0.874712503125 0.8708954875 0.9492525109375001 0.8353727265625001
11 0.2402539375 0.2863362046875 0.1621923890625 0.266144153125 0.17183154375 0.37115573125 0.25241635156250003 0.38973714843749996 0.2402539375 0.2863362046875
6 0.5137891703124999 0.265758571875 0.45842234687500005 0.2970489046875 0.5295093640624999 0.39245662812500004 0.584376415625 0.3605868171875 0.5137891703124999 0.265758571875
1 0.7678081531250001 0.7235737234374999 0.69615829375 0.6793824546875 0.670506784375 0.7686250625 0.7450045937499999 0.8100065796875 0.7678081531250001 0.7235737234374999
33 0.790155365625 0.697780428125 0.7810604062500001 0.62336039375 0.680603890625 0.59888066875 0.6907445734375 0.6751342609375001 0.790155365625 0.697780428125
28 0.6578540625 0.356661278125 0.5842980671875 0.34942070468750003 0.608480240625 0.4519286421875 0.6812492328124999 0.46242530156250006 0.6578540625 0.356661278125
23 0.8435114078125 0.51338123125 0.7974358171875 0.44471544375 0.7211025625 0.48021826875 0.7686373015625 0.5507537453125 0.8435114078125 0.51338123125
18 0.8781996546874999 0.607780803125 0.821714190625 0.5377547421875 0.753350684375 0.5839572171875 0.810903159375 0.653795525 0.8781996546874999 0.607780803125
13 0.302962334375 0.1961567734375 0.2264208265625 0.171319825 0.22798377187500002 0.27189324375 0.3099220546875 0.29543625156250003 0.302962334375 0.1961567734375
8 0.3910213046875 0.2989596203125 0.3127598859375 0.269594359375 0.31078203437499996 0.3694139046875 0.39260377343749997 0.3996564296875 0.3910213046875 0.2989596203125
3 0.486720040625 0.34103661406249997 0.413592021875 0.3412019484375 0.4481541078125 0.44456350625 0.5217845359375 0.44526977187499994 0.486720040625 0.34103661406249997
38 0.5173286296875 0.79875660625 0.5027462515625001 0.86872786875 0.6043714765625 0.9195856593749999 0.618523759375 0.8481351640625 0.5173286296875 0.79875660625
38 0.66241325625 0.644335721875 0.585692884375 0.627012625 0.595871484375 0.7294359187499999 0.6755874515625 0.7481283140625 0.66241325625 0.644335721875
41 0.44267864218749997 0.7583173453125001 0.4784867078125 0.7001587625 0.38382679375 0.62399593125 0.347178309375 0.681988509375 0.44267864218749997 0.7583173453125001
41 0.7731852515625001 0.5601848546875 0.723011325 0.48752663281249997 0.6462594703125 0.5264810718749999 0.6966091546875 0.5975123578125 0.7731852515625001 0.5601848546875