28 0.6776272359375 0.287270325 0.7213112953125 0.3571627890625 0.8090081609374999 0.32467260468750003 0.7690879640625 0.25432145781250004 0.6776272359375 0.287270325
28 0.7121690453125 0.560111196875 0.6904218640625001 0.6246028546875 0.7891756984375 0.6693904859375001 0.8101998375000001 0.6067056765625 0.7121690453125 0.560111196875
28 0.6776998734374999 0.39083998750000004 0.6863769703125 0.462367934375 0.78660296875 0.4676905765625 0.7788415171875 0.39891036406249997 0.6776998734374999 0.39083998750000004
23 0.25510745468749996 0.7625402890624999 0.3231240296875 0.80266169375 0.3694433640625 0.7358509171875001 0.2974034234375 0.6900707921875 0.25510745468749996 0.7625402890624999
18 0.1806932765625 0.5043727296875 0.22233127343749998 0.5992169656249999 0.2907629859375 0.589535903125 0.25325738124999997 0.49559204375 0.1806932765625 0.5043727296875
13 0.5995926578125 0.4338235859375 0.5245101390625 0.4839313484375 0.577226540625 0.5443590406250001 0.64942325625 0.4964279953125 0.5995926578125 0.4338235859375
36 0.4634069765625 0.5783250234375 0.43856150156249996 0.6438732390624999 0.5362037125 0.689471290625 0.55945838125 0.6252192062499999 0.4634069765625 0.5783250234375
36 0.5065782249999999 0.5128700828125 0.48412659687500004 0.5780757328125 0.5821707546875 0.625035353125 0.6071445343749999 0.5631263625 0.5065782249999999 0.5128700828125
36 0.591089534375 0.3006971375 0.5328074046875 0.37017003437499996 0.5995681125 0.42341789687500003 0.6553131984375 0.35336959375 0.591089534375 0.3006971375
31 0.615172990625 0.21343530312499998 0.659205746875 0.28616912656250004 0.747607878125 0.253045271875 0.7081216671874999 0.1830651015625 0.615172990625 0.21343530312499998
1 0.513876234375 0.149159559375 0.4964779640625 0.2180693125 0.5970258625 0.2616537765625 0.6149093796875 0.1926137 0.513876234375 0.149159559375
1 0.7162958015625 0.8179710124999999 0.667960334375 0.7574170921875 0.5931834671875 0.8043442359374999 0.64016749375 0.8621883640625001 0.7162958015625 0.8179710124999999
40 0.5604514375 0.63452205625 0.5914884812500001 0.7023724546875 0.68123424375 0.6834739375 0.65178905 0.617260459375 0.5604514375 0.63452205625
32 0.7220100125 0.470876646875 0.7349675359375001 0.5646885734375 0.8118919375000001 0.5697093359375 0.797429271875 0.4735402015625 0.7220100125 0.470876646875
32 0.5381785140625001 0.2942541421875 0.4626648734375 0.25488709374999996 0.4314277265625 0.34120265625 0.507511578125 0.37902051875 0.5381785140625001 0.2942541421875
32 0.2634902875 0.3319514375 0.22690103125 0.3893988390625 0.3250854984375 0.451895425 0.35877360468749997 0.3954174078125 0.2634902875 0.3319514375
32 0.4565994390625 0.407822528125 0.3963786265625 0.4434963953125 0.4652679046875 0.5267173734374999 0.5214323421875 0.4903745421875 0.4565994390625 0.407822528125
17 0.3721031859375 0.1137487765625 0.41252584062500003 0.1881903109375 0.5023914734375 0.16398824218750002 0.4644769 0.0884498453125 0.3721031859375 0.1137487765625
12 0.5421334124999999 0.09677045 0.57433244375 0.1724636453125 0.6689770140625 0.1540315703125 0.6394887140625001 0.07930606875 0.5421334124999999 0.09677045
7 0.21641053281249997 0.1887103265625 0.1442117546875 0.2046163640625 0.191430984375 0.30139878593749997 0.2631692671875 0.287288028125 0.21641053281249997 0.1887103265625
2 0.38699315 0.3035330625 0.3177670640625 0.2557902515625 0.270984421875 0.33248957031250004 0.34236836406250004 0.38120123437500003 0.38699315 0.3035330625
14 0.016312528125 0.36963656718750004 0.067539796875 0.46363146562499996 0.1365992875 0.443383134375 0.0845868296875 0.34970772499999997 0.016312528125 0.36963656718750004
14 0.22278717656249997 0.6139197703125 0.1888613546875 0.5451840296875 0.093909725 0.5641143828125 0.1314591546875 0.633734721875 0.22278717656249997 0.6139197703125
9 0.9257639609374999 0.686794290625 0.8902979249999999 0.621000225 0.8020600578125 0.6478397 0.8370141312499999 0.71298999375 0.9257639609374999 0.686794290625
29 0.31075134375 0.6120069359375 0.2760953046875 0.6686360703124999 0.36703979375 0.7277715921875 0.4014444015625 0.6724416703125 0.31075134375 0.6120069359375
34 0.12179369843750001 0.3798029203125 0.16305225 0.47676148281249997 0.2358832703125 0.467450784375 0.1967963171875 0.3697110125 0.12179369843750001 0.3798029203125
34 0.3223183234375 0.48238059843750003 0.3389880375 0.554187378125 0.43858297031250004 0.5527443 0.42313789062499996 0.48149530625 0.3223183234375 0.48238059843750003
30 0.22077479375000003 0.091026703125 0.18301574062499998 0.1494377375 0.279696540625 0.215637946875 0.31650597812500003 0.1571614390625 0.22077479375000003 0.091026703125