26 0.1125 0.46015625 0.1671875 0.1328125
33 0.26015625 0.32578125 0.1671875 0.1296875
40 0.3828125 0.08984375 0.1671875 0.1296875
22 0.45859375 0.48125 0.165625 0.125
12 0.48828125 0.66875 0.1625 0.1265625
11 0.1640625 0.7546875 0.1578125 0.1296875
36 0.084375 0.25546875 0.15625 0.1296875
1 0.20078125 0.94296875 0.1546875 0.1015625
16 0.14921875 0.65859375 0.1625 0.13125
6 0.184375 0.859375 0.1546875 0.1296875
14 0.59921875 0.453125 0.14375 0.115625
31 0.0953125 0.35625 0.16875 0.13125
19 0.64765625 0.7125 0.1421875 0.1140625
27 0.4375 0.3859375 0.1609375 0.1265625
17 0.47265625 0.57265625 0.1625 0.128125
41 0.21640625 0.128125 0.165625 0.1265625
4 0.6328125 0.62890625 0.140625 0.1171875
32 0.41953125 0.2859375 0.1625 0.1265625
18 0.30546875 0.61484375 0.159375 0.128125
37 0.39765625 0.18671875 0.15625 0.1203125
39 0.06875 0.1578125 0.13125 0.121875
9 0.6171875 0.54140625 0.14375 0.11875
8 0.34453125 0.81328125 0.1546875 0.1171875
38 0.23515625 0.22265625 0.1640625 0.1296875
7 0.50703125 0.76953125 0.159375 0.1265625
2 0.521875 0.865625 0.1515625 0.1265625
34 0.58125 0.365625 0.1453125 0.1140625
21 0.13046875 0.55234375 0.1640625 0.1296875
3 0.36171875 0.91171875 0.1453125 0.1234375
13 0.32578125 0.71171875 0.153125 0.1234375
23 0.29296875 0.51953125 0.1640625 0.1328125
28 0.275 0.42265625 0.1703125 0.128125
24 0.56484375 0.278125 0.14375 0.1125
29 0.55546875 0.18828125 0.140625 0.11875