26 0.16039623014589588 0.6250176598373122 0.19997438296032674 0.16830561416679296
33 0.339163393090012 0.7216603347999347 0.19982883374611501 0.16518061416679294
40 0.5202807681924558 0.9190978953011768 0.19946496071058578 0.15736811416679294
22 0.4886239298982268 0.5246439133533535 0.19648550992479735 0.1604749334486339
12 0.4665369524384181 0.3356586814055303 0.19492300992479733 0.1604658430895541
11 0.13087128018867714 0.32667106342810825 0.1903810591390092 0.16356357201231528
36 0.18875247828386907 0.8311585755283566 0.1887457845319033 0.16199198165323594
1 0.11492514081820959 0.13530572004396657 0.17969611621110376 0.13538402985783757
16 0.14241455582924029 0.42350515681225004 0.19514133374611503 0.16515334308955404
6 0.12201635690547882 0.22044378932580733 0.18718328453190333 0.16198289129415605
14 0.6314107433804622 0.5199058954975685 0.17239303846084475 0.14627607806243947
31 0.17233976612554125 0.7304455032214539 0.20146410835322087 0.16675220452587264
19 0.6081743347795723 0.25590702801112586 0.1707577638537389 0.14470448770335986
27 0.49395359284234297 0.6222956181738137 0.19336050992479734 0.1604567527304745
17 0.47729897807898125 0.4324973199692118 0.1949957845319034 0.16202834308955422
41 0.3492234054960088 0.9208745396203948 0.19782968610347992 0.15579652380771308
4 0.6168280508668416 0.341036006933887 0.17083053846084476 0.14626698770335986
32 0.5033714423042237 0.7238308470965749 0.19492300992479733 0.1604658430895542
18 0.30449717886476957 0.43037680464750955 0.1918707845319033 0.16201016237139498
37 0.5096642917661044 0.8253842567374953 0.18681941149637407 0.15417039129415605
39 0.20025936662087931 0.9272114189124985 0.1613827638537389 0.14464994554888227
9 0.6248824534718754 0.430075781036188 0.17410108767505647 0.14941016842151916
8 0.288822867244561 0.22806941608382805 0.18347608767505647 0.14946471057599683
38 0.3433308163732103 0.8279148799794745 0.19663105913900925 0.1635999334486339
7 0.4570827156729845 0.23334220248276916 0.1917980099247975 0.1604476623713949
2 0.4455394400324213 0.13650810909862743 0.18391273531769164 0.1588397105759968
34 0.6379026459854961 0.6089547599589491 0.17388276385373888 0.14472266842151918
21 0.15290475371954443 0.5312858405554713 0.19663105913900916 0.16359993344863372
3 0.27869654238978614 0.12810123234060672 0.17588191149637405 0.15410675878059873
13 0.2983134913135476 0.33116714500658917 0.18376718610347992 0.15571471057599684
23 0.31831142989822686 0.5256347624930319 0.1967766083532209 0.16672493344863373
28 0.32758373014589587 0.624044991415793 0.20288105913900917 0.16363629488495235
24 0.6459570485905299 0.6979945340612501 0.17224748924663302 0.14315107806243949
29 0.6610790884991168 0.7877746515476927 0.17090331306795062 0.14782948770335977