26 0.58046875 0.90703125 0.153125 0.1796875
33 0.42109375 0.78828125 0.1515625 0.1796875
40 0.16953125 0.7125 0.1515625 0.1796875
22 0.53515625 0.56171875 0.146875 0.1765625
12 0.71171875 0.4953125 0.146875 0.175
11 0.85625 0.79765625 0.1484375 0.1703125
36 0.3875 0.94453125 0.15 0.1109375
1 0.9859375 0.721875 0.028125 0.1625
16 0.76640625 0.83203125 0.15 0.175
6 0.940625 0.7578125 0.11875 0.165625
14 0.48046875 0.42734375 0.134375 0.153125
31 0.48359375 0.9265625 0.153125 0.146875
19 0.7234375 0.328125 0.13125 0.1515625
27 0.44609375 0.60078125 0.146875 0.1734375
17 0.621875 0.5296875 0.1484375 0.175
41 0.23828125 0.86953125 0.1484375 0.178125
4 0.6453125 0.359375 0.134375 0.1515625
32 0.353125 0.63828125 0.146875 0.175
18 0.69453125 0.6859375 0.146875 0.1734375
37 0.2609375 0.67890625 0.140625 0.1671875
39 0.29765625 0.96796875 0.14375 0.0640625
9 0.5640625 0.3921875 0.1359375 0.1546875
8 0.8796875 0.6078125 0.1359375 0.1625
38 0.32578125 0.83203125 0.1515625 0.1765625
7 0.80546875 0.45625 0.1453125 0.171875
2 0.89609375 0.4234375 0.14375 0.165625
34 0.39921875 0.4625 0.1328125 0.1546875
21 0.66640625 0.871875 0.1515625 0.1765625
3 0.95 0.57109375 0.1 0.1578125
13 0.78359375 0.64609375 0.1421875 0.165625
23 0.6046875 0.71640625 0.153125 0.178125
28 0.5125 0.753125 0.15 0.1828125
24 0.31796875 0.4953125 0.13125 0.1546875
29 0.23203125 0.52265625 0.1375 0.1546875