26 0.28938441191590936 0.1453125 0.21114340314042074 0.221875
33 0.4816688518076372 0.20234375 0.2095354390337981 0.2203125
40 0.7429556927947217 0.1875 0.2095354390337981 0.2203125
22 0.45930107297388884 0.45390625 0.20471154671392994 0.215625
12 0.31912000534376933 0.5765625 0.20466608260730731 0.2140625
11 0.09118390729705582 0.34140625 0.16863765439406195 0.2109375
36 0.4548981001582845 0.0609375 0.18167120031656908 0.121875
16 0.14405284303214858 0.27890625 0.20783654671392998 0.215625
6 0.05249113182851978 0.4078125 0.08697847743445782 0.196875
14 0.5593130963308539 0.56171875 0.1836716210079672 0.190625
31 0.3715005784506722 0.09453125 0.19925115690134437 0.1890625
19 0.36991929037921684 0.73828125 0.18045569279472176 0.1875
27 0.5276586163891135 0.38671875 0.2030581185006845 0.2125
17 0.38995769107886213 0.5140625 0.20627404671392996 0.215625
41 0.6212505258642474 0.0859375 0.20500105172849495 0.171875
4 0.4315638325408003 0.68203125 0.18362615690134448 0.1890625
32 0.5999224098043383 0.31953125 0.20466608260730723 0.2140625
18 0.265317740762293 0.3921875 0.2030581185006847 0.2125
37 0.670555507059629 0.25 0.19501829796757128 0.2046875
39 0.5303467295460289 0.02265625 0.15756845909205772 0.0453125
9 0.4947026785424498 0.6234375 0.1868420851145899 0.1921875
8 0.12163960009177757 0.52890625 0.1885864415410805 0.1984375
38 0.5537280567430598 0.128125 0.20944451082055265 0.2171875
7 0.2469016760351673 0.6453125 0.20145015439406197 0.2109375
2 0.17447875824676323 0.70703125 0.19814329796757124 0.2046875
34 0.6223837461725694 0.50078125 0.1836716210079672 0.190625
21 0.22245297618081658 0.2078125 0.20944451082055265 0.2171875
3 0.08035302203681675 0.58671875 0.1318818004748537 0.1828125
13 0.19696019734706824 0.459375 0.19658079796757125 0.2046875
23 0.33702760471063103 0.3328125 0.2110979390337981 0.2203125
28 0.4093141301791672 0.26640625 0.20962636724704353 0.2234375
24 0.6855225921742187 0.4421875 0.1821091210079672 0.190625
29 0.7550023663891136 0.38671875 0.1884045851145899 0.1921875