29 0.07828613567254618 0.5535511666534096 0.12689486061443872 0.1451681440165448
29 0.14164923122604248 0.5504710726448192 0.13169148801910047 0.14834768801718107
29 0.20579357677953877 0.547381887969456 0.12840279691210785 0.14362382535009016
41 0.270719172333035 0.54428361262732 0.13007442431676958 0.14676700668363551
41 0.3364805815888622 0.5396137466184113 0.12845736061443871 0.14518632535009016
41 0.40374992714235847 0.5364881992759571 0.1268948606144388 0.1451681440165448
38 0.46781242714235843 0.535742764600594 0.1284573606144388 0.14518632535009016
33 0.534382368249351 0.5302825579249125 0.13007442431676958 0.14676700668363551
28 0.6001164956540127 0.5263939419160039 0.13174605172143128 0.14991018801718106
28 0.6657687775051782 0.5248490759070952 0.13325398801910032 0.1483658693507266
23 0.7346551867610053 0.5201428472310956 0.13325398801910032 0.1483658693507266
18 0.8034324686121707 0.5185616185550961 0.1316914880191007 0.14834768801718107
3 0.872318877867998 0.5138553898790965 0.12689486061443844 0.1451681440165448
3 0.9293774097191634 0.5124105212046878 0.10992561542376222 0.1512181493475449