26 0.7894815852170594 0.5141363618076243 0.07832838584218216 0.10055701089576327
26 0.7384547985565704 0.517616640888618 0.08145338584218216 0.10077553218308673
26 0.6865921981937507 0.5226047896477808 0.08167164065150559 0.10702553218308672
6 0.6345659067239384 0.5322804384069435 0.08323414065150558 0.10713479282674854
6 0.5803049926587878 0.5386671962006137 0.07832838584218216 0.10055701089576327
6 0.5300321741471337 0.5429833556034381 0.07827382213985139 0.09899451089576328
11 0.4797320737843139 0.5480807650062627 0.08156251324684387 0.10390053218308673
16 0.43018594157032874 0.554014054730918 0.07989088584218215 0.10066627153942491
21 0.37905002750517813 0.5606193338119116 0.08463294954451302 0.10255655347041034
36 0.3255430815888622 0.5678419719274126 0.08156251324684387 0.10390053218308673
36 0.27214526307720793 0.5719396100429136 0.08156251324684387 0.10390053218308673
4 0.22092750345856108 0.5808886391239072 0.07493056733052797 0.09252598960843983
4 0.16903762124457591 0.5866580378830699 0.0814533858421822 0.10077553218308673
4 0.11857382977476363 0.5964429472858944 0.07665675843752048 0.09732275025210164
30 0.9476859548171725 0.4915233064956288 0.07876489546082902 0.11305701089576328