16 0.29971886390240365 0.7747752623490969 0.1503779735504664 0.1439344507974308
6 0.30915404806091834 0.7199422919843746 0.14707096302712275 0.14073671561506948
36 0.3170722348502689 0.664364439210833 0.14707096302712266 0.14073671561506948
36 0.32949591111627596 0.6118024836637497 0.14707096302712266 0.14073671561506948
39 0.33667835053646245 0.5554615646857983 0.15368498407381015 0.14713218597979177
39 0.34923853469497723 0.5005558591387149 0.14707096302712275 0.14073671561506948
39 0.3610629714843278 0.4448870873872218 0.14716196828879458 0.14229921561506947
14 0.3681544056428425 0.39010866840927055 0.15368498407381015 0.14713218597979177
14 0.37781710295553694 0.33136944804454826 0.14707096302712266 0.14073671561506956
14 0.38982355026823123 0.27257567629305524 0.142201452503779 0.13750261284152784
21 0.3948442502117615 0.21316430870187464 0.143763952503779 0.1375389804327085
21 0.4076774501552918 0.15357110315479133 0.14707096302712266 0.14073671561506956
21 0.4188571448371502 0.09557676519888854 0.15873650512049747 0.15349128875333345
0 0.4278373026873057 0.05442966080982624 0.15370039462538862 0.10885932161965248