17 0.44609375 0.91015625 0.09375 0.075
12 0.4578125 0.83984375 0.1015625 0.08125
7 0.45625 0.77578125 0.1 0.078125
17 0.46796875 0.7078125 0.0984375 0.0734375
12 0.46875 0.64296875 0.096875 0.0765625
7 0.47265625 0.575 0.0984375 0.0734375
32 0.4765625 0.5109375 0.1015625 0.0765625
37 0.478125 0.44765625 0.1 0.071875
40 0.48359375 0.3796875 0.1 0.0765625
4 0.48671875 0.3125 0.103125 0.078125
4 0.4921875 0.24453125 0.1 0.078125
34 0.49453125 0.178125 0.1 0.06875
34 0.5 0.10703125 0.1015625 0.071875
34 0.50703125 0.03984375 0.1046875 0.0703125