18 0.3284856899142968 0.4529381657433401 0.0570382262518895 0.06873327962517131
18 0.2690196846526249 0.4562283017950019 0.0570382262518895 0.06873327962517113
18 0.20569293202178898 0.4588508481132205 0.05712923151356133 0.07029577962517113
21 0.14461892412928118 0.4629676982715051 0.06337923151356133 0.07047763605166182
21 0.08372692676011713 0.4639595484297896 0.0685217578219206 0.07842652837152997
27 0.8791219977221001 0.34566494253202434 0.06990224729857672 0.07534699247815269
27 0.8213094977220999 0.34734711447706357 0.06815773677523325 0.07217652837152996
27 0.7641872424604281 0.3505690543687914 0.06815773677523325 0.07217652837152996
22 0.7072014950912641 0.35144724426051926 0.06659523677523324 0.07213106426490726
22 0.6492979898295921 0.35469191620555846 0.06659523677523324 0.07213106426490726
22 0.593138995091264 0.35476612404397495 0.06310621572854594 0.06579013605166181
40 0.5382694845679203 0.3594823677757688 0.06659523677523324 0.07213106426490726
40 0.48211048982959215 0.35955657561418536 0.059981215728545936 0.06569920783841657
40 0.4273319845679203 0.3627103193459792 0.05989021046687402 0.06413670783841656
15 0.37268998719875623 0.363520313077773 0.06503273677523316 0.07208560015828454
5 0.31800248719875623 0.36511155680956686 0.061634720990217676 0.06730717194503918
0 0.2610622424604281 0.36520849670129474 0.06475972099021768 0.06739810015828454
35 0.20536597930624848 0.37072872248639993 0.0730272472985769 0.07543792069139794