3 0.4374568345145814 0.1329225609327493 0.07598031153562221 0.06824874203690508
3 0.46067309145441176 0.17705199253101525 0.08086807063492074 0.0716467578219206
3 0.48653348704319 0.22573241623677345 0.07910531153562203 0.06843075256024873
38 0.5123438178571437 0.27363158994253156 0.0825307001845701 0.07330026308359247
38 0.5351793429955712 0.3240565241716335 0.08409320018457009 0.0733912683452643
38 0.5618209885843495 0.37269144524655573 0.07744268198597286 0.0667772472985769
41 0.5877314489479524 0.422153118952314 0.08086807063492074 0.07164675782192056
41 0.615554862735328 0.47699253739640035 0.08409320018457009 0.0733912683452644
11 0.6430278230989309 0.5263632058404866 0.08409320018457009 0.0733912683452644
11 0.6747074221114818 0.5801938611303934 0.0874184592838688 0.07669827886860806
11 0.7032620211240328 0.6342065269436438 0.08908108883351815 0.07835178413027996
39 0.7335293144610576 0.6904719374952224 0.08908108883351815 0.07835178413027996
39 0.7639968668973811 0.7498623480468009 0.0874184592838688 0.07669827886860787
39 0.7920706045588799 0.8086080164908873 0.0858559592838688 0.07660727360693613
30 0.4330243078125 0.059160614062500005 0.4147027296875 0.020030629687500003 0.3500010671875 0.023392920312500003 0.3711661 0.064034596875 0.4330243078125 0.059160614062500005
10 0.395140434375 0.1096325171875 0.455881821875 0.1044688328125 0.43707346718749995 0.0630907171875 0.37483864218749996 0.067418753125 0.395140434375 0.1096325171875
8 0.6718367375 0.0217322890625 0.646270475 0.0227496640625 0.6678013578125 0.0651797203125 0.6944265828125 0.0628147578125 0.6718367375 0.0217322890625
2 0.9222599015625 0.3298242125 0.8926571265625001 0.3237792421875 0.8971248468749999 0.369756415625 0.9269233281249999 0.37520854375 0.9222599015625 0.3298242125
17 0.9502270890625001 0.30264941093750003 0.9216504000000001 0.29221698749999997 0.9253229828125 0.33059037343750003 0.9516175562500001 0.34213394375 0.9502270890625001 0.30264941093750003
17 0.9151004703125001 0.452117615625 0.9484630218750001 0.4649552984375 0.9518043390625 0.42327645625 0.9219899406250001 0.40693214375000003 0.9151004703125001 0.452117615625
27 1 0.3302722359375 0.9881954859375 0.320924521875 0.9797720046875 0.354005875 1 0.3717702421875 1 0.3302722359375
26 0.9877715296874999 0.4278663265625 0.961815328125 0.41753309843749997 0.959977625 0.4633665359375 0.9933559750000001 0.473760575 0.9877715296874999 0.4278663265625
31 0.9745515671874999 0.3641805046875 0.9429497781249999 0.3551000359375 0.9446716625 0.404048378125 0.9756789015624999 0.40996918750000005 0.9745515671874999 0.3641805046875