16 0.08449281516078018 0.630255126561629 0.083264631123531 0.13011474687674215
11 0.10131253964097095 0.5840432018935939 0.12400803029369403 0.13191359621281223
6 0.12719961080181386 0.5440312802506211 0.14888963112353099 0.130496541958086
1 0.16486463154773828 0.504732430914551 0.14720873195336798 0.1289249515990063
1 0.20331090229366264 0.46542903639894107 0.14720873195336798 0.12892495159900647
39 0.23929502386942403 0.4245767774219507 0.147327131123531 0.1304874515990065
39 0.2752791454451854 0.3837245184449602 0.14720873195336798 0.12892495159900638
39 0.3113224666060283 0.34365350946796974 0.14552783278320494 0.1273533612399267
39 0.3481470377668712 0.3035779553114395 0.1371233369323898 0.11949540944452863
36 0.38503080851279564 0.26428365115490926 0.13880423610255282 0.12106699980360833
31 0.42064807718412756 0.22890468735745864 0.1355608369323898 0.11948631908544902
21 0.45452524710021497 0.1911910639190876 0.1371233369323898 0.11949540944452863
26 0.4882840178461394 0.15191494048071658 0.14048513527271583 0.1226385901626879
31 0.5218059902517378 0.10951381704234557 0.1356792361025528 0.12104881908544902
30 0.5548427105827436 0.07102348878351436 0.13520563942190086 0.11479881908544902