20 0.13049241518087676 0.7077919570582587 0.11552247532299775 0.12848204274124875
40 0.1884446175249152 0.6854918271841276 0.12031010487264701 0.13039974025173784
40 0.24503457896825234 0.6599482981398334 0.11708497532299766 0.1286004419114118
12 0.3006430313122908 0.6374705695104577 0.11033432757475108 0.12031434523075965
12 0.3556704927556279 0.6118086412960005 0.10524630937615384 0.11370914772027056
19 0.41069795419896493 0.5861467130815433 0.1020211798265045 0.1119098493799445
19 0.46650666564230203 0.5605439844521676 0.10192105027685514 0.1103473493799445
34 0.5190401827611651 0.537048207482466 0.09537066162790708 0.10518625269929238
34 0.5724050146548529 0.5128303800978458 0.09869592072720579 0.10854805103961844
9 0.6298262908730148 0.48656480063863305 0.09360790252860855 0.10194285352912935
9 0.6823598079918779 0.4630690236689314 0.09380816162790725 0.10506785352912935
4 0.7348432603359163 0.4403544966992296 0.09859579117755661 0.10698555103961845
4 0.7898707217792534 0.4146925684847725 0.09537066162790708 0.10518625269929238
29 0.8421539150239932 0.39510304151507075 0.10524630937615384 0.11370914772027048
29 0.8963500616925056 0.37016316371553204 0.10368380937615385 0.11359074855010753