38 0.19023663108413702 0.5232856044242794 0.14052736282348777 0.17984166542531543
38 0.27410311647364044 0.5428040459044429 0.14058190990138844 0.18296666542531542
38 0.35950482832419345 0.5608327619917121 0.14055463636243806 0.18140416542531543
33 0.444166200483172 0.5811688407754284 0.14055463636243815 0.18140416542531543
28 0.5280054123337251 0.5991247822555917 0.14370690990138843 0.18311221463952715
28 0.6126667844927037 0.6194608610393081 0.14370690990138843 0.18311221463952715
23 0.6988906566516823 0.6398697144301302 0.1484489569792892 0.18645553846084476
18 0.7866770288106608 0.6603513424280582 0.1500387305182395 0.1880908130679506
18 0.3154257715070602 0.40577923490340684 0.14214440990138844 0.18303944003242129
13 0.40082748335761326 0.42380795099067603 0.14052736282348768 0.17984166542531543
8 0.4839127187471166 0.4432900051672865 0.14052736282348768 0.17984166542531543
13 0.5662030673671449 0.4619544220403441 0.14052736282348768 0.17984166542531543
8 0.6508644395261234 0.48229050082406033 0.14529668344033872 0.18474748924663303
3 0.7377741042987758 0.4972669915184354 0.14526940990138862 0.183184989246633