24 0.684375 0.89765625 0.1234375 0.0984375
24 0.65703125 0.8390625 0.121875 0.0984375
24 0.6296875 0.7796875 0.1234375 0.1
14 0.5984375 0.7203125 0.1234375 0.1015625
14 0.5703125 0.6625 0.1234375 0.1
14 0.54296875 0.60234375 0.1234375 0.0984375
37 0.5140625 0.5453125 0.1234375 0.0984375
37 0.48671875 0.48671875 0.1234375 0.0984375
37 0.4578125 0.42890625 0.121875 0.1015625
32 0.43046875 0.36875 0.1234375 0.1015625
27 0.40234375 0.31015625 0.1234375 0.1015625
7 0.375 0.25078125 0.125 0.1015625
7 0.3453125 0.19140625 0.121875 0.0984375
7 0.31796875 0.13125 0.11875 0.0953125