25 0.8153492739393968 0.7851803957921561 0.13688416558343128 0.14453177088084707
35 0.7480429971540357 0.7340042360530399 0.1321693920444808 0.14294199980360817
40 0.3461769395261235 0.45037568725926275 0.11942393019392786 0.12880677693097126
40 0.4118116221556833 0.49531093735745857 0.11939665665497756 0.12724427693097126
40 0.4798991489410446 0.5464825519170351 0.11147506249917605 0.1209488251355733
34 0.515620640419628 0.35484904294004466 0.11632620373287814 0.13035109621281213
34 0.5899036201270884 0.4028592960633025 0.1226580243497292 0.13507495764913066
33 0.6611570572208751 0.4563564799047198 0.12112279788867966 0.13662836729005096
33 0.7386604943146619 0.5098173023098186 0.12430234496658024 0.13977154800821018
33 0.8122713181779238 0.5640821006126163 0.12430234496658024 0.13977154800821018
23 0.15148027394269215 0.30774380142605573 0.12101370373287823 0.13037836729005098
23 0.2187183668806775 0.355013711165172 0.11945120373287824 0.13036927693097128
23 0.2843939598186629 0.40229271126336785 0.11780688311602719 0.12567268657189173
8 0.5494537183400795 0.5921763261175318 0.10204551542127546 0.11776928298109546
8 0.6159241980475401 0.640232031036188 0.1084318831160271 0.1256181444174139
8 0.6800782012939509 0.6898638714934634 0.10999438311602709 0.1256272347764936