35 0.30966644867918125 0.07589610011293947 0.14389654535327184 0.15179220022587894
39 0.802786122772086 0.7303318270707007 0.12965223201781734 0.1387124314570915
39 0.7739338694302682 0.669469921780794 0.12805336935072642 0.13549642619541977
39 0.7427924100890868 0.6134320243833951 0.12016814401654478 0.12879139988706054
4 0.7163384507479054 0.5571211112009806 0.1264908693507266 0.13540542093374802
4 0.6851969914067239 0.5010832138035816 0.12807155068427178 0.13705892619541976
14 0.6548731447326334 0.44812481377534674 0.12491018801718105 0.13375191567207612
14 0.6253032760582247 0.3927771611162759 0.12174882535009016 0.13044490514873236
34 0.5965237480505886 0.3381652558263692 0.11384541868236298 0.12217737884037314
34 0.5646010387094071 0.28217286105980616 0.11384541868236298 0.12217737884037314
19 0.5358487827020892 0.22990470576989946 0.10594201201463563 0.11390985253201383
19 0.5039806173615442 0.17859981100333644 0.10750451201463562 0.11400085779368574
19 0.47437438602004456 0.12012715834426566 0.11068405601527206 0.11887036831702943
1 0.45025508601209036 0.06530059886810868 0.12649086935072643 0.13060119773621737