4 0.9546875 0.76484375 0.065625 0.0953125
4 0.8984375 0.7578125 0.06875 0.0984375
31 0.8421875 0.746875 0.071875 0.0984375
26 0.7859375 0.7359375 0.06875 0.096875
21 0.73125 0.7265625 0.0640625 0.09375
16 0.67734375 0.7171875 0.06875 0.096875
11 0.62421875 0.70703125 0.0703125 0.0984375
6 0.56875 0.70078125 0.06875 0.096875
39 0.51640625 0.69140625 0.0703125 0.0984375
36 0.46328125 0.68125 0.0703125 0.0984375
31 0.409375 0.67421875 0.06875 0.0953125
26 0.3578125 0.665625 0.06875 0.096875
21 0.30546875 0.6578125 0.06875 0.0953125
16 0.25390625 0.65078125 0.071875 0.0984375
15 0.2 0.64296875 0.06875 0.096875
10 0.1484375 0.6328125 0.06875 0.096875
5 0.09609375 0.6265625 0.06875 0.0953125
0 0.053125 0.61640625 0.046875 0.0921875