3 0.16328125 0.30859375 0.0890625 0.10625
3 0.2265625 0.32109375 0.0828125 0.1046875
3 0.28828125 0.33046875 0.084375 0.1046875
26 0.34921875 0.3390625 0.084375 0.1078125
26 0.41015625 0.35 0.0828125 0.1078125
21 0.47265625 0.36484375 0.078125 0.1
21 0.53359375 0.3734375 0.0828125 0.10625
21 0.596875 0.38671875 0.0796875 0.10625
32 0.6578125 0.39453125 0.08125 0.10625
32 0.71796875 0.40703125 0.0828125 0.1078125
32 0.77890625 0.41640625 0.078125 0.109375
36 0.83828125 0.4265625 0.0765625 0.0984375
36 0.903125 0.4375 0.075 0.1015625
36 0.9625 0.44921875 0.075 0.10625