5 0.5121040740783036 0.9183747795101838 0.1291954631253363 0.11107469810012063
9 0.5053184785374496 0.8584265694242756 0.11771165990702759 0.10268898801421215
9 0.5000407526747647 0.799341496493497 0.12083665990702759 0.10285276232447185
9 0.49392714649024877 0.7409967299851536 0.11760239926336595 0.10112648801421234
14 0.48646956159305643 0.6794450763216805 0.11771165990702741 0.10268898801421251
14 0.4804105857303716 0.6203190598133371 0.11102461733238052 0.09611143939369349
6 0.4742969795458557 0.5619742933049937 0.11771165990702759 0.10268898801421233
11 0.46662087336133995 0.5035476396415206 0.11949268119435104 0.1058958751693421
16 0.4620697671768242 0.445284760288307 0.12439870248167448 0.10926653663473136
21 0.4543936609923083 0.38685810662483383 0.12116444183801285 0.10754026232447185
26 0.44906130480779255 0.32855428369405526 0.12105518119435103 0.10597776232447184
31 0.4414944592669385 0.2685651300305822 0.11771165990702759 0.10268898801421233
31 0.4360528424387609 0.21182380709980367 0.11436813861970414 0.09940021370395291
36 0.4283767362542451 0.1533971534363305 0.11782092055068923 0.10425148801421238
39 0.4238256300697293 0.0951342740831169 0.11782092055068923 0.10425148801421238