5 0.20295281842154234 0.17973131130650125 0.09385295157021041 0.11199201734563582
8 0.2578138146606187 0.21191655529918338 0.088938131037097 0.10412497334499946
8 0.3117799006331382 0.24020463995863825 0.09215405925034226 0.10728633601209037
8 0.36268918276559187 0.270872837285184 0.09054609514371972 0.10570565467854491
13 0.41589675079142285 0.29995126261141164 0.09376202335696497 0.10886701734563582
23 0.46901339060400843 0.3259046879376392 0.08733016693047428 0.10254429201145401
18 0.522130030416594 0.35185811326386685 0.088938131037097 0.10412497334499946
41 0.5714086163891136 0.38020074192395803 0.08893813103709683 0.10412497334499946
38 0.6230536844149446 0.40929734858373107 0.09376202335696497 0.10886701734563572
33 0.6746532883341528 0.43683145524350414 0.09054609514371954 0.10570565467854483
38 0.724690392253361 0.46438374323682263 0.08889266693047429 0.10256247334499946
33 0.7746820320659467 0.49037353123014105 0.09050063103709682 0.104143154678545
28 0.8278441359851548 0.5178894565563688 0.09050063103709718 0.10414315467854482
3 0.8771227219576744 0.5462320852164598 0.08406877461060631 0.09782042934436319
3 0.9302848258768825 0.5737480105426875 0.09050063103709718 0.104143154678545