25 0.362687028494131 0.09221668227697885 0.11445200361804471 0.099420731382639
22 0.3699772280645897 0.14666779293430526 0.10647572930778501 0.09611389342673622
27 0.37751308910043757 0.1964314035916316 0.10450379353213642 0.08826502583555565
32 0.3842267565587207 0.2469944480445483 0.10968261646291495 0.09774912860909728
7 0.39312039970674423 0.30062794111069413 0.10466756784239584 0.09139002583555564
12 0.4030000107425922 0.35033700038124965 0.10812011646291494 0.0977127610179167
17 0.4080692910457455 0.40249891242534686 0.09981629353213642 0.08815592306201392
34 0.4164682892367232 0.450681839287083 0.10639384215265543 0.09455139342673605
34 0.42470351311744137 0.5019897661488191 0.10310506784239593 0.09135365824437507
34 0.43067687415328937 0.551789744397326 0.09800813206674697 0.08343205547083343
19 0.4406793159218319 0.5991550536678816 0.09817190637700665 0.08655705547083344
19 0.4457895398025501 0.6505357157119788 0.09817190637700648 0.08655705547083344
19 0.451762900838398 0.7003356939604857 0.09167624491161738 0.08172408510611114
14 0.4600390682966811 0.7508623708222218 0.09167624491161738 0.08172408510611114
14 0.469918679332529 0.8005714300927773 0.08649742198083885 0.0722399823325695