25 0.5296875 0.07421875 0.0984375 0.071875
22 0.52421875 0.13046875 0.090625 0.0703125
27 0.5203125 0.1828125 0.0890625 0.0625
32 0.515625 0.234375 0.09375 0.0734375
7 0.51171875 0.290625 0.0890625 0.065625
12 0.51015625 0.34140625 0.0921875 0.0703125
17 0.50390625 0.3953125 0.084375 0.0640625
34 0.5 0.44609375 0.0875 0.0671875
34 0.49609375 0.49921875 0.0859375 0.0671875
34 0.49140625 0.55 0.0828125 0.059375
19 0.48984375 0.60078125 0.08125 0.0640625
19 0.48359375 0.653125 0.08125 0.0640625
19 0.478125 0.70546875 0.0765625 0.059375
14 0.4734375 0.75703125 0.0765625 0.0625
14 0.471875 0.80859375 0.0734375 0.05