27 0.24003374852706205 0.9672011113229164 0.09404998184962743 0.053744555470833434
27 0.2365496793434171 0.9055550965052775 0.08939884328594587 0.0598854526972918
38 0.22915936015977226 0.84400000066559 0.09720225292686617 0.05850479065319476
38 0.2280099506170477 0.7807369344611803 0.09563066256778666 0.0569059230620141
38 0.22138270071524357 0.7160386548259027 0.09717498184962743 0.053817290653194405
16 0.21475545081343944 0.6513403751906248 0.09406816256778665 0.05686955547083343
16 0.21128047198887417 0.591256860372986 0.08937157220870703 0.055197952697291795
16 0.20622935762568945 0.5288659631465276 0.09405907220870695 0.055307055470833436
29 0.1980441529034251 0.46498530110243036 0.08157725292686621 0.05814111474138883
29 0.19299758371978024 0.4033756538759721 0.08784543364502548 0.06141158510611113
29 0.19339249345889648 0.3369512200803818 0.08783634328594588 0.05984908510611122
8 0.19145728873663215 0.2729250876715623 0.10340680113146812 0.050837761017916705
8 0.18483912919390763 0.20978930803628457 0.10029998184962734 0.05389002583555565
8 0.1813323341125637 0.14423704321864567 0.10027271077238856 0.04920252583555564
25 0.17626758421075955 0.07950239599218736 0.09875566256778665 0.05697865824437507