39 0.4779737217770316 0.08515625 0.11668155771188111 0.075
39 0.4676289880191005 0.146875 0.11829862141421188 0.0765625
39 0.45485865870767295 0.20625 0.11991568511654283 0.078125
36 0.44685767494974177 0.26796875 0.11991568511654283 0.078125
31 0.43810272304297604 0.33046875 0.11840774881887359 0.0796875
26 0.42937505298737566 0.39375 0.11991568511654283 0.078125
21 0.41824906922944455 0.45546875 0.12164187622353531 0.0828125
16 0.4079588991738442 0.51875 0.1232043762235353 0.0828125
26 0.3975868835647475 0.5796875 0.1232043762235353 0.0828125
21 0.3865154635091471 0.64296875 0.12325893992586626 0.084375
16 0.3770611071558777 0.7078125 0.12325893992586616 0.084375
11 0.36760675080260824 0.77265625 0.12175100362819702 0.0859375
6 0.35500011259817327 0.83671875 0.12158731252120454 0.08125
1 0.3463815699472347 0.903125 0.12314981252120445 0.08125