30 0.16957648510829462 0.7150290563204018 0.0752611732831983 0.11116672896477801
23 0.22915053825144777 0.7067355911013786 0.07660534946188076 0.10658848960843983
13 0.2840734786981538 0.6988955939513701 0.07020980024766903 0.10302644703379293
18 0.3458821199306482 0.6884222696978396 0.07028257485477489 0.10458894703379293
23 0.3997690992524838 0.6750588922260004 0.07155397642635145 0.09844820767745457
33 0.4585619023956369 0.6667107966851462 0.06352315260503386 0.09321440445914604
28 0.5099959698068137 0.6508397782478144 0.07020980024766903 0.10302644703379293
3 0.5611753260931199 0.6295000098104826 0.06686647642635143 0.09812042574646931
8 0.6209677030575906 0.6258940445914594 0.06366870181924558 0.09633940445914604
13 0.6746556292362731 0.6249760367977892 0.06203342721213971 0.09466764381548423
23 0.7264899569865321 0.6176987683604572 0.06999147642635144 0.09833894703379294
23 0.7837202601296852 0.6092414121759415 0.06672092721213971 0.09499542574646931
41 0.8403876370941561 0.6054169256695948 0.0683562018192454 0.09666718639013112
38 0.8955652886657326 0.6030456785195865 0.07020980024766885 0.10302644703379293
33 0.9463636552911211 0.5902450297604236 0.06508565260503403 0.09332366510280768