30 0.10390625 0.63203125 0.053125 0.0984375
23 0.165625 0.63125 0.0546875 0.0921875
13 0.22265625 0.63046875 0.05 0.090625
18 0.28671875 0.628125 0.0484375 0.0921875
23 0.34375 0.621875 0.0515625 0.0859375
33 0.40390625 0.6203125 0.0453125 0.08125
28 0.459375 0.61171875 0.05 0.090625
3 0.515625 0.596875 0.046875 0.0859375
8 0.57578125 0.60078125 0.04375 0.0859375
13 0.6296875 0.60625 0.0421875 0.084375
23 0.68359375 0.60546875 0.05 0.0859375
23 0.7421875 0.6046875 0.046875 0.0828125
41 0.8 0.6078125 0.0484375 0.084375
38 0.85546875 0.61171875 0.05 0.090625
33 0.909375 0.60546875 0.046875 0.08125