4 0.94453125 0.5046875 0.0546875 0.09375
4 0.878125 0.50625 0.053125 0.1015625
34 0.81015625 0.50546875 0.05625 0.1
34 0.74140625 0.5078125 0.0546875 0.0984375
34 0.67265625 0.50625 0.0515625 0.0984375
19 0.60546875 0.5078125 0.0546875 0.0984375
19 0.5375 0.50859375 0.05625 0.09375
19 0.4671875 0.50546875 0.0546875 0.0953125
32 0.4015625 0.50859375 0.0609375 0.109375
27 0.328125 0.50546875 0.05625 0.1046875
22 0.26015625 0.50625 0.05625 0.1015625
32 0.18984375 0.50859375 0.059375 0.1078125
27 0.121875 0.50859375 0.0578125 0.10625
22 0.0515625 0.50625 0.0546875 0.103125