9 0.7917971111118514 0.7003119335123412 0.18983069279472176 0.1971626843053107
9 0.7351068419115213 0.6856043023501053 0.18826819279472176 0.19708079715018095
9 0.6791978227111914 0.6709376147654342 0.18505226458147633 0.19379202283992142
4 0.6240473214575502 0.657093120758328 0.18822272868809903 0.19551829715018093
4 0.5689195522572204 0.6424673767512218 0.18505226458147633 0.19379202283992142
2 0.5146412292168245 0.6255388263216805 0.18505226458147633 0.19379202283992142
2 0.4626384600164946 0.6110768566248338 0.18179087226160834 0.18894074852966192
2 0.4090731908161647 0.5965329997728575 0.18179087226160834 0.18894074852966192
41 0.3531187075092121 0.5834288121881863 0.18505226458147633 0.19379202283992142
41 0.30194265241550494 0.5674452860689045 0.18822272868809903 0.19551829715018093
41 0.24984895500192966 0.5561083163720578 0.18179087226160834 0.18894074852966192
1 0.19940868580159976 0.5417282338303409 0.18179087226160834 0.18894074852966192
1 0.14901388070789254 0.525785651288624 0.17375105172849495 0.18071881275401314
1 0.09544861150756265 0.5112417944366475 0.17857494404836297 0.1856519742194024
15 0.06676864819236279 0.4967765027135334 0.13353729638472558 0.1841780054270668
20 0.04119198667216486 0.47980036465389253 0.08238397334432972 0.178350729307785