26 0.8954159066532521 0.4195920573058779 0.06112318380210837 0.08596919303247788
11 0.8522070761209044 0.4293020260921109 0.061250517794497125 0.08909419303247787
1 0.8074675790866539 0.43966569912070935 0.06112318380210837 0.08596919303247788
36 0.7611655820524035 0.4499018263916733 0.0693813527754692 0.09754442182065048
1 0.7120250865010277 0.4669141121473682 0.06919035178688589 0.09285692182065049
16 0.6587555064629717 0.47813878350897676 0.0774485207602467 0.10443215060882309
16 0.6048638439154016 0.49320593199176804 0.07719385277546902 0.0981821506088231
11 0.5460936803792483 0.5032029432016557 0.0775121877564409 0.1059946506088231
31 0.48751451783167815 0.5178874544115433 0.08720552273741297 0.11457242515463033
31 0.42287635627269127 0.5367492825908928 0.08720552273741297 0.11457242515463033
6 0.3572977772232183 0.5516410878914251 0.09358285672980182 0.11820760818516848
26 0.2861549476794538 0.5637427330402365 0.09833402372599612 0.1201527454580722
26 0.21233278710905007 0.5865267866737789 0.09846135771838496 0.12327774545807202
31 0.13363212555006315 0.6042407030344175 0.09858869171077375 0.126402745458072