15 0.1515625 0.2078125 0.134375 0.15625
28 0.20546875 0.24765625 0.134375 0.1578125
23 0.2578125 0.28359375 0.1359375 0.159375
18 0.30703125 0.32265625 0.1328125 0.15625
41 0.36015625 0.35859375 0.1375 0.1609375
38 0.41171875 0.3953125 0.1390625 0.1640625
33 0.4640625 0.43125 0.1375 0.1625
38 0.51484375 0.46796875 0.1375 0.1609375
33 0.56640625 0.50625 0.13125 0.1546875
28 0.61484375 0.54296875 0.1359375 0.1578125
23 0.665625 0.57890625 0.1296875 0.153125
23 0.7171875 0.61640625 0.1296875 0.153125
34 0.7640625 0.65625 0.121875 0.1453125
34 0.81796875 0.68515625 0.125 0.146875
34 0.865625 0.7265625 0.128125 0.1515625