38 0.5840064017837137 0.2719716482864179 0.1547614123370204 0.09909724282842394
38 0.5816411067344077 0.3603893075422451 0.15629663879807013 0.0975893065307547
38 0.5792894484545771 0.44958821679807215 0.1579136858759707 0.10076887023308564
33 0.5753480166357962 0.5372791897562301 0.15794095941492117 0.10233137023308565
33 0.5745861318949159 0.6279860353097264 0.15796823295387147 0.10389387023308565
33 0.5714804971540357 0.7187747264167191 0.15794095941492117 0.10233137023308565
13 0.4354949894466932 0.18335063630551834 0.15155459172016936 0.09430061542376214
13 0.4307859443973873 0.2718501411148418 0.15314436525911965 0.09591767912609299
13 0.42917462580913124 0.3586780185195035 0.1547614123370204 0.09909724282842385
13 0.42604171752930065 0.447904209626496 0.15160913879807011 0.09742561542376223
8 0.42364914894104444 0.5347593688823232 0.1547614123370204 0.09909724282842394
3 0.41818612743068906 0.6248486555428121 0.1516364123370204 0.09898811542376222
3 0.4158617426898088 0.7156100647986392 0.1547886858759707 0.10065974282842394
3 0.41197485794892846 0.8064260377567972 0.15632391233702042 0.09915180653075453