23 0.83515625 0.66171875 0.053125 0.0734375
23 0.7828125 0.665625 0.05 0.078125
38 0.6796875 0.66875 0.0484375 0.08125
38 0.6234375 0.6703125 0.04375 0.08125
38 0.56640625 0.665625 0.04375 0.075
38 0.5125 0.665625 0.04375 0.075
29 0.8890625 0.6625 0.0484375 0.078125
24 0.73125 0.6703125 0.05 0.078125
14 0.46015625 0.66875 0.04375 0.0796875
14 0.40546875 0.67109375 0.046875 0.078125
14 0.3484375 0.671875 0.0421875 0.078125
25 0.29296875 0.67265625 0.0484375 0.0828125
34 0.23359375 0.675 0.0390625 0.0796875
34 0.1765625 0.67421875 0.040625 0.08125
34 0.1203125 0.6765625 0.0421875 0.08125