40 0.89921875 0.6078125 0.05625 0.103125
37 0.83671875 0.6078125 0.05625 0.103125
32 0.775 0.60859375 0.059375 0.1015625
40 0.7125 0.6109375 0.059375 0.10625
37 0.65078125 0.6109375 0.059375 0.109375
32 0.5875 0.61015625 0.059375 0.10625
22 0.52578125 0.61015625 0.059375 0.1046875
22 0.46328125 0.61171875 0.0609375 0.1078125
17 0.4 0.6125 0.0625 0.10625
12 0.33671875 0.61328125 0.0625 0.10625
7 0.27265625 0.6140625 0.0640625 0.10625
2 0.20703125 0.61484375 0.065625 0.109375
2 0.14296875 0.6140625 0.0640625 0.1046875
2 0.078125 0.61484375 0.0578125 0.1078125