16 0.5828336991251476 0.18076008002206137 0.10187551779449713 0.08895980024766903
6 0.5583085430033681 0.22952291170126182 0.09862318380210837 0.0856892510334573
36 0.5337515533834913 0.27750449338046224 0.10018568380210838 0.08576202564056316
36 0.5131644807598091 0.32723051157742733 0.09862318380210837 0.0856892510334573
39 0.48710865813612686 0.37670181864952185 0.10662668479069151 0.09074062406898661
39 0.4642096690105418 0.42709992493582816 0.100122016805914 0.08419952564056317
39 0.44287317988495667 0.4775708058292403 0.10024935079830274 0.08732452564056317
14 0.41597244026508007 0.5254432255977819 0.10343801779449713 0.08903257485477489
14 0.39001211813568937 0.5772582826698764 0.10024935079830274 0.08732452564056317
14 0.36727229650059023 0.6315626389561828 0.100122016805914 0.08419952564056317
21 0.33659264087310237 0.6823781222069598 0.100122016805914 0.08419952564056317
21 0.3130715692380033 0.7366460911897131 0.09862318380210837 0.0856892510334573
21 0.28870558060670976 0.7893151728689135 0.1097516847906915 0.09088617328319834
0 0.26202767547351347 0.8426563426374551 0.10656301779449713 0.08917812406898662