3 0.54453125 0.83984375 0.078125 0.0703125
3 0.52265625 0.796875 0.08125 0.071875
3 0.49921875 0.74921875 0.0796875 0.0703125
38 0.47421875 0.70234375 0.084375 0.0734375
38 0.453125 0.65234375 0.084375 0.0734375
38 0.42890625 0.6046875 0.0796875 0.06875
41 0.4046875 0.55703125 0.0828125 0.071875
41 0.37890625 0.50234375 0.084375 0.0734375
11 0.35234375 0.45390625 0.0828125 0.0734375
11 0.3234375 0.4015625 0.0890625 0.0765625
11 0.296875 0.3484375 0.0921875 0.078125
39 0.26875 0.29375 0.0890625 0.0765625
39 0.23984375 0.2359375 0.0890625 0.0765625
39 0.2140625 0.17734375 0.0859375 0.075
30 0.5467839671875 0.9132511843750001 0.5637457734375 0.9516635875 0.6285912828125 0.9460544984375 0.6088376828125 0.9062325124999999 0.5467839671875 0.9132511843750001
10 0.5864468125 0.86156219375 0.52550025 0.8688310796875 0.542870478125 0.9094700937500001 0.6052818921875 0.9029831421875001 0.5864468125 0.86156219375
8 0.3065664375 0.95892161875 0.33217866875 0.9570158078125001 0.31212155468749997 0.915421815625 0.28540284374999997 0.9187093624999999 0.3065664375 0.95892161875
2 0.066806240625 0.660177528125 0.0962098609375 0.665179134375 0.09334680625 0.6194508984375 0.063726684375 0.615047746875 0.066806240625 0.660177528125
17 0.037878142187500005 0.6882712984375 0.06610195937499999 0.6976871921875001 0.06376868125 0.6595196109375 0.0378667359375 0.6489153390625 0.037878142187500005 0.6882712984375
17 0.07824163437500001 0.5378829796875 0.045314046875 0.5262334046875 0.040515071875 0.5679440312499999 0.069770534375 0.5832167046875 0.07824163437500001 0.5378829796875
27 0 0.6709419640625 0.0005328218749999999 0.6713557578125 0.01011563125 0.638048153125 0 0.62926909375 0 0.6709419640625
26 0.004693596875 0.56461625 0.030299323437499998 0.5740244234375 0.033739239062499995 0.52822000625 0.000710465625 0.519009665625 0.004693596875 0.56461625
31 0.01569370625 0.6277123421875 0.0469910921875 0.6356736578125 0.0469788078125 0.5868846421875 0.0161658125 0.582055865625 0.01569370625 0.6277123421875