26 0.22047930279098016 0.8815302198781151 0.1554737398605414 0.15038692431676956
31 0.24527148918111133 0.8167583917478141 0.14711493664223269 0.14230160580511536
36 0.26370441492758073 0.7537673184268363 0.16383254307885 0.15847224282842393
39 0.2887151226050353 0.6858704902965351 0.1554737398605413 0.15038692431676956
21 0.3141792983515047 0.6226338803150686 0.15881726114786482 0.15362105172143128
26 0.337010146994452 0.5524751477382638 0.17553486758448217 0.16979168874473985
31 0.36565395306275217 0.4883481603521355 0.15881726114786474 0.15362105172143145
6 0.3889382697747142 0.42284964592416524 0.15881726114786482 0.15362105172143128
11 0.4237774455211836 0.3592856537287135 0.1721913462971587 0.16655756134007813
16 0.43739718512962344 0.28711055336589386 0.1721913462971587 0.16655756134007813
31 0.4708923821634163 0.220476124872773 0.17553486758448217 0.16979168874473985
36 0.4883637414500252 0.14894586525412615 0.16884782500983525 0.16332343393541643
39 0.5198976007366343 0.07888885871552219 0.16717606436617344 0.15777771743104438
30 0.5404886061845158 0.04965522650153705 0.16277278763096845 0.0993104530030741