40 0.61640625 0.12578125 0.103125 0.0609375
37 0.6140625 0.18671875 0.1046875 0.059375
32 0.6109375 0.24765625 0.1046875 0.0609375
27 0.61015625 0.31015625 0.1046875 0.0640625
27 0.60859375 0.3734375 0.1046875 0.0640625
27 0.60703125 0.43671875 0.1046875 0.0640625
17 0.603125 0.49921875 0.1046875 0.065625
17 0.60234375 0.56171875 0.1078125 0.065625
22 0.6015625 0.62578125 0.1078125 0.0671875
17 0.59921875 0.690625 0.1078125 0.06875
12 0.59765625 0.75625 0.1109375 0.0703125
2 0.59609375 0.821875 0.109375 0.065625
2 0.59453125 0.8859375 0.1109375 0.0703125
2 0.590625 0.95 0.109375 0.0671875