39 0.8871225707351786 0.5354614281146027 0.12231244668999892 0.17607640507947586
36 0.7999043814051331 0.5566246107840748 0.12703630935708982 0.1793650961864685
36 0.6199265274108601 0.5925100031648609 0.12703630935708965 0.1793650961864685
31 0.7110782387412239 0.573826979751216 0.13019767202418073 0.18259922359113007
31 0.5311367474140418 0.6128373721320022 0.12858062802354447 0.1778571598887993
31 0.3519583247533142 0.6503125463639537 0.12545562802354437 0.17774803248413756
26 0.4423196954169052 0.6308209910991434 0.12545562802354446 0.17774803248413776
26 0.26160604475649585 0.6705853516287641 0.13176017202418072 0.182653787293461
21 0.1704543334261321 0.6892683750424091 0.13016130935708983 0.17947422359113005
11 0.6702248773869975 0.4185566371929446 0.12541926535645337 0.17462303248413757
11 0.5806356660566336 0.4372942243089204 0.12541926535645337 0.17462303248413757
11 0.4933992953930427 0.4568949069783924 0.12387494668999892 0.1761309687818068
6 0.4045822433959062 0.4748785259455337 0.12543744668999893 0.17618553248413757
6 0.3157742820655424 0.4936433949126749 0.12701812802354437 0.17780259618646851