40 0.890625 0.61015625 0.05625 0.1015625
37 0.8296875 0.609375 0.0546875 0.1046875
32 0.76796875 0.6078125 0.05625 0.1046875
27 0.70546875 0.6078125 0.059375 0.103125
27 0.6421875 0.60859375 0.059375 0.103125
27 0.57890625 0.6078125 0.059375 0.103125
17 0.51640625 0.60625 0.0609375 0.1046875
17 0.45390625 0.60625 0.0609375 0.10625
22 0.38984375 0.60703125 0.0625 0.10625
17 0.325 0.60625 0.0640625 0.10625
12 0.259375 0.60625 0.0640625 0.109375
2 0.19375 0.60625 0.0609375 0.1078125
2 0.1296875 0.60546875 0.0640625 0.109375
2 0.065625 0.60390625 0.0640625 0.1078125