15 0.53671875 0.5 0.0703125 0.08125
29 0.13046875 0.6671875 0.0671875 0.071875
29 0.18125 0.64609375 0.065625 0.078125
29 0.228125 0.62265625 0.065625 0.0765625
22 0.28125 0.60390625 0.06875 0.078125
27 0.3296875 0.57734375 0.065625 0.08125
32 0.38125 0.55703125 0.071875 0.084375
37 0.43203125 0.53671875 0.06875 0.084375
37 0.4828125 0.51796875 0.0671875 0.084375
17 0.59140625 0.47890625 0.065625 0.0796875
17 0.64296875 0.4609375 0.0640625 0.0765625
17 0.69609375 0.44140625 0.06875 0.0796875
17 0.7484375 0.42109375 0.065625 0.0765625
2 0.8 0.40546875 0.0671875 0.078125
7 0.85390625 0.3828125 0.0625 0.078125
12 0.90625 0.36328125 0.0578125 0.0765625