11 0.328125 0.92109375 0.0734375 0.0734375
21 0.359375 0.85390625 0.0703125 0.0671875
36 0.38046875 0.8015625 0.0734375 0.078125
1 0.40546875 0.73984375 0.071875 0.08125
16 0.43125 0.6765625 0.075 0.078125
31 0.4578125 0.6140625 0.06875 0.06875
11 0.48125 0.5515625 0.06875 0.071875
36 0.5046875 0.4890625 0.0703125 0.06875
39 0.52890625 0.42734375 0.0765625 0.075
31 0.55390625 0.36484375 0.075 0.06875
26 0.578125 0.3 0.075 0.065625
26 0.603125 0.2359375 0.0703125 0.0703125
39 0.634375 0.1671875 0.0734375 0.071875
36 0.65390625 0.109375 0.0734375 0.078125