20 0.9397018076725716 0.3039230034611305 0.11786927693097127 0.11855110001590834
32 0.8910279583365017 0.34398438212122173 0.11312723477649342 0.10912155601527207
32 0.8408188800776702 0.3793400794477675 0.11785109621281223 0.11542610001590833
32 0.7913728711006799 0.41782986744108597 0.1131363251355733 0.11068405601527206
15 0.7474047024827692 0.4548207901018134 0.11314541549465282 0.11224655601527189
29 0.6979677838648584 0.491748078095132 0.10057269262201593 0.09960110534690844
29 0.6462143863241863 0.5239605940881323 0.10057269262201593 0.09960110534690844
29 0.6046126936039746 0.5570725387491781 0.09270565046753809 0.09013519867918127
17 0.5559661153451433 0.5924464174092693 0.10214428298109546 0.10118178668045381
17 0.5127701063681529 0.6310089307367696 0.09900110226293642 0.09802042401336308
17 0.4719269377502421 0.668036216064588 0.09899201190385672 0.09645792401336309
22 0.4271411576960128 0.7112680480585427 0.1084306444174139 0.10750451201463562
22 0.3816377601553408 0.7435532893857248 0.09585792154477701 0.094859061346272
34 0.34005879333282807 0.7727589840467706 0.10057269262201593 0.09960110534690844
34 0.29604062773997936 0.8183436567074981 0.09585792154477701 0.094859061346272