29 0.30965759414539595 0.6266478693163094 0.11896137357870132 0.11290119480442443
29 0.3602267415427949 0.5970927828711459 0.11565436305535756 0.10972164772652385
29 0.4124948968327016 0.5699087199649326 0.11574536831702939 0.11128414772652384
23 0.20291404145809028 0.6833188348203105 0.12731990514873237 0.12241256249917623
23 0.2572984335938174 0.6522694322225228 0.12575740514873238 0.12238528896022594
33 0.45612379949177234 0.5417934025944925 0.11565436305535766 0.10972164772652385
33 0.505312457412515 0.5153360426103785 0.11409186305535748 0.10969437418757337
33 0.5497681127024217 0.4880156120094135 0.112347352532014 0.10654210064862327
33 0.5959227758848362 0.46306620494739886 0.10904034200867016 0.10336255357072233
36 0.6398246943289225 0.4396383875769588 0.10573333148532651 0.10018300649282175
36 0.6852436101421729 0.41545659374546895 0.10747784200867017 0.10333528003177203
36 0.7267562759554235 0.39120661606660334 0.1040798262236546 0.09859323295387137
37 0.7661072022920175 0.37004072807931215 0.1040798262236546 0.09859323295387146
37 0.808446620736104 0.3465856371699217 0.1106938472703419 0.1049523271096728
37 0.846925291811026 0.32384361241315535 0.112347352532014 0.10654210064862309
30 0.8893102128859484 0.30116977150376484 0.1040798262236546 0.09859323295387146