10 0.52265625 0.08984375 0.0921875 0.0640625
35 0.5140625 0.14296875 0.0921875 0.0609375
16 0.50625 0.19609375 0.0875 0.0578125
16 0.4984375 0.24921875 0.0921875 0.0609375
16 0.48984375 0.30234375 0.090625 0.0578125
6 0.48203125 0.35390625 0.0953125 0.0625
6 0.471875 0.4078125 0.090625 0.0609375
6 0.46484375 0.4609375 0.0953125 0.0625
39 0.4546875 0.51328125 0.090625 0.0609375
39 0.44765625 0.56796875 0.0953125 0.0625
39 0.43984375 0.62265625 0.0921875 0.0609375
21 0.43046875 0.67421875 0.0921875 0.0640625
21 0.421875 0.7296875 0.0953125 0.0625
21 0.4125 0.78359375 0.0921875 0.0640625
26 0.403125 0.83828125 0.0921875 0.0609375
26 0.39375 0.89375 0.0953125 0.0625