14 0.7521081388526104 0.5734175532810758 0.06092421189493056 0.0613938569862416
14 0.6949097925160835 0.5637176602673175 0.06092421189493056 0.0613938569862416
14 0.6361898897571215 0.55329108095589 0.057717324739800804 0.059722229581580064
4 0.35735223880718187 0.5022023292266095 0.05451043758467104 0.058050602176918174
4 0.3039373117379604 0.494709776957024 0.05286605042954129 0.05643353847458741
4 0.24834240897899842 0.48417407024093484 0.0530298247398008 0.059558538474587405
17 0.8695070007929694 0.5950519619039307 0.07079053482570927 0.07109623920022674
17 0.8084842916115724 0.5839259781459996 0.06741987336031982 0.06629961179556502
2 0.5774699869981597 0.5428645016444624 0.06265048620519006 0.06457342068857237
2 0.5242188342391976 0.532246949374877 0.0592798247398008 0.059776793283910834
2 0.4687877057904951 0.5185862426587878 0.06248671189493056 0.06144842068857237
2 0.41450964156614384 0.5126834722403679 0.06141553482570909 0.07076885698624161
7 0.19817531264247154 0.4742286405666876 0.05163109905006032 0.06262897477225646
7 0.14410196630594468 0.4644196201482675 0.05154921189493056 0.06106647477225664
7 0.09393486996941783 0.4544741904740204 0.05500176051544958 0.06742560217691818
35 0.038875555745066584 0.44859870190676576 0.06462242198083884 0.07244048439090349