15 0.8693456863123343 0.24882467992213772 0.19200101369695446 0.16982170456235507
28 0.823560512247062 0.29213166954201447 0.19356351369695446 0.16988537155854946
23 0.7816223885967082 0.3348165766523771 0.1952444128671175 0.17151153855474383
18 0.7370445170209468 0.3734997332684481 0.19032011452679143 0.16819553756616062
41 0.6951655929556745 0.41696589037881077 0.19692531203728053 0.17313770555093821
38 0.6523870197202392 0.45883771399107626 0.20016871120744356 0.17482753954332697
33 0.6104488960698854 0.5015226211014389 0.19848781203728053 0.17320137254713258
38 0.568333173664287 0.5418637782118015 0.19692531203728053 0.17313770555093821
33 0.5239921004288517 0.5836719348278725 0.18852081618646538 0.16500687056996632
28 0.4817579788530903 0.6224505919382353 0.1936819128671175 0.17144787155854946
23 0.4397014560325735 0.6635729990485979 0.18683991701630234 0.16338070357377177
23 0.3968636832120566 0.7046635726608633 0.18683991701630234 0.16338070357377177
34 0.3513861624661322 0.7417523957788372 0.17675452199532424 0.1536237015966055
34 0.3166568875710229 0.7870675543720747 0.1801163203356503 0.15687603558899427
34 0.26961686682509856 0.824092710493854 0.1851590178461393 0.16175453657757757