35 0.3518266766788631 0.10822741632662929 0.09789315467854491 0.09257700361804462
25 0.38129654801877183 0.15817982869652972 0.08208634134309048 0.0761331320667471
5 0.408313581357408 0.19863441033373547 0.08364884134309047 0.07621501922187686
0 0.43067038669636226 0.24118708050555204 0.08684656667727228 0.08262879353213641
26 0.4584595793682256 0.2809013557203227 0.07734429734245403 0.07119997060135788
26 0.48392320337363454 0.3220553002023987 0.08208634134309048 0.07613313206674714
26 0.508614668045816 0.36394955110690985 0.08054202267663584 0.07761374491161739
26 0.5325157920512249 0.40502160843385615 0.07892497867599957 0.07284435775648745
9 0.627284494072224 0.5645813941640764 0.08208634134309048 0.07613313206674696
9 0.6527572087444055 0.6065165886461524 0.08054202267663584 0.07761374491161739
9 0.6766583327498144 0.6475886459730986 0.07736247867599957 0.07276247060135788
17 0.6041464387332697 0.5219877804146951 0.07420111600890866 0.06947369629109837
17 0.5818441773949518 0.48412261024287845 0.0726204346753633 0.0678293091359686
17 0.5540549847230883 0.4444083350281078 0.07103975334181775 0.06618492198083885
40 0.6997600254216778 0.68705725972248 0.07896134134309048 0.07596935775648746
40 0.7244423994270865 0.7281702606269912 0.08052384134309047 0.07605124491161738
34 0.7506781827657227 0.768583898686632 0.07420111600890866 0.06947369629109837
34 0.7722173754375861 0.8079706252808837 0.07892497867599957 0.07284435775648745
34 0.7961003181094496 0.8474801826078302 0.0726204346753633 0.06782930913596844