35 0.1515625 0.82734375 0.096875 0.0953125
25 0.1984375 0.79296875 0.0796875 0.0796875
5 0.2390625 0.76640625 0.08125 0.08125
0 0.2765625 0.73515625 0.0875 0.0859375
26 0.31796875 0.70859375 0.075 0.075
26 0.3578125 0.68046875 0.0796875 0.0796875
26 0.396875 0.65078125 0.08125 0.0796875
26 0.43515625 0.621875 0.078125 0.0765625
9 0.5859375 0.509375 0.0796875 0.0796875
9 0.62578125 0.48046875 0.08125 0.0796875
9 0.6640625 0.45234375 0.0765625 0.075
17 0.54765625 0.540625 0.071875 0.071875
17 0.51171875 0.5671875 0.0703125 0.0703125
17 0.4703125 0.59375 0.0703125 0.0703125
40 0.70078125 0.42421875 0.08125 0.078125
40 0.740625 0.3953125 0.0796875 0.078125
34 0.7796875 0.36796875 0.075 0.0734375
34 0.815625 0.33984375 0.075 0.075
34 0.853125 0.3109375 0.0703125 0.0703125