25 0.8922847710426496 0.45566866565638814 0.13376870636839727 0.1294355397032639
3 0.27637208392922535 0.2633662900845136 0.12193838606495558 0.11824346656500007
33 0.7367999166505028 0.4117219099568049 0.12024834030732112 0.11664459897381949
38 0.6842328971056654 0.39657034185253415 0.1336411606107628 0.127873039703264
41 0.6328297648337317 0.37671308995267305 0.12531847758022466 0.12144120174736121
28 0.48306875195685406 0.3295140476839579 0.1354587521260319 0.13103440729444457
18 0.5816976995312597 0.3630876542572217 0.1236284318225902 0.11984233415618065
18 0.37838112301890015 0.2937421614754164 0.11868584030732113 0.11660823138263901
23 0.5293857715016914 0.3448110861529509 0.12193838606495558 0.11824346656500007
23 0.32919419498933183 0.2753928581887844 0.12869856909549374 0.12463893692972228
8 0.22685031605137795 0.239566420593472 0.12713606909549374 0.12460256933854179
18 0.8365927514978122 0.4405898327344785 0.13883884364130097 0.13423214247680554
18 0.7849345277106092 0.4238575808346174 0.1286985690954939 0.12463893692972228
13 0.42978425529083386 0.3135994133752774 0.13376870636839727 0.129435539703264
13 0.17512831938535783 0.22361541869361096 0.13051616061076282 0.12780030452090285