3 0.12375895739177004 0.426321908622855 0.1375556386855446 0.14380954210278443
3 0.18114474339590622 0.4547990834877787 0.13279541335136277 0.13739585099579193
3 0.23465155140036056 0.48575641760852956 0.13281359468490822 0.13895835099579196
26 0.28737710940481487 0.516741033580446 0.13597495735199913 0.1421924784004535
26 0.34085664540895105 0.5453546177011969 0.13439427601845377 0.1405754146981227
21 0.3990055000795418 0.5722420107149552 0.12491018801718105 0.13087303248413756
21 0.4517310580839961 0.6032266266868715 0.13281359468490822 0.13895835099579196
21 0.5091168440881323 0.6317038015517953 0.13123291335136286 0.13734128729346118
32 0.5610611520925867 0.662715699374877 0.13281359468490822 0.13895835099579196
32 0.6153037567631774 0.6897395016444625 0.1343942760184536 0.1405754146981227
32 0.668801474100859 0.7199155857652134 0.13125109468490842 0.138903787293461
36 0.7207185101049951 0.7485837335882952 0.12332950668363551 0.12925596878180662
36 0.7781406587762222 0.7801859084532189 0.12491018801718105 0.13087303248413756
36 0.831602013446813 0.8072369925739699 0.1265090506842718 0.13405259618646853