36 0.3328125 0.87578125 0.11875 0.0796875
36 0.34453125 0.81328125 0.11875 0.0796875
31 0.35625 0.75234375 0.115625 0.0796875
31 0.36796875 0.6890625 0.115625 0.0828125
31 0.38046875 0.625 0.115625 0.0828125
31 0.39296875 0.5625 0.115625 0.08125
26 0.403125 0.496875 0.121875 0.0828125
21 0.41484375 0.43359375 0.11875 0.084375
11 0.428125 0.36953125 0.1203125 0.0875
11 0.4375 0.303125 0.1234375 0.0890625
11 0.45078125 0.2359375 0.1234375 0.0875
11 0.4625 0.1703125 0.121875 0.084375
6 0.478125 0.10234375 0.11875 0.0890625
1 0.490625 0.0375 0.125 0.075