0 0.1078125 0.7203125 0.0859375 0.0859375
10 0.15625 0.69140625 0.084375 0.084375
7 0.19765625 0.6609375 0.0671875 0.071875
7 0.24140625 0.63203125 0.071875 0.075
7 0.2875 0.6 0.0796875 0.08125
8 0.334375 0.56484375 0.0765625 0.078125
8 0.3796875 0.53125 0.071875 0.075
8 0.428125 0.49609375 0.0765625 0.078125
33 0.4734375 0.4609375 0.0796875 0.08125
33 0.52578125 0.4265625 0.0828125 0.084375
33 0.57734375 0.390625 0.084375 0.084375
22 0.62890625 0.3515625 0.0796875 0.0796875
22 0.68125 0.31328125 0.0796875 0.0796875
37 0.73984375 0.27421875 0.0875 0.0890625
37 0.79296875 0.23828125 0.090625 0.0921875
37 0.8484375 0.19609375 0.0859375 0.0875