5 0.9166388965116289 0.44566850178378986 0.15588665946843888 0.1491794945971538
8 0.8629724784053167 0.4705628149944392 0.14591088217054313 0.13925846302712266
8 0.8148248750738292 0.49655689662094016 0.14933627081949083 0.1441279735504665
8 0.7641833274178677 0.5200707203549332 0.14757351172019212 0.14091196828879457
13 0.7159856593115554 0.545283551981434 0.14933627081949083 0.1441279735504665
23 0.6695006855297171 0.5729311388696067 0.14268575262089378 0.137513952503779
18 0.6222845265227035 0.6013144731269434 0.14591088217054296 0.13925846302712266
41 0.5746678493170927 0.6234478073842802 0.14591088217054296 0.13925846302712266
38 0.5264201164359559 0.6478793890107809 0.15256140036914018 0.14587248407380998
33 0.4797348835548189 0.6724019758989537 0.14591088217054296 0.13925846302712266
38 0.43226840067368205 0.6968790601562904 0.14601101172019232 0.14082096302712266
33 0.3871957325673699 0.7222739023061349 0.1475735117201923 0.14091196828879457
28 0.33909819401070695 0.7490492339326358 0.1426857526208936 0.137513952503779
3 0.2923128315799207 0.7720093208208085 0.13603523442229637 0.1308999314570917
3 0.24416522824843317 0.7980034024473092 0.14434838217054297 0.13916745776545092