15 0.6019956875 0.21995508749999998 0.5579878046875 0.25146373125 0.613401109375 0.3072356625 0.660090178125 0.272308125 0.6019956875 0.21995508749999998
10 0.6502842906249999 0.1838717484375 0.6062764078125 0.21538039375 0.66527526875 0.26715264375 0.710461009375 0.23421172812500002 0.6502842906249999 0.1838717484375
25 0.698924628125 0.1499869875 0.6539852671874999 0.182331809375 0.715210634375 0.23143155 0.7600811796875 0.2000242875 0.698924628125 0.1499869875
20 0.7439583640625 0.11107990937500001 0.699019003125 0.1434247328125 0.761930353125 0.19192404999999998 0.8072303984375001 0.15625874374999998 0.7439583640625 0.11107990937500001
34 0.44118766875000004 0.3165324703125 0.3924448140625 0.3496660625 0.4396240546875 0.4130560109375 0.48934113906250004 0.3762422859375 0.44118766875000004 0.3165324703125
34 0.49460971875000004 0.282113775 0.44644517187500005 0.3165625921875 0.49482309999999996 0.376836603125 0.5469389515625 0.3398727125 0.49460971875000004 0.282113775
34 0.549670596875 0.2491971328125 0.500529246875 0.28489802656249996 0.5522340531250001 0.3409706453125 0.603917196875 0.30449325 0.549670596875 0.2491971328125
4 0.15690321875 0.654827746875 0.10039350625000001 0.6928155578124999 0.13080169218749998 0.7886886546875 0.1937810703125 0.746504921875 0.15690321875 0.654827746875
4 0.2223899390625 0.611669096875 0.1658802265625 0.649656909375 0.2000954203125 0.7406887890625 0.2619031984375 0.7006758046875 0.2223899390625 0.611669096875
39 0.29086271875 0.5772410078125 0.2343530078125 0.61522881875 0.27147763125 0.70173154375 0.332428109375 0.662389715625 0.29086271875 0.5772410078125
39 0.35391715625 0.5365890906249999 0.2992704453125 0.572653053125 0.341512571875 0.6575042265625 0.400808746875 0.6161700015625 0.35391715625 0.5365890906249999
39 0.4150979859375 0.4939658203125 0.3604512765625 0.5300297796875 0.406152375 0.612369921875 0.46654342812499994 0.571761190625 0.4150979859375 0.4939658203125
21 0.47022432968750005 0.4469214375 0.41557761875 0.4829853984375 0.4666086 0.5604920531250001 0.52251001875 0.522670459375 0.47022432968750005 0.4469214375
21 0.5302458359375 0.409427296875 0.47662297656249997 0.444048071875 0.5298061734374999 0.5229107546875 0.58529686875 0.4841044296875 0.5302458359375 0.409427296875
21 0.5831331921875 0.3659583796875 0.5308479171875 0.3994363546875 0.585882303125 0.4745001234375 0.641242203125 0.43662180624999997 0.5831331921875 0.3659583796875
16 0.6403582890624999 0.32651608125 0.588073015625 0.35999405625 0.645236625 0.43179786406250004 0.7028223296875 0.393276828125 0.6403582890624999 0.32651608125
11 0.6993780625 0.2932029203125 0.6470927890625 0.3266808953125 0.7083174234375 0.3952663515625 0.7647462296875001 0.3584798546875 0.6993780625 0.2932029203125
6 0.7445621953125 0.2460070359375 0.692867975 0.279996025 0.756967025 0.346075059375 0.8119339312499999 0.3094461703125 0.7445621953125 0.2460070359375