9 0.66640625 0.08359375 0.1140625 0.096875
9 0.6421875 0.15078125 0.109375 0.090625
9 0.61953125 0.215625 0.1125 0.096875
8 0.55625 0.40703125 0.1078125 0.0859375
8 0.53515625 0.46953125 0.1109375 0.0875
8 0.51328125 0.5296875 0.1109375 0.090625
22 0.5953125 0.28125 0.096875 0.0828125
22 0.57890625 0.34765625 0.1046875 0.0890625
12 0.49140625 0.59296875 0.103125 0.084375
12 0.47265625 0.65546875 0.1046875 0.084375
12 0.45234375 0.71484375 0.0984375 0.0765625
23 0.4328125 0.77578125 0.103125 0.084375
23 0.41015625 0.8390625 0.1140625 0.0890625
23 0.3921875 0.89609375 0.1109375 0.0859375