39 0.5054909550168519 0.08914392452641055 0.1272988190854491 0.13689370636839734
36 0.47777904547412736 0.1546572252850149 0.12886131908544912 0.1370212521260319
36 0.45867452147002236 0.21712527437662935 0.1257090480082102 0.13207866061076282
31 0.44036033782499684 0.2779670505894265 0.12257495764913048 0.13026106909549373
31 0.41891660900043154 0.3398451683174927 0.12255677693097126 0.12713606909549374
31 0.3974819705349459 0.40016078604555894 0.12098518657189175 0.12544602333785929
26 0.3799535820694602 0.46015753937953885 0.11942268657189166 0.12531847758022466
26 0.35773314842443477 0.5213181799864224 0.11941359621281204 0.12375597758022465
21 0.3386558954975685 0.5790987290780368 0.11941359621281214 0.12375597758022465
21 0.3172303473911625 0.637851846806103 0.11785109621281205 0.1236284318225902
16 0.2981394589256768 0.6979761458977174 0.12412836729005097 0.12882611485312837
16 0.2735661849215717 0.7608906051410527 0.11940450585373252 0.12219347758022465
11 0.25293552235378514 0.8172361999903016 0.11784200585373253 0.1220659318225902
6 0.23700145014507806 0.871636657566647 0.11153746369925477 0.11218074879205205