39 0.8107984032861385 0.31445391148462487 0.08243178668045417 0.10487318380210837
39 0.7613160239497295 0.33911567186474817 0.0840306493475449 0.10806185079830274
39 0.709444441279457 0.3677791827391631 0.08557496801399936 0.10656301779449713
36 0.657618311943048 0.392536443613578 0.08559314934754489 0.10812551779449713
36 0.6049836606063209 0.4196692879860901 0.0871556493475449 0.1081891847906915
36 0.553157531269912 0.44442654886050503 0.09031701201463563 0.11144151878308026
31 0.5020762892664121 0.47227697623682274 0.08559314934754472 0.10812551779449713
26 0.4502319785964577 0.4985967371112377 0.08559314934754489 0.10812551779449713
16 0.3999319865929579 0.5264153309894583 0.09029883068109026 0.10987901878308026
11 0.3457257445894581 0.5543930923581647 0.08717383068109026 0.1097516847906915
6 0.2923189339195037 0.580776520228774 0.08243178668045399 0.10487318380210837
1 0.238921213916322 0.6063786980993833 0.08561133068109025 0.10968801779449713
1 0.1870678125795949 0.6334797089737982 0.0824317866804539 0.10487318380210837
1 0.13283429857577692 0.6638012203425048 0.08877269334818112 0.11294035178688588