0 0.35068874966164426 0.9066803269604129 0.10755715060882318 0.08113344606059662
15 0.34649532830003577 0.8534252723963096 0.12028029121570664 0.10383724025173749
5 0.34301938405960997 0.8008922682471248 0.11377519970043756 0.10023864357108536
18 0.3391448270920877 0.7437309636830213 0.11039510818516848 0.09687684523075965
18 0.33651390573047923 0.6903575099487549 0.10506987939699589 0.08870914772027057
18 0.3323204843688707 0.6371024553846516 0.11039510818516848 0.09687684523075965
35 0.33015194861317576 0.5875760520653037 0.11014001666989941 0.09375184523075966
9 0.32458734588801913 0.5320956466713633 0.09881987939699588 0.08823555103961844
9 0.32442772028404504 0.47698209418185245 0.10675992515463033 0.09039004689043359
9 0.3252566387707157 0.42878139252217845 0.10038237939699587 0.08835395020978147
38 0.31806576316674173 0.3742006362984011 0.11039510818516848 0.09687684523075957
33 0.3160247731686813 0.3231117329790532 0.10857751666989941 0.09363344606059662
28 0.31020507892825555 0.27075632758511287 0.11026756242753395 0.09531434523075957
28 0.30751038468782976 0.2181641238508465 0.11377519970043756 0.10023864357108563
23 0.3039706675685867 0.1664123697016616 0.10714256242753403 0.0950775468904335
13 0.30811590469170913 0.1156311197016616 0.10025483363936125 0.08679145020978143
8 0.3012598689360142 0.06645991389280276 0.09687474212409217 0.08342965186945539