30 0.92734375 0.52109375 0.0921875 0.1140625
23 0.87109375 0.49765625 0.090625 0.109375
13 0.81796875 0.47578125 0.0875 0.10625
18 0.75859375 0.45234375 0.0859375 0.1078125
23 0.70390625 0.43515625 0.084375 0.103125
33 0.6484375 0.4125 0.0765625 0.09375
28 0.59375 0.3984375 0.0875 0.10625
3 0.5359375 0.38984375 0.0796875 0.1
8 0.4828125 0.3625 0.0765625 0.096875
13 0.43515625 0.33671875 0.0734375 0.0953125
23 0.3859375 0.315625 0.0828125 0.1015625
23 0.33203125 0.29375 0.0796875 0.096875
41 0.2796875 0.26796875 0.08125 0.0984375
38 0.23046875 0.2421875 0.0875 0.10625
33 0.17890625 0.2265625 0.078125 0.0953125