17 0.8546638506061225 0.6864799677345323 0.10203794191141143 0.11210284639736087
12 0.7873938402331602 0.6649482970431344 0.1087615385920639 0.11853470282385156
7 0.7254266364988938 0.6560984827782271 0.1056365385920639 0.11844377461060632
17 0.6612816261259316 0.6346577403000746 0.10239313942190087 0.11679034639736088
12 0.5987107711469097 0.623441443981856 0.10383724025173784 0.1152733105039836
7 0.5324704645082139 0.6089864873970807 0.10239313942190087 0.11679034639736088
32 0.47236175869935504 0.5962758872387961 0.10419243776222675 0.11996081050398359
37 0.41135340372033324 0.5851050550272002 0.09926813942190069 0.11669941818411544
40 0.34523149625180044 0.5690875984424248 0.10407403859206373 0.1183983105039836
4 0.28043529044294163 0.5562406059642724 0.10575493776222675 0.12000627461060631
4 0.21587588297440882 0.5402686134861197 0.10563653859206382 0.11844377461060632
34 0.1511388767506315 0.5266403710079671 0.09590634108157473 0.11348348997087018
34 0.08417651969701721 0.5113814323698804 0.09926813942190076 0.11669941818411544
34 0.03393314034733967 0.4938242078384166 0.06786628069467934 0.11821645407749273