36 0.2772293430615728 0.8458909262506724 0.13529925546001173 0.15394409084927715
36 0.33021095078769935 0.8193009291006641 0.13880689273291544 0.15885011213660044
26 0.3854087627561914 0.7913123229161483 0.1389344384905499 0.16041261213660044
26 0.4413240518458662 0.7625970970534632 0.14231453000581898 0.16375613342392406
26 0.4957406138143582 0.7345538605471167 0.1455670757634536 0.1655371547112475
11 0.5508108800252156 0.7050027543626008 0.14543953000581916 0.16397465471124734
11 0.6050998962360732 0.6753970178562542 0.14231453000581898 0.16375613342392406
11 0.6595164582045652 0.6473537813499075 0.1489471672787225 0.16888067599857096
6 0.7177754972942398 0.6188024464527151 0.14387703000581914 0.16386539406758588
6 0.7720007406262802 0.5884154599463685 0.14725712152108805 0.16720891535490914
6 0.8296060754735894 0.5613719947273454 0.14725712152108805 0.16720891535490914
1 0.8877375688056297 0.531258159830153 0.14231453000581878 0.16375613342392406
1 0.9367021943250148 0.5025429339674681 0.1265956113499705 0.16052187278026225
1 0.9659273731880781 0.47362561231182754 0.06814525362384387 0.15510239926336594