25 0.6600853683536798 0.8500963800922683 0.09720361474138901 0.082359061346272
14 0.6400826460890966 0.802975932089405 0.08924564437666671 0.076018154678545
14 0.6176452548465619 0.7597344620862233 0.08761040919430556 0.07287497334499946
14 0.5961164001731591 0.7110333327498143 0.0892820119678472 0.077580654678545
14 0.5744602589306245 0.6678009534134054 0.08444904160312508 0.07127611067790855
28 0.5536399190748605 0.6222339147437692 0.09233427678548622 0.07449201734563574
28 0.5296582116279163 0.5781930134070421 0.08444904160312508 0.07127611067790855
28 0.5081111731589232 0.5302731340706331 0.0908081443766667 0.07603633601209037
3 0.48567378191638844 0.4870316640674514 0.08761040919430556 0.07287497334499946
3 0.46243695687826347 0.44456235339749706 0.08764677678548623 0.07443747334499946
3 0.4384370656357288 0.40130270206076996 0.08601154160312507 0.07129429201145392
3 0.4161087771667358 0.35337373205758826 0.08132404160312508 0.07123974801081764
18 0.39457992249333307 0.30467260272117935 0.08924564437666671 0.07601815467854482
18 0.3721607150463887 0.2606498827179976 0.08924564437666671 0.07601815467854492
18 0.3513040075994443 0.21664534404836142 0.08448540919430556 0.07283861067790856
23 0.32646831497013873 0.17572035204486158 0.08924564437666671 0.07601815467854492
23 0.3056479751143749 0.13015331337522534 0.09244337955902786 0.07917951734563582