14 0.221875 0.419388502415896 0.059375 0.06422173879011232
14 0.28046875 0.4192930365046009 0.059375 0.06578423879011233
14 0.340625 0.41985127483567125 0.05625 0.062404147274843426
4 0.62734375 0.4253528783097341 0.0546875 0.05915160151720862
4 0.6828125 0.42316875391370806 0.053125 0.057461555759574165
4 0.73984375 0.42398208376004753 0.0515625 0.06358401000193972
17 0.1015625 0.4174907757537552 0.06875 0.07436201333591956
17 0.16328125 0.418702718327191 0.0640625 0.06929187606301604
2 0.40078125 0.4211907631667417 0.0609375 0.07059928454774678
2 0.45625 0.4221316387707157 0.0578125 0.06409419303247788
2 0.5140625 0.4267874457382378 0.0609375 0.06591178454774678
2 0.56875 0.4231045942210291 0.059375 0.07359673879011233
7 0.79140625 0.4260230737581079 0.05 0.06501896424430509
7 0.84765625 0.42611892648326466 0.05 0.06345646424430526
7 0.9 0.4280961436025077 0.053125 0.06996155575957416
35 0.95625 0.42506699632766437 0.0625 0.07697683030538141