6 0.15481143486244178 0.31934838217054295 0.10215634108157472 0.11694527297895921
6 0.2124705695104577 0.35180923118309393 0.10227474025173774 0.1185077729789592
11 0.2677267545733922 0.3833386358711708 0.10227474025173766 0.11850777297895929
11 0.3231605383915711 0.41721179055924773 0.1039556394219007 0.12017040252860856
11 0.379138773869424 0.44801001002214935 0.11056083693238979 0.12525842072720578
38 0.43379130768760304 0.4818330999354016 0.10719903859206373 0.12193316162790709
38 0.4915096419207005 0.5150751989479525 0.10551813942190087 0.12027053207825791
38 0.5468250265687165 0.5473858536360293 0.10899833693238978 0.12515829117755645
8 0.6037621108018139 0.5805778878737555 0.1071990385920639 0.12193316162790709
8 0.6591366950349113 0.6136697925618325 0.11067923610255281 0.1268209207272058
8 0.7168550292680088 0.6469118915743834 0.11067923610255281 0.1268209207272058
2 0.7753546135011062 0.680204055361759 0.11224173610255299 0.12692105027685513
2 0.8339133973192852 0.7142774691491345 0.10696224025173748 0.11880816162790726
2 0.8909096811374642 0.7482507533868608 0.10575493776222658 0.12339553207825774