20 0.69765625 0.94609375 0.09375 0.0734375
32 0.6875 0.88359375 0.0953125 0.0609375
32 0.6734375 0.8234375 0.096875 0.0671875
32 0.66171875 0.76171875 0.09375 0.0640625
15 0.653125 0.7046875 0.090625 0.0671875
29 0.640625 0.64375 0.08125 0.059375
29 0.6234375 0.58515625 0.0796875 0.0609375
29 0.6140625 0.5328125 0.075 0.053125
17 0.60078125 0.47421875 0.0796875 0.0625
17 0.59453125 0.41640625 0.0765625 0.0609375
17 0.58828125 0.36171875 0.08125 0.05625
22 0.58359375 0.29921875 0.0859375 0.065625
22 0.57109375 0.24453125 0.0765625 0.0578125
34 0.55859375 0.1953125 0.0828125 0.0578125
34 0.55625 0.13125 0.0765625 0.0578125