20 0.7072341798477757 0.0830043120868292 0.10136618182494192 0.0747392387172289
40 0.7027350222431215 0.12579120566033847 0.11676568874502422 0.10796091567683304
40 0.6857822855889942 0.18850415432755493 0.11501218775644109 0.10322795157021036
40 0.6686067144481868 0.24574835299477144 0.11175985376405233 0.10001202335696498
2 0.6593073103035737 0.3047823721951013 0.10681768577927464 0.093625631037097
2 0.6453204061589606 0.3636799990755632 0.11013368676785795 0.09840405925034226
2 0.6327368345238614 0.41871684006264775 0.10362901878308044 0.09197220282385157
37 0.6201532628887623 0.4737536810497322 0.10512785178688588 0.09045516693047428
32 0.6052577747517605 0.5295035758768828 0.10525518577927465 0.09358016693047429
27 0.5923877016337865 0.5775091668639674 0.10356535178688589 0.09040970282385175
7 0.5823707144853678 0.6380829540109858 0.09706068380210837 0.08397784639736088
7 0.5669658903788107 0.6813328488381363 0.10512785178688588 0.09045516693047428
27 0.5537602362341977 0.7402532077719095 0.10525518577927465 0.09358016693047429
22 0.5438878291238349 0.7852247269722394 0.10044035178688589 0.0903187746106063
17 0.5339026754735136 0.8465797641192581 0.10206651878308044 0.09192673871722903