10 0.31328125 0.76875 0.090625 0.090625
15 0.346875 0.73671875 0.0875 0.0859375
30 0.27890625 0.79765625 0.084375 0.0828125
20 0.246875 0.82578125 0.08125 0.0796875
27 0.3796875 0.71015625 0.078125 0.0765625
27 0.4109375 0.6796875 0.0828125 0.08125
27 0.4421875 0.64765625 0.0828125 0.08125
34 0.47265625 0.615625 0.078125 0.075
34 0.50625 0.58515625 0.075 0.0734375
34 0.5359375 0.553125 0.0734375 0.071875
34 0.56953125 0.525 0.078125 0.0765625
24 0.60234375 0.4921875 0.08125 0.0796875
24 0.6375 0.46015625 0.0890625 0.0875
24 0.671875 0.428125 0.078125 0.0765625
32 0.70390625 0.39296875 0.0890625 0.0875
32 0.7390625 0.3609375 0.0921875 0.090625
40 0.7765625 0.3296875 0.0953125 0.0921875
40 0.8109375 0.2953125 0.096875 0.0953125
40 0.84921875 0.2640625 0.0953125 0.09375