8 0.8619919816532355 0.13613017752350673 0.12247496369925485 0.10951219810012063
8 0.8310555990414825 0.19167417062610176 0.12875223477649378 0.11452724672063966
8 0.7930743308911098 0.24524290592678072 0.12247496369925467 0.10951219810012063
38 0.7613657886384363 0.30239034260694064 0.1240556444174139 0.11271908525525039
38 0.7257328156676035 0.3566174971749249 0.12090337334017516 0.10786781094499087
38 0.6916714330558502 0.41232526458777946 0.12247496369925485 0.10951219810012063
35 0.6591725504440971 0.46795114484550415 0.12405564441741408 0.11271908525525057
38 0.624329917832344 0.5236998558359236 0.11934996369925485 0.10934842378986112
28 0.593388990041051 0.5784625989385187 0.12247496369925485 0.10951219810012063
33 0.5569611315315987 0.6303869470840678 0.11620678298109546 0.1060596494796016
23 0.5260292940993854 0.6867121901866629 0.11935905405833439 0.11091092378986112
18 0.4919315500513136 0.7361699575995174 0.12092155405833438 0.11099281094499087
19 0.4570889174395605 0.7919186685899369 0.11620678298109546 0.1060596494796016
19 0.4245673089301082 0.8436382988476616 0.1067863311856975 0.09775582654882306
4 0.1514662640625 0.3237920734375 0.2154368125 0.30967761562499996 0.17468692187499998 0.23030986250000002 0.11309195000000001 0.24201688125 0.1514662640625 0.3237920734375
9 0.1422277875 0.36970289375 0.0815341953125 0.33949939375 0.056008015625 0.411281509375 0.1193427453125 0.43999725312500004 0.1422277875 0.36970289375
9 0.083238440625 0.33689135625 0.14335851718749998 0.3254416078125 0.10702339375 0.247430315625 0.050272170312499996 0.2631564203125 0.083238440625 0.33689135625