17 0.596875 0.23515625 0.090625 0.0796875
22 0.6296875 0.17890625 0.0890625 0.0765625
27 0.6609375 0.121875 0.09375 0.078125
29 0.259375 0.88125 0.0921875 0.0859375
29 0.2921875 0.8203125 0.0890625 0.0828125
29 0.32421875 0.7625 0.0921875 0.0796875
24 0.35234375 0.7015625 0.10625 0.0953125
24 0.38671875 0.64453125 0.103125 0.0890625
14 0.41796875 0.58671875 0.0984375 0.090625
14 0.44375 0.5265625 0.0875 0.0765625
14 0.475 0.4703125 0.0953125 0.0828125
4 0.50546875 0.409375 0.0953125 0.0796875
4 0.5375 0.34921875 0.1 0.084375
4 0.565625 0.2953125 0.1078125 0.0921875