25 0.18070770374030568 0.7155819099013885 0.08492951190385671 0.09678527110331832
14 0.22193214655871332 0.6850546586835724 0.07707156010845857 0.08883640340856669
14 0.2631838604543598 0.6592149074657565 0.07392837939029935 0.08565685633066593
14 0.30597080327276743 0.6287149297868908 0.07863406010845857 0.08886367694751698
14 0.34644126716841395 0.6028615417995996 0.07235678903121974 0.08406708279171564
28 0.3876838907049808 0.5754592905817837 0.07708065046753818 0.09039890340856668
28 0.4304935594210876 0.548865562902918 0.07235678903121964 0.08406708279171564
28 0.473285047419035 0.5191468352240524 0.07708065046753827 0.09039890340856668
3 0.5145413064942213 0.49408833400623636 0.07392837939029935 0.08565685633066593
3 0.5558021107489474 0.4698110827884204 0.07706246974937905 0.0872739034085667
3 0.5986208698241338 0.44477985510955464 0.07392837939029935 0.08565685633066593
3 0.6421936078220811 0.4150747642001642 0.0739011083130606 0.08096935633066593
18 0.6849805506404888 0.3845747865212986 0.07707156010845857 0.08883640340856669
18 0.7262322645361353 0.3587350353034826 0.07707156010845857 0.08883640340856669
18 0.7666936380727022 0.3313191473161914 0.07391928903121983 0.08409435633066593
23 0.8095260326865079 0.3086316696373258 0.07863406010845857 0.08886367694751698
23 0.8499874062230749 0.2812157816500346 0.08021474082661798 0.09201595048646735