0 0.7550402315738891 0.103125 0.1112682736099071 0.1109375
31 0.7169250769084725 0.11015625 0.1549006964186109 0.1453125
31 0.6596108629122226 0.13125 0.1533381964186109 0.1453125
31 0.5991716489159724 0.15234375 0.14993979434509228 0.1421875
21 0.5389374864748614 0.17109375 0.14993979434509228 0.1421875
16 0.47764867196023186 0.19296875 0.15659989745537004 0.146875
11 0.4187719579639819 0.2140625 0.15150229434509227 0.1421875
19 0.3622389939677319 0.23515625 0.14993979434509228 0.1421875
19 0.3003739810082412 0.2546875 0.14810389227157383 0.1390625
19 0.24136056597523198 0.27734375 0.1448421912348145 0.1375
21 0.18554050146060241 0.29921875 0.1447054901980553 0.1359375
21 0.12381218953787099 0.3171875 0.1447054901980553 0.1359375
26 0.06665681006113452 0.33671875 0.13331362012226905 0.13125
21 0.038068053581389164 0.35703125 0.07613610716277833 0.1328125
16 0.007423646324074373 0.378125 0.014847292648148746 0.13125