16 0.7869887449116174 0.08879634810626784 0.1263721494796016 0.11702496268299925
11 0.7339423100404797 0.10457534209894999 0.12710913387576941 0.13108746268299926
6 0.6837718916776855 0.13053785809195034 0.12554663387576942 0.13106928134945378
1 0.6343417797373264 0.15572821475172335 0.12233974672063966 0.12947041868236292
1 0.5857338613745322 0.18170891207826914 0.12233974672063966 0.12947041868236292
39 0.5353996687014785 0.20454642807126944 0.12390224672063965 0.12948860001590834
39 0.4858876696059896 0.22817428473104248 0.12233974672063966 0.1294704186823629
39 0.43637567051050075 0.2518021413908155 0.12061347241038015 0.12632723734881743
39 0.387644921415012 0.27543908871736134 0.11403592378986112 0.12000451201463572
36 0.338955115897088 0.29985728604390705 0.11568031094499087 0.12158519334818116
31 0.29417156037916403 0.32432093670431644 0.11395403663473136 0.11844201201463571
21 0.24770267412854544 0.3464226560311804 0.11403592378986112 0.12000451201463562
26 0.20037065072279708 0.36695278469127157 0.11724281094499087 0.12160337468172662
31 0.1499545708946136 0.3882278006842719 0.11551653663473135 0.11846019334818117
30 0.10262254748886523 0.4087579293443631 0.1092665366347314 0.11838746801399935