35 0.672658404052776 0.03749805922469581 0.12031680810555194 0.06786927693097133
30 0.6337243366415992 0.05679750506816557 0.12057367328319835 0.1069226865718917
10 0.5995334272121398 0.09408842680933435 0.12108309553293921 0.1178601865718917
38 0.5649251408182095 0.13918730337096336 0.12108309553293921 0.1178601865718917
38 0.529280893299409 0.17881288475305251 0.12101032092583353 0.1162976865718917
38 0.49452705769126715 0.2207867613146815 0.12101032092583353 0.11629768657189174
28 0.45973683477957233 0.2619793878763105 0.11944782092583353 0.11628859621281204
28 0.4264363372607717 0.3016186047970191 0.11944782092583353 0.11628859621281204
28 0.39239097704552395 0.34203452653818783 0.12101032092583344 0.11629768657189174
28 0.35834561683027627 0.38245044827935665 0.12101032092583353 0.11629768657189166
41 0.3266803939185815 0.4236612555591449 0.11944782092583353 0.11628859621281222
41 0.2918537837033338 0.4640726321207739 0.11944782092583343 0.11628859621281204
19 0.2577356488809802 0.5029260538619427 0.12101032092583344 0.11629768657189174
19 0.22287265136217957 0.5425561804235717 0.1210830955329393 0.11786018657189175
19 0.18875451653982603 0.5814096021647405 0.11944782092583343 0.11628859621281222
24 0.15865179362813125 0.6226294998036084 0.11781254631872762 0.11471700585373235
24 0.12211713419867183 0.6599067860061576 0.12101032092583344 0.11629768657189174
24 0.10593136207276532 0.698083496876742 0.07645980024766903 0.09885565651766229