39 0.10481939158360865 0.5911525342440246 0.13799825262089366 0.13346102084968264
36 0.16216032464931568 0.5481550405122309 0.13799825262089366 0.13346102084968248
36 0.2189505451919514 0.513751296780437 0.13457286397194573 0.12868259263643722
31 0.27417826573458715 0.4793930171552658 0.13134773442229636 0.1270291644231918
31 0.33028736582687224 0.4434495054767833 0.12958497532299776 0.12385870031656906
31 0.3832714659191573 0.40759692201154624 0.12802247532299776 0.12381323620994636
26 0.4383990569121437 0.374801142386375 0.1279223457733485 0.12225073620994653
26 0.49299572177925344 0.33812184481451524 0.12792234577334832 0.12225073620994645
21 0.5450483775470645 0.3046357434025894 0.12792234577334832 0.12225073620994645
21 0.5972512276393496 0.2688058919906636 0.12625971622369914 0.12064277210332382
16 0.6516976981819853 0.23447034441880382 0.13134773442229636 0.1270291644231918
16 0.7080070573735691 0.19540183274032133 0.12625971622369914 0.12064277210332378
11 0.7577660279162048 0.16120267748832956 0.12469721622369896 0.1205973079967011
6 0.8072746745847171 0.13090977223633776 0.1162839389258032 0.11099498746358769