21 0.77890625 0.58671875 0.0828125 0.14375
21 0.69453125 0.58671875 0.08125 0.1453125
16 0.60859375 0.5875 0.08125 0.1453125
11 0.52421875 0.5875 0.084375 0.1453125
11 0.353125 0.5890625 0.0875 0.1453125
11 0.690625 0.44140625 0.08125 0.14375
11 0.43984375 0.440625 0.0828125 0.1421875
6 0.43984375 0.58828125 0.0828125 0.146875
6 0.265625 0.5890625 0.0890625 0.1453125
6 0.6078125 0.43984375 0.08125 0.1390625
6 0.35390625 0.440625 0.0859375 0.1453125
1 0.17734375 0.58984375 0.0859375 0.1453125
1 0.5234375 0.440625 0.0796875 0.140625
1 0.2671875 0.43984375 0.0796875 0.1421875