20 0.04140625 0.60859375 0.059375 0.08125
40 0.10546875 0.609375 0.05625 0.078125
40 0.17109375 0.60625 0.05 0.08125
40 0.23203125 0.60234375 0.046875 0.0796875
2 0.2921875 0.60625 0.04375 0.078125
2 0.35390625 0.60546875 0.046875 0.078125
2 0.4125 0.60546875 0.0453125 0.0734375
37 0.46953125 0.60625 0.040625 0.078125
32 0.528125 0.60390625 0.0453125 0.075
27 0.578125 0.6015625 0.040625 0.0765625
7 0.640625 0.60546875 0.0390625 0.0703125
7 0.68671875 0.60078125 0.0390625 0.078125
27 0.7484375 0.60078125 0.046875 0.0734375
22 0.79609375 0.6015625 0.04375 0.071875
17 0.85859375 0.6046875 0.046875 0.0703125