4 0.7645330335029552 0.9352301118076245 0.1398330955329392 0.12658391535490948
4 0.7550167923942954 0.8702935266583305 0.13485449710451575 0.12000613342392405
4 0.7448284631962944 0.8029585611872058 0.14459337014004525 0.12847419728589457
32 0.7352758347840815 0.7388032260379119 0.14622864474715094 0.13014595792955622
32 0.7217805690683159 0.6751559892794636 0.13976032092583351 0.12502141535490913
32 0.7145353033525501 0.6119457950956624 0.1413955955329392 0.12669317599857094
32 0.7017121257261256 0.550696938659045 0.13314644789030422 0.11677187278026224
27 0.6976646346174658 0.4861427657625672 0.14125004631872748 0.12356817599857095
27 0.6887840942945942 0.42438581093510425 0.13151117328319833 0.11510011213660061
27 0.6758881420610638 0.36469945449848684 0.1380522717116218 0.12178715471124742
17 0.6688248128630627 0.2975830103146856 0.13009422249741007 0.1181158514929388
17 0.6605799733259795 0.23900568580905346 0.13009422249741007 0.1181158514929388
37 0.6476476337888963 0.18010057937243612 0.13321922249741008 0.11833437278026229
37 0.6387307061624717 0.11912487454497309 0.12994867328319834 0.11499085149293879