8 0.5308808370931468 0.9187243227409212 0.14955738229073817 0.10245800050420328
8 0.5104403049606933 0.888840080786693 0.1591884465556454 0.165504303722512
8 0.4945365086424746 0.8265421765796486 0.151148626022532 0.15714550050420328
38 0.47247364053750135 0.7678063149472513 0.15436455423577744 0.16048902179152655
38 0.4542715583259055 0.7072348017056994 0.14949519780928675 0.15391123986054128
38 0.43452970816762093 0.6475537991078093 0.151148626022532 0.15714550050420312
35 0.4132480900626477 0.588763307153581 0.15436455423577744 0.16048902179152655
38 0.3942647578510518 0.5282464242338601 0.14949519780928666 0.15391123986054148
28 0.3730286038527012 0.47101843227963186 0.151148626022532 0.15714550050420312
33 0.3579742536944167 0.41100964775075655 0.14471676959604132 0.1504584579295562
23 0.33517559969606614 0.35389091644019 0.14954066191590928 0.1554737398605414
18 0.32021217775102695 0.2970071319113147 0.151148626022532 0.15714550050420312
19 0.3004248634861197 0.2357636293134247 0.14471676959604132 0.15045845792955612
19 0.28314042359439184 0.17982498575004202 0.13502352084968247 0.13886539406758577
4 0.8670622187499999 0.28603649999999997 0.8347838624999999 0.3437910296875 0.9233707499999999 0.3607014859375 0.95590033125 0.3062362828125 0.8670622187499999 0.28603649999999997
9 0.837947478125 0.25103194218749997 0.9021349921875 0.2227310734375 0.8640877734375 0.1594821375 0.799264340625 0.1907175375 0.837947478125 0.25103194218749997
9 0.902993434375 0.2256262375 0.8712605234374999 0.2788012796875 0.9558255828125001 0.2982811234375 0.98199411875 0.24509684843750001 0.902993434375 0.2256262375