20 0.6009374735063122 0.21456053747622295 0.1478968413771451 0.12293269780928666
1 0.6319964674310443 0.46728237219510127 0.1447718413771451 0.12284176959604132
1 0.5915872330401409 0.5271060015828456 0.1431002139724832 0.1196713054894186
26 0.5520683760538994 0.5838273630239013 0.13674108656782166 0.11636444906292791
31 0.5109870190676576 0.6405032603583343 0.13512402286549072 0.1147564849563052
36 0.4706596302302506 0.6979831397460785 0.13992065027015244 0.11801787727617316
36 0.558129925413078 0.27587847070403326 0.13830358656782166 0.11640991316955063
36 0.515994499915182 0.34034413598515484 0.14315477767481433 0.1212338054894186
36 0.4731596699707824 0.40244331921296517 0.1366865228654909 0.11480194906292791
4 0.4325867444728864 0.46695444860070945 0.13027283175849824 0.10993259263643722
4 0.3937127282308176 0.5276047920950765 0.13027283175849816 0.10993259263643722
4 0.3541120256910796 0.5866699035361321 0.13506945916315996 0.1131939849563052
21 0.30815219574667996 0.6486781585506971 0.13506945916315996 0.1131939849563052
21 0.26612589765344574 0.7100188238318188 0.13835815027015244 0.11797241316955046
21 0.2247990040067152 0.7737259711662517 0.14159227767481414 0.12118834138279588