9 0.8370695203125 0.7522509687500001 0.7990871453125 0.714774984375 0.76864346875 0.7883091484375 0.8108973359375 0.82664664375 0.8370695203125 0.7522509687500001
9 0.7986458546875 0.7146044500000001 0.760452878125 0.67688135 0.7254524671875 0.7467467359375 0.76736543125 0.786217240625 0.7986458546875 0.7146044500000001
23 0.7588499718749999 0.67606184375 0.7186756390625 0.6381173296875 0.6820262140625 0.70661538125 0.725566203125 0.7447594890625 0.7588499718749999 0.67606184375
23 0.7198375625 0.635275425 0.6809651140625 0.5986484812499999 0.6400812484375 0.663162615625 0.6826495984375 0.701831125 0.7198375625 0.635275425
23 0.6789852609375 0.5994776359375 0.6371447921875 0.560139965625 0.596463315625 0.62277780625 0.638829278125 0.6633226109375 0.6789852609375 0.5994776359375
33 0.6414391890625 0.5518847328125001 0.6008144953125 0.514380584375 0.554674359375 0.572097084375 0.599678775 0.614105934375 0.6414391890625 0.5518847328125001
33 0.6047537296875001 0.5073331171875 0.5658138109374999 0.46882009843750005 0.5164648109375001 0.5232890671875 0.5592992140625 0.5661427375 0.6047537296875001 0.5073331171875
33 0.5620284 0.4699370328125 0.523088478125 0.4314240171875 0.4723476875 0.48389406562500004 0.513896928125 0.52455941875 0.5620284 0.4699370328125
34 0.5212192078125 0.43098050624999995 0.480498678125 0.38945921875 0.4264666984375 0.4398385921875 0.470228521875 0.4830107734375 0.5212192078125 0.43098050624999995
34 0.47926128281249997 0.389018128125 0.43854075468750003 0.3474968421875 0.38258345625 0.39592769687499996 0.42554129375 0.4386089828125 0.47926128281249997 0.389018128125
34 0.43683187500000004 0.3474407578125 0.39564121874999997 0.305889634375 0.3343797 0.3528724953125 0.3781221703125 0.3959358953125 0.43683187500000004 0.3474407578125
19 0.397994678125 0.301548171875 0.3571712640625 0.26001195 0.29468245312499997 0.3022870359375 0.3389910953125 0.346891784375 0.397994678125 0.301548171875
19 0.3652434875 0.254441825 0.32177409218749997 0.2128779796875 0.25612666093750003 0.25018105468749996 0.3007462875 0.2955337515625 0.3652434875 0.254441825
19 0.3170782359375 0.21437738281250002 0.2736254359375 0.17130135 0.20396579531249998 0.207848171875 0.25013886093750004 0.25185521093749996 0.3170782359375 0.21437738281250002