34 0.7782710137658023 0.7108995803626742 0.0881313527754692 0.09366027110331832
34 0.7186068536896901 0.6807132483817375 0.09938718775644109 0.1016636858759707
19 0.660664361104064 0.6465933928618505 0.0960075197716634 0.09535913879807012
19 0.5994377010279518 0.616434334419864 0.09769735376405216 0.0985114123370204
19 0.543743457948034 0.5846173185915514 0.0960075197716634 0.09535913879807012
38 0.4911105478719218 0.5543082556853381 0.09626218775644091 0.10160913879807013
38 0.4369788047920041 0.5224639663180752 0.09613485376405215 0.09848413879807012
38 0.3828152282139891 0.4914009269508123 0.09938718775644109 0.1016636858759707
27 0.33168115114168256 0.46262709050564865 0.08969385277546901 0.09368754464226861
27 0.2797021570731816 0.4354293908299603 0.09444501977166349 0.09533186525911966
27 0.22541124650277783 0.4074913514626973 0.09932352076024671 0.1001011858759707
29 0.1719970864266657 0.3771959253259592 0.08462435079830274 0.08423072402541773
29 0.12017725984865069 0.3460919756502707 0.08794035178688593 0.08897277110331832
29 0.06985626627444133 0.31652325243563195 0.09769735376405227 0.0985114123370204