11 0.64453125 0.04375 0.0765625 0.0765625
21 0.609375 0.1125 0.0734375 0.0703125
36 0.58515625 0.1671875 0.078125 0.08125
1 0.55703125 0.23046875 0.0765625 0.084375
16 0.528125 0.29609375 0.0796875 0.08125
31 0.4984375 0.3609375 0.071875 0.071875
11 0.471875 0.42421875 0.071875 0.075
36 0.4453125 0.4890625 0.0734375 0.071875
39 0.41796875 0.55234375 0.08125 0.078125
31 0.38828125 0.6171875 0.078125 0.071875
26 0.3609375 0.68359375 0.078125 0.06875
26 0.3328125 0.75 0.0734375 0.0734375
39 0.29765625 0.8203125 0.0765625 0.075
36 0.275 0.88046875 0.078125 0.08125