41 0.22754971082502826 0.23258998386994953 0.16413925046142533 0.17900691149637407
41 0.3081977359634559 0.2877548269216895 0.16746450956072395 0.1822774607105858
41 0.38806451110188345 0.3428832826698765 0.1691271391103733 0.18391273531769156
41 0.469493786240311 0.39808451302516934 0.17078976866002266 0.18554800992479753
38 0.550872996603914 0.4525044933804622 0.17587778685861988 0.19201633374611493
33 0.6308399012919909 0.5091954491286492 0.172452398209672 0.1871832845319034
28 0.7138316764304184 0.564469454091048 0.17421515730897053 0.19038105913900907
23 0.7961423311184954 0.6212695717498937 0.17587778685861988 0.1920163337461151
18 0.8800154858065724 0.6781424640158453 0.17910291640826942 0.19372438296032685
28 0.31005703192137435 0.4747817919755014 0.16756463911037328 0.18383996071058578
23 0.39148630705980203 0.5299830223307943 0.1691271391103733 0.18391273531769164
18 0.4714031469730543 0.5858927280789812 0.1691271391103733 0.18391273531769164
8 0.5505387368863065 0.6417660465236154 0.17078976866002266 0.18554800992479734
8 0.6320180767995588 0.6977485268789083 0.17411502775932136 0.18881855913900908