34 0.43166817506703936 0.9015105381527423 0.18367514951546743 0.17175008928453722
34 0.4444138295261853 0.8419855336885153 0.17876912822814398 0.16854326866768615
34 0.45648749462899296 0.7809116659937636 0.18367514951546743 0.17175008928453755
40 0.46845189908813883 0.721400298299012 0.18534691015912905 0.17333986282348768
36 0.4797989445127774 0.6595588173737355 0.18378441015912905 0.17331258928453738
31 0.4982318702592468 0.5968133555231824 0.18378441015912905 0.17331258928453738
36 0.5088522960057162 0.534204261367381 0.18200338887180562 0.1701603157455871
36 0.521652580786693 0.4738980069031541 0.18378441015912905 0.17331258928453738
21 0.5360699958895007 0.412783228899977 0.18200338887180578 0.1701603157455871
16 0.5482529216359702 0.3501468612052252 0.18712793144645268 0.17649213636243805
11 0.5628342277042704 0.286688333202048 0.18879969209011432 0.17808190990138845
16 0.5743997944162323 0.2217218522767715 0.18869043144645267 0.17651940990138842
11 0.5890357308063635 0.15748207427359429 0.19047145273377614 0.17967168344033874
6 0.6036716671964946 0.09324229627041707 0.19036219209011432 0.17810918344033877