39 0.52890625 0.8375 0.1046875 0.0703125
39 0.51640625 0.78515625 0.1046875 0.071875
39 0.50703125 0.72890625 0.1078125 0.0734375
36 0.4953125 0.675 0.109375 0.0734375
36 0.48359375 0.61953125 0.109375 0.075
36 0.47109375 0.565625 0.1109375 0.0765625
31 0.4609375 0.5109375 0.1078125 0.0734375
26 0.45 0.45546875 0.109375 0.0734375
16 0.440625 0.40078125 0.1078125 0.0765625
11 0.42890625 0.34296875 0.1109375 0.075
6 0.41640625 0.2875 0.1046875 0.0703125
1 0.40390625 0.23125 0.109375 0.0734375
1 0.39296875 0.1765625 0.1015625 0.06875
1 0.38359375 0.11796875 0.1125 0.075