5 0.45960942971152774 0.07719035649299773 0.15312761284152784 0.13873955423577738
41 0.48239165985989574 0.13820441284034618 0.14037303970326392 0.12743834138279597
41 0.4942363900082637 0.1995367179340534 0.13873780452090295 0.12426787727617325
41 0.5242680757037151 0.25097118580159977 0.1371389369297223 0.12265991316955054
33 0.5487764600123957 0.3049085280423255 0.12914459897381966 0.11462009263643722
28 0.5654177929343052 0.3614169408161647 0.13390483415618065 0.1178814849563052
23 0.5899989124253469 0.41222928305689044 0.13074346656500016 0.11622805674305994
13 0.6129266129384371 0.4669933394042388 0.127545731382639 0.1130121285298145
8 0.6264429458603468 0.5235926803913233 0.127545731382639 0.1130121285298145
3 0.6517871315557981 0.5751635405787379 0.1211502610179167 0.10658027210332363
34 0.6715898320688882 0.6300185251393317 0.11795252583555574 0.10336434389007838
34 0.6977516353555202 0.6800041532734348 0.12587412860909736 0.10827916442319178
9 0.7207338872553813 0.7324244596207832 0.11475479065319458 0.10014841567683312
9 0.7381201025861104 0.7904726403413109 0.11471842306201392 0.09858591567683313
9 0.7579955382815617 0.8422026249019048 0.10839568787965277 0.09527905925034226