39 0.1046875 0.7640625 0.0984375 0.0984375
40 0.13515625 0.71328125 0.1046875 0.103125
9 0.17578125 0.6671875 0.0953125 0.09375
4 0.21015625 0.61796875 0.0953125 0.0953125
24 0.253125 0.5734375 0.10625 0.1046875
29 0.32421875 0.5515625 0.090625 0.090625
29 0.32890625 0.47890625 0.0921875 0.090625
19 0.36015625 0.42578125 0.09375 0.09375
19 0.39375 0.37578125 0.09375 0.0921875
3 0.43359375 0.32421875 0.096875 0.096875
3 0.47109375 0.27421875 0.1078125 0.1078125
3 0.51171875 0.22265625 0.1 0.1
41 0.54765625 0.17109375 0.10625 0.1046875
41 0.58828125 0.11875 0.1015625 0.1015625
41 0.62265625 0.0625 0.1125 0.1109375
10 0.66640625 0.0328125 0.109375 0.065625