31 0.6219668023544035 0.2318429665374661 0.2148512176006804 0.21487973010335973
26 0.5552356593406451 0.29406116672203625 0.2148512176006804 0.21487973010335973
11 0.5226860872856118 0.5279145350129186 0.21323415389834963 0.2132171005537103
36 0.6903695727728236 0.17264963680324666 0.21156252649368773 0.20999197100406106
36 0.4885590800292177 0.3578418669066064 0.2148512176006804 0.21487973010335965
31 0.42021087331312845 0.41859769664082586 0.2148512176006804 0.21487973010335965
26 0.3526439165970393 0.47930346160022064 0.21964784500534212 0.21830511875230768
26 0.285131523583281 0.5415717265596154 0.22126490870767296 0.21996774830195703
21 0.21764641242068805 0.6046212415190102 0.21964784500534212 0.21830511875230768
16 0.151778364960426 0.6691331269287557 0.2148512176006804 0.21487973010335965
6 0.6569841870154594 0.4049905698689537 0.21646828130301116 0.216542359653009
6 0.5894990758528664 0.46804008482834847 0.21323415389834963 0.2132171005537103
6 0.45590038056952265 0.5885702351974886 0.2148512176006804 0.21487973010335965
1 0.38922380125809514 0.6523509353820589 0.21646828130301135 0.216542359653009