0 0.8504455066260632 0.8076293355496256 0.09965764342931002 0.0960075197716634
10 0.8073673326596549 0.7676927436485714 0.09955751387966068 0.09444501977166339
7 0.7729329734680712 0.7288875702265865 0.08595608883351816 0.07674818380210838
7 0.7345923642764876 0.6899232293141154 0.09094397748246603 0.0816266847906915
7 0.6952702459856053 0.6478020549035473 0.09759449568106326 0.0881313527754692
8 0.6557979333702488 0.6033371304929791 0.09426923658176474 0.08487901878308043
8 0.6187194355297171 0.5597489565767024 0.0893814774824662 0.08156301779449712
8 0.5769033729143608 0.5151885316718425 0.09270673658176473 0.08481535178688589
33 0.5388934307493551 0.4692247742574688 0.09613212523071261 0.08963018577927465
33 0.4939023033591742 0.42375576536022025 0.09945738433001132 0.09288251977166358
33 0.4503735464193438 0.37678792345916606 0.10112001387966067 0.09450868676785795
22 0.40742578038021493 0.32672691505620904 0.09456962523071262 0.08956651878308027
22 0.36218432911591064 0.2773516561589605 0.0945696252307127 0.08956651878308027
37 0.31210518352713235 0.2254416462731288 0.10288277297895929 0.09769735376405234
37 0.2661826118124774 0.177597053877783 0.1077705320782579 0.10101335475263547
37 0.2224535957733484 0.12750421197672884 0.09759449568106335 0.0881313527754691