14 0.528125 0.21640625 0.053125 0.053125
14 0.53046875 0.275 0.0546875 0.053125
14 0.5328125 0.33515625 0.0515625 0.05
4 0.5390625 0.6234375 0.0484375 0.0484375
4 0.54296875 0.67890625 0.0484375 0.046875
4 0.54453125 0.7359375 0.0546875 0.0453125
17 0.525 0.0953125 0.0625 0.0609375
17 0.5265625 0.1578125 0.0578125 0.0578125
2 0.53359375 0.39609375 0.059375 0.0546875
2 0.53515625 0.4515625 0.053125 0.0515625
2 0.5328125 0.51015625 0.0546875 0.0546875
2 0.53828125 0.56484375 0.0625 0.0515625
7 0.54453125 0.78828125 0.05625 0.04375
7 0.546875 0.84453125 0.0546875 0.04375
7 0.546875 0.896875 0.0609375 0.0453125
35 0.55234375 0.953125 0.065625 0.0546875