19 0.5139190158556027 0.04540646774440828 0.16632222099021768 0.07319355913900918
19 0.508579797496221 0.11032299235151413 0.16614021046687383 0.07006855913900915
19 0.5039763265060033 0.17598437965506702 0.169265210466874 0.07021410835322088
14 0.4963388607774576 0.2402288161728317 0.17082771046687384 0.07028688296032674
14 0.4918263950489116 0.3043277034763846 0.16466871572854594 0.0715582845319033
14 0.48492467668953 0.36931700269059636 0.16301521046687384 0.06992300992479743
9 0.47967646359182003 0.43267102729770224 0.16319722099021766 0.07304800992479735
9 0.4736470004941101 0.496061439208361 0.1629242052052021 0.06836050992479734
9 0.46766304002723624 0.5586706011190199 0.161452710466874 0.06985023531769166
4 0.46319607692952636 0.6219882384225727 0.16274219468185844 0.06523550992479735
4 0.45877461646265233 0.6845246257261256 0.16274219468185827 0.06523550992479751
24 0.4511826533649425 0.7479878122438903 0.15621917889684286 0.06025691149637406
24 0.4467156902672326 0.8113054495474433 0.15952618942018654 0.06352746071058561
24 0.43765223243119455 0.8732789106723136 0.15327618942018653 0.06323636228216216