39 0.6779363697302696 0.6832543254296319 0.19198210049533806 0.199002216024817
36 0.6000125769261987 0.6612424180855869 0.18707627667402046 0.19426017202418072
31 0.5190729460327865 0.6368503980744512 0.18878432588823202 0.19740335335772627
31 0.4396594278358215 0.6132578093968608 0.18871155128112632 0.19584085335772627
26 0.3601731350317506 0.5912277207192703 0.19041960049533807 0.19898403469127146
21 0.28146809222767966 0.5692067227084526 0.18878432588823219 0.1974033533577261
26 0.19889318672716164 0.5463590213637713 0.1936901497095497 0.20214539735836254
21 0.1162818939230907 0.52429257001909 0.18871155128112632 0.1958408533577261
16 0.06408596298689732 0.5000732726766359 0.12817192597379465 0.19702154535327185
11 0.5772022772977021 0.5132407227482235 0.18707627667402046 0.19426017202418072
11 0.4993512591007371 0.4896663154041786 0.18714905128112633 0.19582267202418074
11 0.42139107899311334 0.4684356580601336 0.1854410020669146 0.1926794906906352
1 0.34197756079614816 0.4448430693825432 0.19198210049533806 0.199002216024817
1 0.2632725179920773 0.42282207137172556 0.18878432588823219 0.1974033533577261