9 0.636483820558387 0.8236953501931836 0.1457579275949012 0.08163692431676957
9 0.6274542542034125 0.7646477324071689 0.14732042759490122 0.0816914880191005
9 0.6199690071302787 0.7086705509188231 0.14731133723582168 0.08012898801910033
4 0.6116979648776051 0.6535019012816428 0.1457488372358217 0.08007442431676956
4 0.6026547629840111 0.596798033495628 0.1457488372358217 0.08007442431676956
2 0.5936024707313375 0.5416566657096131 0.1441863372358217 0.0800198606144388
2 0.5845410881195845 0.48807779792359823 0.14106133723582168 0.07991073320977708
2 0.5762655006873711 0.43369039828641787 0.14106133723582168 0.07991073320977708
41 0.5695615036142373 0.3776859349469067 0.1441863372358217 0.0800198606144387
41 0.5597097806434045 0.3256968490120573 0.1457488372358217 0.08007442431676956
41 0.5529876028521115 0.2728173856725462 0.14105224687674198 0.07834823320977709
1 0.5454750847017389 0.22152770418420048 0.14106133723582168 0.07991073320977708
1 0.5356188165513662 0.17031986824935103 0.13635565651766246 0.07662204210278448
1 0.5265619791191529 0.11595975046333615 0.13792724687674215 0.07823910580511532
15 0.5174824157892404 0.0655058826773213 0.13948065651766228 0.07673116950744618
20 0.5052778524593281 0.025200863524845612 0.13944429508134384 0.050401727049691224