39 0.5525618494519784 0.9508122983427084 0.15479921561506949 0.0983754033145832
36 0.5547796193036104 0.9152734110698049 0.17551175911805572 0.16945317786039027
31 0.5476587567464228 0.8517040871425191 0.16751742116215276 0.1618298045516262
31 0.5412645928024646 0.7901288583543463 0.16751742116215276 0.1618298045516262
26 0.5325266788585064 0.7283623109297219 0.17231402393569456 0.1668999418245299
21 0.5277677500969092 0.6637896278991837 0.18190722948277802 0.17704021637033698
16 0.5238446227220829 0.5969369677474629 0.17711062670923622 0.17197007909743345
11 0.5167964953472566 0.529829216080473 0.18346972948277784 0.1771677621279716
6 0.5105296179724302 0.46278523729230026 0.1786731267092362 0.1720976248550679
11 0.5066246743931941 0.39515132714057943 0.1786731267092362 0.1720976248550679
6 0.501157230813958 0.32738987123122393 0.18027199430041668 0.17378767061270253
1 0.4957443386214929 0.25728466532186856 0.16907992116215292 0.16195735030926076
1 0.4935291816113888 0.18430955092778226 0.16751742116215293 0.1618298045516262
1 0.47946798803215274 0.11584659335143688 0.17543902393569458 0.16715503333979886