13 0.625 0.60390625 0.0875 0.103125
13 0.4703125 0.51953125 0.0859375 0.103125
8 0.57265625 0.575 0.0828125 0.1015625
8 0.4171875 0.49140625 0.0890625 0.10625
3 0.52109375 0.54765625 0.0890625 0.10625
3 0.3640625 0.4640625 0.090625 0.109375
41 0.78203125 0.6875 0.09375 0.109375
41 0.31171875 0.43359375 0.0875 0.1046875
38 0.73125 0.65859375 0.0859375 0.103125
38 0.259375 0.40625 0.0828125 0.1046875
33 0.8875 0.74375 0.08125 0.0984375
33 0.8375 0.71640625 0.0765625 0.0953125
33 0.678125 0.63046875 0.0859375 0.103125
33 0.2078125 0.37734375 0.0921875 0.109375
10 0.15546875 0.34921875 0.0859375 0.10625