5 0.2140625 0.22265625 0.1125 0.115625
9 0.26484375 0.2625 0.1 0.1015625
9 0.31171875 0.2984375 0.103125 0.10625
34 0.359375 0.33828125 0.103125 0.10625
34 0.40625 0.3765625 0.103125 0.10625
4 0.4578125 0.4140625 0.10625 0.1109375
4 0.50390625 0.4515625 0.10625 0.109375
24 0.553125 0.4890625 0.1109375 0.115625
24 0.59921875 0.5265625 0.109375 0.1125
29 0.65078125 0.56171875 0.096875 0.0984375
29 0.69921875 0.6046875 0.0984375 0.0984375
13 0.7484375 0.64375 0.109375 0.1125
13 0.79921875 0.68203125 0.109375 0.1125
2 0.84921875 0.7203125 0.1046875 0.10625
2 0.89609375 0.759375 0.1046875 0.10625