25 0.2920188636096636 0.08349905771642822 0.10390873920022684 0.0754779742462448
41 0.301959348000567 0.14379882892825555 0.11021330290255768 0.07755065727678297
38 0.3180679868379741 0.20124466710954475 0.10692461179556503 0.07260806576151388
33 0.33266868937771205 0.2603805510484684 0.10697917549789597 0.07417056576151389
41 0.34726939191745 0.3195164349873922 0.10854167549789598 0.07429811151914834
38 0.36337803075485703 0.37696227316868136 0.10541667549789598 0.07404302000387944
33 0.3747991695922642 0.4347907486228742 0.10207342068857254 0.06753792848861018
23 0.3886459039831675 0.4947716554406151 0.10676092068857254 0.06792056576151388
18 0.40076644726707833 0.5501926080159907 0.11166667549789597 0.07455320303441741
13 0.41226943165798174 0.6103648334701834 0.10519842068857255 0.06779302000387943
29 0.42678828864422347 0.6671569674091071 0.10379961179556503 0.0723529742462448
29 0.4389906774816305 0.7249216699844826 0.10525298439090332 0.06935552000387943
29 0.44968513002136845 0.7843764183174927 0.10369048439090331 0.0692279742462448
8 0.4642858325611064 0.8435123022564165 0.10051092068857255 0.06741038273097573
8 0.4772149076961826 0.8996507319529747 0.09738592068857237 0.06715529121570682