34 0.2607532499256379 0.7991495199917528 0.13841519566510652 0.14136444906292792
34 0.297883176807664 0.7517349623907631 0.14173119665368966 0.14614287727617317
29 0.33423185368969016 0.704297672736462 0.1449835306460784 0.1493588054894186
29 0.37292428057171634 0.656928579242095 0.1449835306460784 0.1493588054894186
29 0.41011787444993686 0.6079515216411053 0.14660969764227277 0.15096676959604133
24 0.44809271832815745 0.558997196093427 0.14667336463846717 0.15252926959604132
24 0.4852226452101835 0.5115826384924373 0.14823586463846716 0.15257473370266403
24 0.5224799060845984 0.4610430808914477 0.14986203163466155 0.15418269780928656
37 0.5596416664647218 0.412847273290458 0.14823586463846716 0.15257473370266403
37 0.5992426773391367 0.3623759118494023 0.14986203163466155 0.15418269780928676
37 0.6404380217116488 0.31116876451496933 0.1465460306460784 0.1494042695960413
36 0.6785401995822581 0.25908943896729103 0.1515518656270503 0.15735316191590928
36 0.719703710456673 0.20866354163285808 0.14335736364988402 0.14775084138279587
36 0.7577740548291851 0.1573654660851797 0.14992569863085592 0.15574519780928667