25 0.91875 0.6546875 0.0546875 0.0953125
41 0.85703125 0.65546875 0.0546875 0.1015625
38 0.796875 0.65 0.0515625 0.0984375
33 0.7359375 0.64609375 0.053125 0.0984375
41 0.675 0.6421875 0.0515625 0.1
38 0.61484375 0.6359375 0.053125 0.096875
33 0.55546875 0.63515625 0.046875 0.09375
23 0.49296875 0.63203125 0.046875 0.0984375
18 0.4359375 0.6296875 0.0515625 0.103125
13 0.37421875 0.62890625 0.046875 0.096875
29 0.315625 0.62421875 0.0515625 0.0953125
29 0.25625 0.62265625 0.0484375 0.096875
29 0.1953125 0.62265625 0.0484375 0.0953125
8 0.134375 0.61875 0.046875 0.0921875
8 0.07578125 0.615625 0.046875 0.0890625