19 0.5526248796875 0.7745876890625001 0.578680403125 0.723980740625 0.49579918125000005 0.7030173875 0.473504875 0.7499807984375 0.5526248796875 0.7745876890625001
19 0.1694160015625 0.835286284375 0.19369134062499999 0.7987174484375 0.1335164875 0.7682650718749999 0.1112221609375 0.80507396875 0.1694160015625 0.835286284375
19 0.3836261265625 0.6665566234375 0.376325196875 0.6143634687499999 0.29785896093750003 0.625941428125 0.305608728125 0.6789491015625 0.3836261265625 0.6665566234375
4 0.1049315171875 0.653748875 0.080304646875 0.6081897046875 0.025017462499999997 0.6408945203124999 0.05213309687499999 0.6841916 0.1049315171875 0.653748875
9 0.1524727984375 0.8596430296875001 0.149202253125 0.8970456640625001 0.20769394375 0.9068442687499999 0.216784865625 0.8659111703125 0.1524727984375 0.8596430296875001
9 0.69268705 0.8834094265625 0.71265583125 0.8182784515625 0.647138446875 0.813100515625 0.630831378125 0.87569655625 0.69268705 0.8834094265625
29 0.45434185156250007 0.7488502687499999 0.4293673078125 0.7928551390624999 0.5031275859375001 0.8217817078125 0.5324276453125 0.7752133578125 0.45434185156250007 0.7488502687499999
3 0.47978640781250004 0.9685228453124999 0.526593315625 0.9410578453125 0.47802958125000006 0.8914368140625 0.4345792828125 0.9217754890625001 0.47978640781250004 0.9685228453124999
31 0.7097041984375 0.8084393203125 0.757174228125 0.7416140312499999 0.69158575 0.7206921671875001 0.6453283671875 0.7890485671875 0.7097041984375 0.8084393203125
1 0.2141204375 0.9085605578125 0.260086175 0.9176084203125001 0.27193055625 0.8614498749999999 0.223212371875 0.8536450062500001 0.2141204375 0.9085605578125
36 0.3708883578125 0.93672703125 0.4182208171875 0.9124494734375 0.380006303125 0.8589709624999999 0.33534660625 0.8831959250000001 0.3708883578125 0.93672703125
2 0.0115688328125 0.74873199375 0.0517863671875 0.7758454140625 0.0857063796875 0.728227890625 0.039898803125 0.7036167437499999 0.0115688328125 0.74873199375
2 0.45264221875 1 0.450232359375 0.9874827312500001 0.39982255 0.9912831734375 0.40153996249999996 1 0.45264221875 1
2 0.32597824375 0.9489388171875 0.334519596875 0.9081853875 0.2691983390625 0.8993692984375 0.2644966609375 0.937974671875 0.32597824375 0.9489388171875
7 0.5943746609375 0.8380562828125001 0.6396938 0.8076181359374999 0.584730828125 0.7557985640625 0.5403650484375 0.78813029375 0.5943746609375 0.8380562828125001
12 0.0957293984375 0.4703553625 0.10217286562500001 0.41201679843749994 0.0316718546875 0.4013886796875 0.0262794078125 0.45897442499999996 0.0957293984375 0.4703553625
17 0.4441072015625 0.7181453984374999 0.4644650203125 0.6436960843749999 0.402900725 0.6395563875 0.3851483234375 0.7094365265625 0.4441072015625 0.7181453984374999
17 0.31284284375000004 1 0.3213415859375 0.9662668359375 0.271141125 0.9574604656249999 0.26238996875 1 0.31284284375000004 1
22 0.1461479046875 0.8825393671875 0.1473230734375 0.840576690625 0.08754970625 0.8309592765625 0.0870632953125 0.8669715484375 0.1461479046875 0.8825393671875
22 0.22473486406249998 0.7950119328125 0.2457096671875 0.7562512046875 0.1824236890625 0.72994940625 0.1653334375 0.76871520625 0.22473486406249998 0.7950119328125
27 0.1596776140625 0.7116342453125 0.1584268203125 0.665367171875 0.0896285828125 0.6706667859375 0.0942986015625 0.7139432109375 0.1596776140625 0.7116342453125
27 0.33858201875 0.8745159640625 0.383578153125 0.8534709218750001 0.34868516562499996 0.800717496875 0.3086216734375 0.8188416187499999 0.33858201875 0.8745159640625
32 0.19596086562499998 0.9609807703125 0.243274790625 0.9718438953125 0.253675 0.91775506875 0.20543822500000003 0.907333025 0.19596086562499998 0.9609807703125
32 0.25431710937499996 0.854840084375 0.300738240625 0.8571549718749999 0.302254203125 0.7966671046875 0.2527252921875 0.79726886875 0.25431710937499996 0.854840084375
37 0.5039829453125 0.8517687875 0.46367797343749995 0.8201428249999999 0.41406754218749997 0.8631312718749999 0.45170243125000004 0.8941779406249999 0.5039829453125 0.8517687875
37 0.402176225 0.8550115625 0.44229100624999995 0.8311032546874999 0.40058606875 0.777345859375 0.3621219765625 0.801731984375 0.402176225 0.8550115625
37 0.1897285796875 0.6521723046875 0.19786145625 0.6015838078125 0.1231822265625 0.5930710828125 0.1196514921875 0.6434774953125 0.1897285796875 0.6521723046875
40 0.393898040625 1 0.3329239578125 0.9754189546875001 0.3200316828125 1 0.393898040625 1
40 0.1599569 0.5832919875 0.1486980390625 0.51079835625 0.0974724890625 0.51740018125 0.11049883125 0.5884770140625 0.1599569 0.5832919875
8 0.33164555625 0.5571572625 0.3394661546875 0.49854468281250003 0.25859141874999997 0.494175553125 0.254005925 0.548018346875 0.33164555625 0.5571572625
13 0 0.7356371921875 0.025989709374999996 0.72071564375 0.0004492359375 0.6804182890625 0 0.680679859375 0 0.7356371921875
18 0.5256885984374999 0.9282981109374999 0.566643625 0.9038540812500001 0.5191304859375 0.8559765484374999 0.47776245 0.881791584375 0.5256885984374999 0.9282981109374999
18 0.1871488203125 0.554300446875 0.2432902125 0.5586186546875 0.24709634375 0.4816786875 0.1909344765625 0.48063572343749994 0.1871488203125 0.554300446875
18 0.0318582390625 0.6077053140625 0.09381323750000001 0.6038105453125 0.0885022484375 0.55321149375 0.0228779640625 0.558859340625 0.0318582390625 0.6077053140625
18 0.286527621875 0.6404709859375 0.3149051890625 0.5706955359375 0.261049953125 0.5573391437499999 0.23809305468750003 0.6231141828125 0.286527621875 0.6404709859375
23 0.21444970468750002 0.8620397875 0.24349468124999998 0.8160734265625 0.2003879203125 0.792627384375 0.1714319859375 0.8408829375 0.21444970468750002 0.8620397875
28 0.3173285453125 0.72505388125 0.28736717968750003 0.6843180703125 0.2302544109375 0.718766484375 0.256538659375 0.7586245375 0.3173285453125 0.72505388125
28 0.0588904859375 0.812812565625 0.1020741328125 0.8268414203125 0.12003289375 0.7749420671875 0.072136853125 0.7610883187499999 0.0588904859375 0.812812565625
28 0.38845919375000004 0.633392628125 0.44479086562500003 0.6324813296875 0.45495319062500006 0.5562364421875 0.39421506562499997 0.5590335875 0.38845919375000004 0.633392628125
33 0.1280735078125 0.5071041609375 0.1793527109375 0.5017754703125 0.1733823921875 0.4216473265625 0.11813209218750001 0.43030733125 0.1280735078125 0.5071041609375
33 0.41883788437499997 0.9859558249999999 0.46567243437499994 0.9649371890625 0.4264483765625 0.9139355390624999 0.3810965140625 0.937215740625 0.41883788437499997 0.9859558249999999
33 0.562024496875 0.8888226671874999 0.6085453046875 0.8605715546875 0.557783528125 0.81083114375 0.514244446875 0.8416403875 0.562024496875 0.8888226671874999
38 0.25827843281249996 0.6961418125 0.27497318125 0.645989690625 0.20752568437500002 0.62692545625 0.1911975890625 0.6753237828125 0.25827843281249996 0.6961418125
38 0.4154122546875 0.769030671875 0.4115228109375 0.7211213890625 0.33768846875 0.7320826406250001 0.343601603125 0.7775165234375 0.4154122546875 0.769030671875
41 0.15964516875 0.7629476093750001 0.15461771875000002 0.7161138484375 0.093889140625 0.7216884234375 0.0993120296875 0.7634011625 0.15964516875 0.7629476093750001
41 0.6043869203125001 0.759497390625 0.6703125453125 0.7465705828125 0.6525185625 0.67470690625 0.590115634375 0.6911687343749999 0.6043869203125001 0.759497390625
41 0.5490303171875001 0.70889459375 0.60461080625 0.6754056953124999 0.5549933203124999 0.616194675 0.5011755484375 0.6538221875 0.5490303171875001 0.70889459375
39 0.9615136984375001 0.6144626640624999 0.8893870406250001 0.6770496890625 0.9471385046874999 0.7150628218749999 0.9549357359374999 0.708531909375 0.9615136984375001 0.6144626640624999
39 0.8894354625 0.6753772046875001 0.9617234390625 0.6114632375 0.9630180359375 0.592949628125 0.9148018734375001 0.5613652578125 0.8320314124999999 0.6389546375 0.8894354625 0.6753772046875001
21 0.9101153312499999 0.5616005640624999 0.8499618515625 0.5254767578124999 0.7702688265625001 0.6018251265625 0.8276728765625 0.6382476953125 0.9101153312499999 0.5616005640624999
21 0.8476020609375 0.5235264578125001 0.7861540375 0.485949740625 0.710918934375 0.5651271078125 0.765213734375 0.600613415625 0.8476020609375 0.5235264578125001
21 0.7845193671875 0.48381926562500005 0.725927815625 0.44668637499999997 0.65334436875 0.52864174375 0.7076391703125 0.5641280515625 0.7845193671875 0.48381926562500005
11 0.7209841015625 0.44782533124999996 0.664383615625 0.40998572187500004 0.5932019046875 0.49357032500000003 0.6474967078125 0.5290566328125 0.7209841015625 0.44782533124999996
11 0.6634791625 0.4074079140625 0.6060037078125 0.3703527953125 0.5387973328125 0.453510003125 0.5930921328125 0.48899631250000003 0.6634791625 0.4074079140625
11 0.6028615453125 0.3694721359375 0.5468669234375 0.3322300046875 0.483430171875 0.41502301406250003 0.5362532203125 0.453328334375 0.6028615453125 0.3694721359375
34 0.5430321359375 0.33023650312499997 0.4891386375 0.293019440625 0.42666821875 0.38082194375 0.47876161249999993 0.415623884375 0.5430321359375 0.33023650312499997
34 0.48458012968749997 0.294374753125 0.4275902625 0.2578328796875 0.371249878125 0.3430669125 0.42334327343749995 0.37786885312499996 0.48458012968749997 0.294374753125
34 0.42609080468749994 0.2544320328125 0.3700811796875 0.2178828734375 0.31449554375 0.30762228125 0.3676495515625 0.3405565421875 0.42609080468749994 0.2544320328125
16 0.3656759859375 0.21510271875 0.3109675125 0.177855721875 0.25766678125000003 0.2697116828125 0.3108207890625 0.30264594375 0.3656759859375 0.21510271875
16 0.30986037187500004 0.17066314375 0.2511752984375 0.13295425 0.20295039843749998 0.229194871875 0.2561044078125 0.2621291328125 0.30986037187500004 0.17066314375
16 0.24800520312500002 0.1313363140625 0.191254803125 0.0980612578125 0.1450857484375 0.19366875781249998 0.1999734890625 0.22367777812499998 0.24800520312500002 0.1313363140625