33 0.815730205897008 0.7311665676064043 0.09547079117755644 0.10362901878308044
33 0.7672321491417478 0.7097664114846248 0.09889617982650449 0.1084438527754692
33 0.7180529719361369 0.6868355888609425 0.09889617982650449 0.1084438527754692
26 0.6695549151808768 0.6654354327391632 0.10055880937615384 0.11007001977166339
26 0.6228196175249152 0.6408466096211892 0.1055466980251019 0.11494852076024671
24 0.5766152459948304 0.6201322030051182 0.10730945712440043 0.11813718775644091
24 0.5313423187892194 0.5970422128909499 0.10564682757475126 0.1165110207602467
24 0.48377570635843326 0.5732664732710733 0.1055466980251019 0.11494852076024671
29 0.44006527915282245 0.5501128161607106 0.11043445712440043 0.11826452174882984
29 0.39396103717238695 0.5278359095446395 0.10877182757475108 0.11663835475263547
29 0.3486380451919514 0.5055271694304713 0.10867169802510182 0.11507585475263546
6 0.3048274884366912 0.4839360123201086 0.11043445712440043 0.11826452174882966
6 0.25794199645625565 0.4616909392021348 0.10877182757475108 0.11663835475263547
6 0.21345031925064487 0.43856911558986933 0.10877182757475108 0.11663835475263547
6 0.16968982727020934 0.4161967084795067 0.10544656847545246 0.1133860207602467
35 0.12368571483942312 0.39235730186343565 0.11023419802510181 0.11513952174882984
10 0.07665002853451361 0.37245597874546177 0.09567105027685519 0.10675401878308036