5 0.684375 0.1328125 0.1265625 0.0796875
41 0.67265625 0.19765625 0.1171875 0.071875
41 0.65078125 0.25703125 0.1171875 0.06875
41 0.65 0.31796875 0.1171875 0.0671875
33 0.6421875 0.378125 0.109375 0.0625
28 0.62734375 0.4359375 0.115625 0.0625
23 0.621875 0.49296875 0.1109375 0.0640625
13 0.61328125 0.553125 0.1109375 0.059375
8 0.59609375 0.609375 0.1109375 0.059375
3 0.590625 0.66796875 0.103125 0.0578125
34 0.57890625 0.72578125 0.1015625 0.0546875
34 0.575 0.78359375 0.1109375 0.0546875
9 0.5671875 0.84140625 0.1 0.0515625
9 0.55234375 0.90078125 0.1015625 0.0484375
9 0.5421875 0.95703125 0.0953125 0.0484375