20 0.825 0.5984375 0.0859375 0.1359375
1 0.59609375 0.70234375 0.0875 0.13125
1 0.52578125 0.68125 0.084375 0.13125
26 0.45859375 0.66015625 0.0828125 0.125
31 0.3921875 0.63828125 0.08125 0.125
36 0.325 0.6171875 0.084375 0.128125
36 0.7515625 0.575 0.08125 0.128125
36 0.67734375 0.55390625 0.0859375 0.13125
36 0.60390625 0.53203125 0.08125 0.1265625
4 0.5296875 0.5125 0.078125 0.11875
4 0.459375 0.49296875 0.078125 0.11875
4 0.38984375 0.4734375 0.0796875 0.121875
21 0.31640625 0.4484375 0.0796875 0.121875
21 0.24453125 0.42578125 0.0828125 0.1265625
21 0.1703125 0.40546875 0.0875 0.1296875