14 0.7123201618794146 0.9362511503193165 0.13121473201781733 0.127497699361367
14 0.6878292392186871 0.8973964794777902 0.12807155068427178 0.13927783278320477
4 0.6625570665579594 0.8516928931701002 0.13279541335136286 0.14275803029369385
4 0.6388837565643228 0.8029827060325735 0.12647268801718106 0.13603443361304174
4 0.6151831745703681 0.7566162688950466 0.12647268801718106 0.1360344336130419
36 0.5883575925764133 0.7100130334171937 0.12963405068427197 0.13939623195336798
36 0.5670280325827767 0.6614804450349113 0.13279541335136286 0.14275803029369402
36 0.5402024505888218 0.6148772095570584 0.13437609468490824 0.1444389294638569
1 0.5149484592616396 0.5676111232493686 0.12963405068427178 0.13939623195336798
1 0.48813196793445746 0.5202266377715156 0.1359567760184536 0.1461198286340201
1 0.4652308172740482 0.47235690021907023 0.13437609468490824 0.14443892946385706
6 0.4392228479471843 0.4226878643262988 0.13437609468490824 0.14443892946385706
6 0.41318760662000215 0.3753625784335274 0.13437609468490824 0.14443892946385706
6 0.38717963729313826 0.325693542540756 0.13593859468490824 0.1445573286340201
10 0.3588460992998197 0.27428440789274006 0.13121473201781733 0.14107713112353099
30 0.33363756130650124 0.22311207158505014 0.13437609468490824 0.14443892946385706
20 0.3091830013128646 0.17434268486244178 0.12963405068427197 0.13939623195336798