36 0.91328125 0.6903383592756218 0.15 0.15142453163466155
36 0.865625 0.646990265891693 0.1546875 0.1563030326232447
26 0.81484375 0.6019523385153752 0.1546875 0.15786553262324468
26 0.7625 0.5568507441428631 0.1578125 0.16111786661563343
26 0.71171875 0.5133753167665454 0.1609375 0.1628077006080222
11 0.66015625 0.46908680589213037 0.1609375 0.1628077006080222
11 0.60859375 0.4263607950177155 0.1578125 0.16111786661563343
11 0.5578125 0.3821041176413978 0.1640625 0.16606003460041113
6 0.50546875 0.3354400232688856 0.159375 0.1627440336118279
6 0.453125 0.29190092889637353 0.1625 0.16599636760421674
6 0.40234375 0.24451925152005582 0.1625 0.16599636760421674
1 0.3484375 0.1985727401513493 0.1578125 0.16111786661563351
1 0.296875 0.15350297927693438 0.15625 0.15792919961943913
1 0.2484375 0.11324805239490825 0.146875 0.14660969764227277