25 0.0984375 0.3828125 0.0578125 0.090625
35 0.15859375 0.38515625 0.053125 0.0828125
22 0.584375 0.5125 0.0546875 0.084375
22 0.52109375 0.50859375 0.053125 0.0796875
22 0.4578125 0.50859375 0.0484375 0.0859375
13 0.39296875 0.5078125 0.0546875 0.084375
13 0.3296875 0.50703125 0.0515625 0.084375
13 0.26796875 0.50546875 0.053125 0.0828125
40 0.20859375 0.503125 0.0546875 0.0828125
40 0.146875 0.50390625 0.0609375 0.084375
26 0.92578125 0.38515625 0.0625 0.0828125
26 0.86015625 0.38515625 0.0625 0.08125
26 0.796875 0.3875 0.0546875 0.08125
26 0.73359375 0.38671875 0.0578125 0.0796875
18 0.67109375 0.3890625 0.0546875 0.084375
18 0.609375 0.38515625 0.05 0.075
18 0.55 0.3875 0.0515625 0.08125