34 0.89140625 0.48359375 0.05625 0.1
34 0.82890625 0.484375 0.059375 0.1015625
9 0.76796875 0.48125 0.05625 0.103125
9 0.7046875 0.4828125 0.0609375 0.1046875
19 0.6421875 0.48203125 0.0578125 0.1046875
19 0.58046875 0.48203125 0.059375 0.103125
29 0.51796875 0.48125 0.059375 0.103125
29 0.45546875 0.4796875 0.059375 0.1015625
40 0.3921875 0.48046875 0.0625 0.1046875
40 0.32734375 0.4796875 0.0640625 0.1078125
32 0.2625 0.47890625 0.0640625 0.1078125
32 0.19765625 0.478125 0.0640625 0.103125
27 0.13203125 0.47578125 0.059375 0.10625
27 0.065625 0.4765625 0.059375 0.1078125