12 0.31878143515657004 0.13974788717321698 0.15028652667183912 0.13992734496658027
12 0.34594958409840326 0.20497346671852174 0.14183629788366642 0.1319784772718286
27 0.3723364830402365 0.2701854094943513 0.1501589809142045 0.13836484496658025
27 0.39931331334561787 0.3330672390396561 0.15522911818710822 0.14313416558343128
27 0.42570021228745114 0.3982791818154857 0.1636793469752808 0.151083033278183
24 0.4561209069869189 0.4651218084386911 0.16198930121764638 0.1494932597392326
24 0.48341660168638667 0.5319098879839959 0.15522911818710802 0.14313416558343128
24 0.5091497963858543 0.5986706939903502 0.16198930121764638 0.1494932597392328
29 0.542440399570053 0.6624428676914563 0.1452163893989354 0.13515802434972918
29 0.5683649129059726 0.7315474236978108 0.14014625212603207 0.13038870373287814
29 0.5980043576054404 0.7983764135515411 0.15184902667183914 0.1399546185055307
14 0.6267987794260909 0.8644105166357962 0.1367661606107628 0.12720915665497756
14 0.6566295427620104 0.9335832564895264 0.14001870636839725 0.12882620373287815
14 0.6817569595816911 0.9679586619299834 0.1403696506088231 0.06408267614003335