32 0.5033826702743468 0.7855474526223698 0.10114765394280312 0.09444501977166357
32 0.5029679531551037 0.7330127016337865 0.1145404742462448 0.1058918557412186
32 0.5003370317934952 0.6788199501509118 0.11441292848861018 0.10432935574121878
27 0.4985511333107039 0.6238777821661342 0.10934279121570664 0.09945085475263546
27 0.4965101433126435 0.5720606141813567 0.10765274545807202 0.09782468775644108
27 0.49277910755694865 0.5217422792003846 0.10596269970043756 0.09619852076024671
17 0.4852693675588884 0.4697022767289267 0.10596269970043756 0.09619852076024671
17 0.48960592331846253 0.41657727672892675 0.10596269970043756 0.09619852076024671
20 0.5012440224197754 0.13956910775556602 0.12142820303441759 0.1139590237259962
30 0.5027748293872975 0.1976362757403436 0.12311824879205205 0.11558519072219058
34 0.4904982278700888 0.2520054407593716 0.09400483363936125 0.08325285178688588
34 0.4963179221105145 0.30554427623463515 0.10076501666989941 0.08975751977166349
34 0.4984226849873922 0.3565801942194128 0.09751247091226496 0.08806768577927464
29 0.5060135916359553 0.8397402041052444 0.11466802000387943 0.10745435574121878
29 0.5124232172399292 0.8956546230786053 0.11635806576151389 0.10908052273741298
29 0.506269069965086 0.9490250556078035 0.11779302000387944 0.10194988878439304