20 0.37867843598822787 0.11105023056478505 0.10096361067790856 0.08922079117755652
10 0.4000625399825008 0.15463954425987553 0.09936474801081766 0.08599566162790725
30 0.4151511906429102 0.20173458975636877 0.09309656667727229 0.08403264342930994
37 0.4325926819700923 0.2481985795773359 0.08829997867599956 0.07435725478036197
37 0.4515694012969562 0.29710644894795246 0.09147952267663584 0.07924501387966068
37 0.46901089262413825 0.3435704387689197 0.09147952267663584 0.07924501387966068
7 0.48799670261777495 0.39169705813953615 0.08989884134309048 0.07758238433001133
7 0.5054472846117297 0.4373797979605033 0.09147952267663584 0.07924501387966068
7 0.5259955946053665 0.4856065468807692 0.08829997867599956 0.07435725478036197
9 0.5410842452657758 0.5327015923772624 0.08677384134309048 0.07738212523071261
9 0.5577353959261853 0.5798967674234049 0.08363066000954511 0.0756193661314141
9 0.5759490465865946 0.6271920720191968 0.08361247867599957 0.0740568661314139
4 0.5941536065802312 0.6752686266149887 0.08989884134309048 0.07758238433001133
4 0.6115769165738679 0.7232951164359559 0.08993520401018137 0.08070738433001132
4 0.6297542045671864 0.7737154210317477 0.08839088534372692 0.08216975478036197
19 0.6472047865611412 0.819398160852715 0.08052384134309029 0.07698160703211557
19 0.6661269618873689 0.8729935302233315 0.08050566000954493 0.07541910703211556