35 0.021875 0.5611606406068835 0.04375 0.1066962812137671
30 0.05625 0.5850603972748433 0.078125 0.1063772878817268
10 0.1078125 0.6064569072767829 0.0796875 0.10962983363936125
38 0.16171875 0.6272634859151743 0.0796875 0.10962983363936125
38 0.2125 0.6501587230382968 0.0796875 0.10806733363936125
38 0.26328125 0.6714914601614191 0.078125 0.1063772878817268
28 0.3140625 0.6943866972845416 0.0765625 0.10624974212409236
28 0.36328125 0.7155918886500295 0.0765625 0.10624974212409236
28 0.41328125 0.7376421028943346 0.078125 0.1063772878817268
28 0.46328125 0.7581298171386397 0.078125 0.1079397878817268
41 0.51328125 0.7778362813829449 0.0765625 0.10624974212409218
41 0.56328125 0.79988649562725 0.078125 0.1063772878817268
19 0.61171875 0.8218091641139207 0.0796875 0.10806733363936125
19 0.66015625 0.8445130826005911 0.078125 0.1079397878817268
19 0.70859375 0.8656545010872618 0.0765625 0.10624974212409236
24 0.75859375 0.8845797153315669 0.0765625 0.104687242124092
24 0.80625 0.9080011109394203 0.078125 0.1063772878817268
24 0.85546875 0.9292063023049082 0.0671875 0.1007969675782853