36 0.11028412072734683 0.7872319123781277 0.1585965178461394 0.15896112602253182
36 0.14952514209797116 0.7323027199791174 0.16039581618646545 0.16213159012915473
26 0.19122831263875853 0.675742831420173 0.16375761452679144 0.16534751834239997
26 0.23383113234970893 0.6175977108079174 0.16711941286711748 0.16856344655564542
26 0.2747530528904963 0.5610605543022844 0.16880031203728052 0.17017141066226812
11 0.3187407738462021 0.505213719583406 0.17048121120744356 0.17177937476889085
11 0.36038474480190796 0.4494350810244617 0.16711941286711748 0.16856344655564542
11 0.4037096149277768 0.39204847835889467 0.1738430095477696 0.17499530298213611
6 0.44559038422380864 0.33314483979995024 0.16868191286711748 0.16860891066226813
6 0.48963730476459605 0.27651675508107193 0.1737246103776066 0.1734328029821362
6 0.5307960236457094 0.21685459857543893 0.1737246103776066 0.1734328029821362
1 0.5734580429417413 0.15792822796318323 0.16543851369695445 0.16695548244902275
1 0.6176233626526917 0.09973764324430487 0.16543851369695445 0.16695548244902275
1 0.6610782873426639 0.061742515901624606 0.16534342531467203 0.12348503180324921