37 0.9332835088902834 0.6748913952694976 0.13343298221943306 0.1588962521260319
32 0.9062588493364807 0.6269959002704674 0.16755006299888783 0.18006962152108805
27 0.8554174151779659 0.5761985458783208 0.16911256299888783 0.1801971672787225
34 0.8144592152344357 0.5198846440615496 0.1725105787839034 0.18513975879399175
34 0.7757537600292335 0.46181692360832666 0.1708570735222315 0.18344971303635713
34 0.7350230732398829 0.4094092717915555 0.16755006299888783 0.18006962152108805
40 0.6904316390813682 0.35810173436887066 0.16911256299888783 0.1801971672787226
37 0.6512634522920175 0.305566536794465 0.16755006299888783 0.18006962152108805
32 0.6082345181335028 0.25413145361414563 0.1708570735222315 0.18344971303635713
17 0.5674128260824803 0.2001613017973745 0.1708570735222315 0.18344971303635713
17 0.5260373971856375 0.1501611728594206 0.1674590577372161 0.1785071215210881
12 0.4852612077654509 0.09697227104264945 0.1674590577372161 0.17850712152108805
7 0.44466702886860804 0.06814473787202843 0.1705840577372161 0.13628947574405686
2 0.4054379288968429 0.03979646832719106 0.15775085779368575 0.07959293665438212