36 0.88828125 0.39921875 0.059375 0.109375
36 0.82578125 0.40546875 0.0625 0.10625
36 0.76328125 0.41171875 0.0640625 0.1078125
34 0.7015625 0.41875 0.0625 0.1109375
34 0.63828125 0.42421875 0.0640625 0.10625
39 0.57578125 0.43046875 0.0640625 0.10625
39 0.5140625 0.43671875 0.0671875 0.1078125
39 0.4515625 0.44375 0.0640625 0.1125
4 0.3875 0.44921875 0.0671875 0.1125
4 0.3234375 0.45625 0.0640625 0.1125
4 0.26015625 0.46171875 0.065625 0.1109375
3 0.1921875 0.46640625 0.0671875 0.1125
3 0.1265625 0.47265625 0.0609375 0.1125
3 0.0609375 0.478125 0.0640625 0.1140625