39 0.6586424168924563 0.10068674562710052 0.18351626413349428 0.1757607070582587
36 0.6044738952957301 0.1745987649231324 0.1884494255988834 0.18080340456874774
36 0.5005344250330566 0.3315018055897886 0.1884494255988834 0.18080340456874772
31 0.5536350915868284 0.2521802358788382 0.19182008706427264 0.18572770290907387
31 0.4464477905914602 0.40697632488582053 0.1885313127540133 0.1823659045687478
31 0.340863933173657 0.5624352647226397 0.18680503844375362 0.17912250539858476
26 0.3947867933049937 0.48383574542660784 0.18680503844375362 0.17912250539858476
26 0.2861188794647553 0.6403127336037532 0.1934644742194024 0.18740860207923687
21 0.2329772693334185 0.7188530533147034 0.190175699909143 0.18404680373891083
11 0.6837939823600028 0.3411458022657963 0.18359815128862386 0.1773232070582587
11 0.6305704850735363 0.4181236219767467 0.18359815128862386 0.1773232070582587
11 0.57804635063194 0.4934797421026156 0.18359815128862386 0.1773232070582587
6 0.5263853533454734 0.5703391626434029 0.18524253844375363 0.17900410622842172
6 0.47394310605900697 0.6472577827692717 0.1884494255988834 0.1808034045687478