37 0.8994343530809598 0.4995059953246178 0.10840460957707662 0.1240556444174139
37 0.8405815044609316 0.4850031337901036 0.10525233603812652 0.12247496369925485
37 0.7816604719935276 0.46659402225558927 0.11002165665497757 0.12718973477649378
27 0.7211769395261234 0.4481940010801545 0.10999438311602709 0.1256272347764936
27 0.6607070438281946 0.43057522990471975 0.10843188311602728 0.1256181444174141
22 0.6002507848997408 0.4137377087292851 0.11158415665497756 0.1271988251355733
22 0.5405621392018118 0.39611439237431056 0.11158415665497756 0.1271988251355732
22 0.48009224350388296 0.3784956211988758 0.11632620373287814 0.13035109621281205
17 0.41803257426700374 0.35932344038252073 0.11632620373287814 0.13035109621281213
12 0.35757631533854994 0.34248591920708604 0.11791597727182852 0.13192268657189174
7 0.2947217593321955 0.32253703357027075 0.1195057508107789 0.13349427693097135
12 0.23348425040374182 0.3057040575743758 0.11788870373287823 0.13036018657189175
7 0.1706706047058129 0.28809892193756054 0.1210682508107789 0.13350336729005097
2 0.1094058222384088 0.2697034459416656 0.11317393019392785 0.12877041549465282