26 0.16953125 0.73359375 0.0796875 0.0828125
26 0.22265625 0.69609375 0.078125 0.0828125
36 0.2734375 0.659375 0.078125 0.0828125
16 0.325 0.621875 0.075 0.078125
16 0.3828125 0.5796875 0.08125 0.0859375
6 0.428125 0.54765625 0.08125 0.0859375
36 0.46953125 0.51640625 0.078125 0.0828125
31 0.5234375 0.47890625 0.078125 0.08125
6 0.5703125 0.44609375 0.0734375 0.078125
1 0.625 0.4046875 0.0734375 0.078125
26 0.68046875 0.36640625 0.08125 0.0859375
1 0.7375 0.321875 0.08125 0.0859375
21 0.796875 0.28515625 0.075 0.08125
36 0.8609375 0.23828125 0.0765625 0.08125