13 0.4425783611118512 0.6309204451759686 0.1348416644231918 0.13108194198043535
13 0.4555055731069029 0.4546841688676094 0.13323370031656906 0.12942843671876342
8 0.44664974716351313 0.5714089372834609 0.13158027210332382 0.12621243145709152
8 0.45881844121187604 0.3944369136059375 0.13805759263643722 0.134388952503779
3 0.45069840116186366 0.512678679390953 0.13805759263643722 0.134388952503779
3 0.4621313093168493 0.33418965834426567 0.14127352084968248 0.13769596302712275
41 0.43114545295686557 0.809409466222656 0.1429269490629279 0.14091196828879476
41 0.4685691774218226 0.2737603925592501 0.13644962852981452 0.13273544724210717
38 0.43597535695521616 0.7506337056993122 0.13323370031656906 0.12942843671876342
38 0.47183658142017304 0.21507563729757825 0.13318823620994635 0.1278659367187635
33 0.4231845372800326 0.9221824820076716 0.126438131037097 0.11031441567207594
33 0.42698313869195836 0.8720459741151636 0.12197795157021041 0.11785389988706071
33 0.44006947506018934 0.6903409478068046 0.13323370031656906 0.1294284367187636
33 0.47668921747183496 0.15551862677423456 0.1428814849563052 0.13934946828879458
10 0.48076060352349687 0.09600711888172679 0.13640416442319178 0.13117294724210718