2 0.75859375 0.7703125 0.09375 0.090625
2 0.73125 0.7109375 0.0984375 0.09375
7 0.7109375 0.65 0.0921875 0.084375
12 0.6875 0.5953125 0.096875 0.0890625
17 0.6640625 0.53984375 0.0890625 0.08125
12 0.63515625 0.4890625 0.090625 0.08125
12 0.61796875 0.428125 0.090625 0.0796875
12 0.59140625 0.37734375 0.090625 0.084375
27 0.56796875 0.32109375 0.0953125 0.08125
32 0.5421875 0.26796875 0.0953125 0.084375
37 0.51953125 0.2078125 0.0875 0.071875
27 0.49140625 0.15859375 0.0921875 0.0765625
32 0.4671875 0.103125 0.0921875 0.0796875
37 0.44453125 0.0484375 0.0859375 0.075