1 0.10390625 0.4296875 0.065625 0.0828125
6 0.1640625 0.4234375 0.0671875 0.084375
11 0.2171875 0.41484375 0.0578125 0.078125
14 0.27421875 0.40703125 0.0546875 0.06875
14 0.32890625 0.4 0.0578125 0.071875
29 0.38203125 0.38515625 0.059375 0.0734375
29 0.43671875 0.3796875 0.0578125 0.071875
29 0.48984375 0.37265625 0.0578125 0.075
26 0.5390625 0.3625 0.05625 0.078125
31 0.5921875 0.353125 0.05625 0.078125
36 0.64296875 0.34296875 0.0515625 0.075
39 0.690625 0.3375 0.0515625 0.06875
39 0.7421875 0.328125 0.05625 0.075
39 0.79375 0.31875 0.05625 0.075