33 0.6218774892002268 0.049491538979827984 0.12591271397248321 0.09898307795965597
33 0.6208259098887993 0.09785291749673926 0.1307093413771451 0.12464474317557443
33 0.6190476442797027 0.15897235401450388 0.1307093413771451 0.12464474317557443
26 0.6179687831171098 0.21771165322871563 0.13388890507947587 0.1263527923897861
26 0.6137649219545169 0.27659650165713906 0.14041172359113005 0.13445639081820956
24 0.6133854652384276 0.3329556635677978 0.143591287293461 0.13616444003242129
24 0.6099355722246693 0.39102287469266833 0.1403571598887993 0.13289389081820957
24 0.607266929210911 0.4490536985139859 0.14041172359113005 0.13445639081820956
29 0.6021726906436564 0.5048499342459623 0.14364585099579194 0.1377269400324213
29 0.600285297629898 0.5628443707637268 0.14364585099579194 0.1377269400324213
29 0.5975348090626434 0.6185314445850445 0.14041172359113024 0.13445639081820956
6 0.5947843204953889 0.674218518406362 0.14364585099579194 0.1377269400324213
6 0.5936781774816305 0.7321765676205738 0.14364585099579194 0.1377269400324213
6 0.5901737207655413 0.7886812787454442 0.14364585099579194 0.1377269400324213
6 0.5866147003471213 0.8436234898703148 0.14041172359113005 0.13445639081820956
35 0.5824108391845284 0.9025083382987382 0.14208335099579195 0.13765416542531525
10 0.5812674906358073 0.936992500209397 0.12605655771188112 0.08074919396136267