4 0.22620747476921244 0.7081596524473094 0.09157537799792799 0.09259629465362344
4 0.26732047228801303 0.6708185471432851 0.08837760339082212 0.09085178413027979
4 0.3083243078961549 0.6311336918392609 0.09484592721213972 0.09590330517696728
6 0.3493645308078497 0.5922300865352368 0.09648120181924558 0.09755681043863902
6 0.3862801798982269 0.5484114680770331 0.08339900496239867 0.0843287683452644
6 0.4266119274170276 0.5110248601421731 0.08830482878371626 0.08928928413027996
36 0.4669436749358281 0.4736382522073129 0.0768579065339754 0.0777147472985769
36 0.5050044470617345 0.43767763637994506 0.08666955417661057 0.08763577886860804
36 0.5431743810982999 0.4040607705525773 0.08339900496239885 0.0843287683452644
36 0.5771469667064417 0.3639663915710297 0.07849318114108109 0.07936825256024882
28 0.6121919007430071 0.3301675152203182 0.08830482878371626 0.08928928413027988
28 0.6473459966902311 0.29871238886960666 0.0866695541766104 0.08763577886860804
28 0.6862244061196906 0.2635785256730747 0.08830482878371626 0.08928928413027978
3 0.18360475185751762 0.7469722524896616 0.09648120181924558 0.09755681043863902
3 0.14401786703516406 0.7836231130553576 0.0883048287837163 0.08928928413027978