39 0.08600832548117132 0.43160400312325803 0.1521943004748537 0.18366699375348397
36 0.14366170110799195 0.42579890983731217 0.1710352286880991 0.18690107806243947
31 0.20441734468150125 0.41919438583320706 0.1758591210079671 0.19161584913967822
1 0.2652866485215672 0.41649611182910196 0.1709443004748537 0.18377607806243948
1 0.32608775620169916 0.4114540878249969 0.17255226458147632 0.18534766842151917
11 0.3876246497752084 0.40484501864135203 0.16616587226160834 0.18062380698520072
6 0.44458770361527444 0.4021694705349459 0.16612040815498563 0.17906130698520056
1 0.5046984895086517 0.40025699171038054 0.16125105172849494 0.17278403590796182
26 0.5646274189755383 0.3920945128858153 0.15968855172849494 0.17277494554888212
26 0.6239342228156043 0.38940532924078985 0.15160326708875882 0.16335449375348415
26 0.680874544602359 0.3859485311343838 0.1548646594086268 0.16806017447164337
31 0.738550652282491 0.3809246878484379 0.15647262351524951 0.1696317648307229
31 0.7930562958560001 0.37435652528065133 0.15812605172849495 0.1727658551898025
31 0.8524994920159342 0.3763548416356258 0.15164873119538136 0.16491699375348406
30 0.9085221714828208 0.36821508870875963 0.1548646594086268 0.16806017447164337
8 0.43936487187499995 0.80607733125 0.4027610484375 0.9047334765624999 0.4415793296875 0.9508552937499999 0.48220118593750005 0.8598193859375 0.43936487187499995 0.80607733125
40 0.5306418625 0.81151505625 0.5133958328125 0.9218348640625 0.5603965640624999 0.9465149859374999 0.5791739484375 0.8379417531250001 0.5306418625 0.81151505625
13 0.6373638500000001 0.8807012203125 0.668926009375 0.9518527484374999 0.7209112546875 0.8798535484375 0.69185624375 0.8170587625 0.6373638500000001 0.8807012203125