31 0.69296875 0.8255303285725952 0.1078125 0.11531701201463562
1 0.67578125 0.7851053232415951 0.1171875 0.12480110001590834
6 0.65859375 0.739992817910595 0.1203125 0.12796246268299924
36 0.6421875 0.6917462219128222 0.1234375 0.13112382535009015
26 0.6203125 0.6435632605824584 0.1234375 0.13268632535009015
16 0.596875 0.58836723058564 0.1328125 0.14060791335136286
36 0.575 0.5347155192552763 0.140625 0.14851132001909004
11 0.5515625 0.478738239258458 0.14375 0.15323518268618094
16 0.5265625 0.41809164059518517 0.1484375 0.15641472668681722
26 0.5 0.35043197326545766 0.15625 0.1658806333545444
26 0.47265625 0.27809389660250294 0.1640625 0.17222154002227175
6 0.43984375 0.2011319546069573 0.1734375 0.18483062802354439
11 0.4046875 0.12185353461172979 0.1828125 0.19275221602481704