15 0.6075542361025528 0.1342412874221533 0.09138386182749905 0.07387521751493065
30 0.6222194647319285 0.08077144851631997 0.08610436597668389 0.06595361474138897
14 0.38421308570621193 0.8816195548052435 0.08032796265733602 0.07205814437666688
14 0.402370167240017 0.8227718848773614 0.09365675684847723 0.08328658510611113
22 0.41986439794398506 0.7654685311538892 0.08200886182749904 0.07365701196784738
22 0.43753622740319775 0.710508927430417 0.08513386182749905 0.07372974715020834
36 0.4519646576922474 0.6539140885245838 0.08548905933798814 0.07841724715020852
36 0.4693404892260524 0.5950482348011115 0.08189046265733602 0.07209451196784719
33 0.48394651827034674 0.5407971458952782 0.07852866431700996 0.06889677678548622
33 0.5017959464848039 0.48818129217180595 0.08309776514684693 0.06744337955902786
23 0.5182604734545055 0.43787282085715323 0.08477866431700995 0.06904224715020853
23 0.5315408008391257 0.3867103643601393 0.07852866431700996 0.06889677678548622
17 0.5477093298834199 0.3324956430454865 0.07348596680652104 0.0641001740119445
17 0.5617709072680401 0.281351370344063 0.07661096680652087 0.06417290919430556
18 0.5790166842377419 0.23106108282500046 0.07973596680652087 0.06424564437666672
18 0.5914565620372805 0.1790991925323963 0.08177206348717299 0.07053201196784728