24 0.3671875 0.8328125 0.0890625 0.0859375
24 0.38125 0.7765625 0.08125 0.0734375
24 0.4015625 0.7203125 0.090625 0.0796875
41 0.4171875 0.66640625 0.090625 0.08125
41 0.43359375 0.6109375 0.0890625 0.0796875
28 0.4453125 0.55625 0.090625 0.0796875
23 0.465625 0.50078125 0.090625 0.0796875
18 0.48046875 0.44453125 0.0921875 0.078125
18 0.5 0.3890625 0.0953125 0.084375
13 0.52109375 0.33125 0.0859375 0.075
8 0.53671875 0.27421875 0.0875 0.0703125
13 0.55546875 0.21484375 0.090625 0.071875
8 0.5703125 0.15703125 0.090625 0.0734375
3 0.5921875 0.09921875 0.0890625 0.075