33 0.27734375 0.7140625 0.1546875 0.1421875
28 0.31796875 0.64296875 0.15625 0.1453125
23 0.35859375 0.56953125 0.15625 0.1453125
33 0.39921875 0.496875 0.15625 0.1453125
28 0.4390625 0.425 0.1578125 0.146875
23 0.47890625 0.353125 0.15625 0.1453125
38 0.51875 0.2796875 0.159375 0.15
33 0.56015625 0.20390625 0.1625 0.153125
28 0.6015625 0.1296875 0.1625 0.1515625
38 0.47890625 0.63125 0.1546875 0.14375
38 0.5203125 0.55859375 0.15 0.1421875
13 0.56015625 0.4875 0.153125 0.14375
13 0.5984375 0.4171875 0.15625 0.146875
13 0.6375 0.34453125 0.1546875 0.146875