2 0.15013611150756265 0.50546875 0.1018473079967011 0.1171875
7 0.21183212945425128 0.50625 0.09872230799670109 0.1171875
12 0.27364180766749663 0.503125 0.10345527210332381 0.11875
12 0.3354060217741194 0.5015625 0.1018473079967011 0.1171875
17 0.39712477177411937 0.5015625 0.10019387978345566 0.1140625
22 0.45734921793405336 0.49921875 0.09863137978345585 0.1140625
27 0.5184231102539214 0.49453125 0.09867684389007839 0.115625
27 0.5770168602539214 0.49453125 0.09555184389007838 0.115625
27 0.6364373243605441 0.49296875 0.09555184389007838 0.115625
32 0.6966617705204781 0.490625 0.09867684389007839 0.115625
32 0.7553009846271008 0.4890625 0.10189277210332363 0.11875
32 0.8147896448936575 0.48515625 0.10184730799670091 0.1171875
19 0.8756816807870347 0.48671875 0.09045516693047446 0.1015625
19 0.9343890910535915 0.4828125 0.08425063103709682 0.103125