17 0.6029111738415577 0.7191806382958339 0.11285704274124857 0.11024912860909737
22 0.639747400396341 0.7701261956665284 0.10805114357108572 0.10857752583555555
27 0.6756839777809611 0.8226160692416326 0.11153134108157481 0.1133377610179167
29 0.1993586147272841 0.12673007342260434 0.11946224025173775 0.11508209897381953
29 0.23890544418649676 0.18321711597565993 0.1161004419114116 0.11188436379145843
29 0.275623271571117 0.23572517334635443 0.11465634108157463 0.11341049620027785
24 0.31048260103032965 0.29210311312586834 0.13314623195336797 0.130998039703264
24 0.3504438275851129 0.3431214056789239 0.12966603444287889 0.12623780452090286
14 0.38788370538465156 0.39642889684520866 0.1263042361025528 0.1230400693385418
14 0.41883678484386416 0.45271591764677127 0.10793274440092268 0.10701502583555574
14 0.45651346098372897 0.502898408813056 0.11813653859206372 0.118170731382639
4 0.49293529044294165 0.5593127161837504 0.11489313942190087 0.11653549620027785
4 0.5309788194872358 0.6149821411456255 0.12149833693238979 0.12136846656499997
4 0.5647492456271006 0.6650737133339588 0.13158373195336798 0.13096167211208343