5 0.8170684157944311 0.3007391985330227 0.1390129146981227 0.13750497840045356
9 0.7671304139803325 0.34201647376076616 0.12284227767481433 0.12133434137714509
9 0.7212350714220612 0.3795239082443368 0.12769346878180662 0.12618553248413758
34 0.6722147288637897 0.41692221532324575 0.12769346878180662 0.12618553248413758
34 0.6240029181566837 0.45356655425332004 0.12769346878180682 0.12618553248413758
4 0.5756001344914198 0.49567964318339436 0.13405259618646853 0.129528787293461
4 0.5289508237843139 0.5323785458157996 0.1324900961864685 0.12947422359113006
24 0.4814384175237116 0.5713939165970393 0.13895835099579196 0.13594247840045365
24 0.43400785681660564 0.608065537378279 0.13572422359113023 0.13270835099579195
29 0.38873007315134167 0.6502877537130151 0.11960815027015244 0.11810021397248338
29 0.3357761987419049 0.6883309015360968 0.11966271397248338 0.11966271397248321
13 0.2867012924813026 0.7272917086150057 0.13572422359113015 0.13270835099579195
13 0.2375445406672041 0.7685962656939147 0.13572422359113023 0.13270835099579195
2 0.1892236025554364 0.808365604623989 0.12931053248413757 0.12780259618646853
2 0.14023054184833045 0.8449826617028979 0.12931053248413762 0.12780259618646853