34 0.93046875 0.5203125 0.0609375 0.1
34 0.86953125 0.5203125 0.059375 0.1
34 0.81015625 0.5234375 0.059375 0.1
14 0.7484375 0.5234375 0.0609375 0.1015625
14 0.68828125 0.525 0.059375 0.1015625
26 0.62734375 0.525 0.059375 0.0984375
26 0.5671875 0.525 0.059375 0.1015625
26 0.50859375 0.525 0.059375 0.1015625
11 0.4484375 0.5265625 0.0578125 0.1
6 0.3890625 0.5265625 0.0578125 0.096875
1 0.32890625 0.52890625 0.0546875 0.1
16 0.26875 0.528125 0.053125 0.1
11 0.20859375 0.53046875 0.053125 0.0984375
6 0.1484375 0.53203125 0.053125 0.1
10 0.08984375 0.52890625 0.053125 0.096875
30 0.02890625 0.52890625 0.053125 0.1