20 0.48892263527271584 0.15541801760415266 0.11025226099766208 0.08075796312533626
40 0.5029744024941554 0.21779233146612306 0.1091633576783142 0.08689870248167449
40 0.5131199197155947 0.2798934937189391 0.1088081601678251 0.08221120248167449
12 0.5262128381817897 0.33986942725907865 0.10376546265733602 0.07719592055068931
12 0.5362991558181476 0.4011893395118948 0.09595296265733602 0.07664961733238052
19 0.5456042234545055 0.46245462144287997 0.09571616431700995 0.07352461733238069
19 0.5556313415057821 0.5229932836956961 0.09270956348717299 0.07486859604505725
34 0.5654808608018138 0.581188195948512 0.08911096680652086 0.06840007475773362
34 0.5754487792680087 0.6409456082013282 0.0923543659766839 0.07018109604505725
9 0.5863755464894481 0.703101400775975 0.08586756763635783 0.06661905347041035
9 0.5962250657854801 0.7612963130287913 0.08899256763635784 0.06683757475773362
4 0.6067966354964305 0.8187646056034381 0.09091026514684693 0.07163433540139544
4 0.6168237535477068 0.8793032678562543 0.08911096680652086 0.06840007475773362
29 0.6304611236735758 0.9362088317182244 0.09595296265733602 0.07664961733238088
29 0.6395885925546893 0.9791567123305942 0.09727866431700996 0.04168657533881159