15 0.41796875 0.1078125 0.084375 0.06875
30 0.396875 0.05390625 0.08125 0.0609375
14 0.7296875 0.86171875 0.075 0.06875
14 0.70390625 0.80390625 0.0859375 0.0765625
22 0.68046875 0.74609375 0.075 0.0703125
22 0.65546875 0.68984375 0.0796875 0.0703125
36 0.63515625 0.63203125 0.078125 0.075
36 0.61015625 0.5734375 0.0765625 0.0671875
33 0.5890625 0.51796875 0.0734375 0.0671875
33 0.565625 0.465625 0.078125 0.0640625
23 0.5421875 0.4140625 0.0796875 0.0640625
23 0.5234375 0.36328125 0.0734375 0.0671875
17 0.50078125 0.30859375 0.06875 0.0609375
17 0.48125 0.25703125 0.071875 0.0625
18 0.4578125 0.20625 0.0734375 0.059375
18 0.4390625 0.1546875 0.075 0.065625