32 0.1375 0.36796875 0.0984375 0.103125
32 0.203125 0.38671875 0.0890625 0.0984375
32 0.2703125 0.4046875 0.0921875 0.1015625
6 0.33046875 0.421875 0.0890625 0.10625
6 0.39140625 0.43984375 0.0921875 0.1046875
6 0.45625 0.459375 0.0875 0.103125
26 0.51875 0.4796875 0.0875 0.1
26 0.58203125 0.5015625 0.0875 0.1015625
26 0.64765625 0.51875 0.084375 0.1046875
26 0.709375 0.5421875 0.084375 0.1015625
16 0.7734375 0.56328125 0.0828125 0.0984375
16 0.8375 0.584375 0.0859375 0.0984375
16 0.9046875 0.60546875 0.0875 0.1015625
1 0.3515625 0.55703125 0.090625 0.0984375
1 0.4125 0.57578125 0.0859375 0.0984375