4 0.7293146907524898 0.7718198588778167 0.09052318068726599 0.09300712523071261
4 0.6793489902775199 0.7380468337393891 0.08739818068726599 0.09280686613141391
4 0.6285201526474203 0.7057862438261369 0.09241322930778502 0.09935725478036198
6 0.5784316214397558 0.6743569686877092 0.09397572930778501 0.09945738433001132
6 0.5249314851891372 0.6481961844499831 0.08082063206674714 0.08615634793281686
6 0.477145760403908 0.6176983536360294 0.08419129353213642 0.09104410703211538
36 0.4279203663513732 0.5847566432724264 0.07424308344622813 0.07950582973421945
36 0.3816152544110141 0.5559214420081221 0.08410940637700656 0.08948160703211538
36 0.3361732796257848 0.5255738055186425 0.0809025192218769 0.08771884793281685
36 0.28814189337516616 0.4997634747046889 0.07744997060135787 0.08126858883351815
28 0.2440986442796773 0.47264096776485864 0.08723440637700666 0.0896818661314139
28 0.20318039518418848 0.44571871992432693 0.08559001922187681 0.08801923658176473
28 0.15695717039895912 0.41532101866002263 0.08567190637700657 0.08958173658176456
3 0.7808838348050244 0.8049117635658936 0.09397572930778501 0.09945738433001132
3 0.8308904788575593 0.8379035387043212 0.09389384215265509 0.09789488433001133