26 0.4765625 0.09140625 0.1125 0.0734375
31 0.496875 0.159375 0.109375 0.065625
36 0.52265625 0.221875 0.115625 0.0796875
39 0.54375 0.290625 0.1125 0.071875
21 0.5625 0.3578125 0.115625 0.0734375
26 0.5875 0.428125 0.125 0.0828125
31 0.6046875 0.496875 0.115625 0.0734375
6 0.6265625 0.56328125 0.115625 0.075
11 0.6375 0.63359375 0.11875 0.08125
16 0.67265625 0.70234375 0.121875 0.0796875
31 0.68671875 0.775 0.128125 0.0796875
36 0.71796875 0.84453125 0.11875 0.0796875
39 0.73671875 0.91953125 0.1203125 0.075
30 0.7546875 0.97109375 0.1203125 0.0578125