36 0.381046291360838 0.8854938240869288 0.12794952564056317 0.10406441567207594
36 0.4095202018237548 0.8261797372693434 0.12794952564056317 0.10406441567207594
31 0.43799411228667146 0.7668656504517578 0.12638702564056317 0.1039734104104042
31 0.4664680227495882 0.7075515636341724 0.1265325748547749 0.1070984104104042
31 0.4950510951231637 0.6458937268165869 0.1265325748547749 0.1070984104104042
31 0.5227801428896334 0.5858438926298373 0.12645980024766904 0.1055359104104042
26 0.5552330779596559 0.5247397926580721 0.13441784946188057 0.1091159367187636
21 0.5837433757261257 0.46464445584048664 0.12973034946188075 0.10884292093374803
11 0.6123264480997012 0.4029866190229011 0.1314383986760923 0.11205892619541977
11 0.6448521577768296 0.34032001905113596 0.13470894789030421 0.11536593671876343
11 0.675034117453958 0.27778992697187865 0.13463617328319835 0.11380343671876343
11 0.7052524644346394 0.21447858489262125 0.1330008986760925 0.11214993145709169
6 0.7340174733259796 0.1489144980750358 0.13143839867609247 0.11205892619541977
1 0.7651262322173198 0.08321390336494247 0.13449062406898663 0.11067843671876347