38 0.1983968015625 0.710296528125 0.2648857375 0.706709290625 0.24983758437499998 0.6488482656250001 0.179662834375 0.651289834375 0.1983968015625 0.710296528125
33 0.12843018281250002 0.7146508578125 0.193194846875 0.7133568921875 0.17478683125 0.655043125 0.10916178750000001 0.6609736390625 0.12843018281250002 0.7146508578125
28 0.05893770625 0.7191388921875 0.12176649375 0.717468875 0.10185642343750001 0.6605648703125 0.0375179265625 0.6658035484375 0.05893770625 0.7191388921875
8 0.19101670312500002 0.6428837093750001 0.2596164859375 0.63967961875 0.24440685625 0.575050184375 0.1710938671875 0.580618953125 0.19101670312500002 0.6428837093750001
8 0.11828457343750001 0.6521989031250001 0.18606083906249998 0.6494280046875 0.1665275453125 0.5857422 0.09283022656249999 0.5885948046875 0.11828457343750001 0.6521989031250001
8 0.0427108625 0.6536574421875 0.11048714531249999 0.6508865421875 0.08803144375000001 0.5885818734375 0.014150403124999999 0.5899257859375 0.0427108625 0.6536574421875
18 0.1746004671875 0.5704285125 0.24939653437499998 0.5661749359375 0.23279161875 0.4932308484375 0.15118475468749998 0.4989792265625 0.1746004671875 0.5704285125
18 0.0914865171875 0.5829705703125 0.16656572187500002 0.5801067671875 0.14125620625 0.506847840625 0.0642725921875 0.51115841875 0.0914865171875 0.5829705703125
18 0 0.556462490625 0.012196403125 0.584852825 0.0872756109375 0.581989059375 0.059790920312499996 0.5110420375 0 0.5115675421875 0 0.556462490625
15 0 0.43772581875 0.0212646890625 0.5059632625 0.1024579125 0.5050430140625 0.0801337140625 0.41714539687499996 0 0.417905696875 0 0.43772581875
35 0.119364246875 0.49805574531249996 0.20104258281249998 0.48764386406250004 0.16914066875 0.3975483015625 0.0809299125 0.40752209375000004 0.119364246875 0.49805574531249996
33 0.8240162 0.7039778609375 0.895938521875 0.7027167390625 0.9242961953125001 0.6395967875 0.84667209375 0.6416326453125001 0.8240162 0.7039778609375
28 0.7490455171875 0.7055951703125001 0.8219442499999999 0.7039256125 0.8436322765625001 0.6421959078125 0.7676083125 0.6432360265625 0.7490455171875 0.7055951703125001
23 0.6756635703125 0.702458478125 0.7484031796874999 0.700992596875 0.7664253125 0.6392559140625 0.6872266734375 0.641509125 0.6756635703125 0.702458478125
9 0.6026213578124999 0.709256265625 0.672818371875 0.7079876171875 0.6852694359375 0.6476091875 0.6091400078125 0.648494484375 0.6026213578124999 0.709256265625
9 0.5305225234375001 0.708630459375 0.6011591578125 0.7086254624999999 0.6080815671875001 0.6457684312499999 0.532974440625 0.6483038265625 0.5305225234375001 0.708630459375