9 0.517741015625 0.10454833125 0.5113135328125 0.160386396875 0.582698025 0.20239659843750002 0.5864867453125 0.149752790625 0.517741015625 0.10454833125
9 0.511734371875 0.16283330468749999 0.5063105359375 0.2193934890625 0.5786954390625 0.2557605578125 0.58247921875 0.20279288750000002 0.511734371875 0.16283330468749999
23 0.50770733125 0.2209427421875 0.5001865359375001 0.2773744625 0.5729073031249999 0.311667121875 0.5780326812500001 0.25736265625 0.50770733125 0.2209427421875
23 0.50381176875 0.2809001703125 0.4973665921875 0.337190959375 0.5706378062499999 0.365772440625 0.57565513125 0.3132992578125 0.50381176875 0.2809001703125
23 0.4963209578125 0.337791825 0.4912659234375 0.3954899046875 0.5631469953125 0.4226640921875 0.568604053125 0.3662542265625 0.4963209578125 0.337791825
33 0.49940289218749995 0.40066295625 0.4933328890625 0.46109173906249995 0.5660650140625 0.481077871875 0.5718191515625 0.42686849374999997 0.49940289218749995 0.40066295625
33 0.50073480625 0.463232559375 0.496851671875 0.5230812703125001 0.5698501296875 0.5385536765625 0.5736734828125 0.4845077015625 0.50073480625 0.463232559375
33 0.49408524531250003 0.5235476703125 0.48972300312500006 0.5808669296875 0.5624474 0.5939016171875 0.566270753125 0.539855640625 0.49408524531250003 0.5235476703125
34 0.488714703125 0.5828222953125 0.48434539374999996 0.643471415625 0.5581613546875 0.652884853125 0.56133651875 0.5953535390625 0.488714703125 0.5828222953125
34 0.484461975 0.6450113843749999 0.4803724046875 0.7047920109375 0.5543481640625 0.7114972125000001 0.557523328125 0.6539658984375001 0.484461975 0.6450113843749999
34 0.47701720468750003 0.7073899875 0.4725906453125 0.76793936875 0.5495935765625 0.77037055625 0.55310205 0.7125405078125 0.47701720468750003 0.7073899875
19 0.4799998515625 0.7701094796875 0.47616532500000003 0.832242546875 0.5509830890625 0.8301297234374999 0.5542256484375 0.7725261921875 0.4799998515625 0.7701094796875
19 0.48517493125 0.8341927890624999 0.48160047187500005 0.897115509375 0.55550885 0.8891162687499999 0.5607199359374999 0.8299454734375 0.48517493125 0.8341927890624999
19 0.4759997046875 0.8992502734375 0.4703708265625 0.96198590625 0.5467927484375 0.9510293624999999 0.5509934671875001 0.8906388296875001 0.4759997046875 0.8992502734375