6 0.4653314080593038 0.8872208545548146 0.16992010367592555 0.16808991701630233
6 0.47746096969921126 0.8281059636830215 0.17005680471268486 0.16965241701630235
11 0.48915103393101694 0.7729565223963096 0.16992010367592555 0.16808991701630233
11 0.503897747644443 0.7167890327692718 0.17345520678620333 0.1730142153566284
11 0.514738211357869 0.6609175410676416 0.1819512119699997 0.18141871120744354
38 0.5286353245529154 0.6040280010256852 0.17515440782296263 0.17469511452679143
38 0.5409015872295821 0.546475610153892 0.17345520678620333 0.1730142153566284
38 0.5547987004246286 0.4895860701119357 0.1785528098964811 0.1780569128671175
8 0.5679145636196751 0.43275572965506093 0.17515440782296263 0.17469511452679143
8 0.5810987773331011 0.3767066391981862 0.1819512119699997 0.18141871120744354
8 0.5924470889730086 0.31765094791147436 0.1819512119699997 0.18141871120744354
2 0.6062075011312957 0.2591989078695181 0.1819512119699997 0.18141871120744354
2 0.6190499622528236 0.19924356741264332 0.17005680471268486 0.16965241701630243
2 0.6329470754478701 0.14235402737068703 0.17515440782296282 0.17469511452679148