14 0.6480030052726546 0.8292336177523321 0.11567926634364482 0.11877936305535748
14 0.6181569681458894 0.7961180098880591 0.11567926634364482 0.11877936305535748
34 0.5873111597318006 0.7660818993929503 0.12414733020561534 0.12860938936371688
34 0.5560118832486971 0.7313127862670056 0.12069454827463026 0.12373987884037305
34 0.5286734870874243 0.6959899362952404 0.12069454827463026 0.12373987884037305
38 0.5028975909261517 0.6607580915851472 0.11735102698730664 0.1204328683170294
38 0.4773948463740333 0.6216199968750539 0.11055472376899793 0.11225634727034209
38 0.44515042892543716 0.5891491311182732 0.1208038089182919 0.12530237884037304
8 0.4138511524423335 0.5543800179923284 0.1073204631253363 0.11051183674699842
8 0.38974701692472263 0.517676678543907 0.10899222376899793 0.11216534200867016
8 0.3655336207634499 0.4825358390954856 0.10910148441265974 0.11372784200867017
3 0.33328920331485373 0.4500649733387049 0.11233574505632146 0.11547235253201382
3 0.30204455715358103 0.4145146102127602 0.11400750569998319 0.11712585779368574
3 0.2731436609923083 0.37910075497932316 0.12069454827463008 0.12373987884037305
3 0.24814901483103563 0.3439144129000658 0.11055472376899803 0.11225634727034209
5 0.21456061866976292 0.3082275418816133 0.12570983020561535 0.12870039462538863
0 0.1861678208993359 0.27676543927901226 0.11735102698730664 0.1204328683170294