26 0.8075701218969138 0.7783770663918409 0.1265635946849084 0.13728440729444458
31 0.7652558999045498 0.7211269576343756 0.11866018801718106 0.12929006933854179
36 0.7307723592457313 0.6624961868328131 0.13444882001909003 0.14371624525034737
39 0.6884763185869127 0.6036835780753478 0.12654541335136288 0.13572190729444458
21 0.6453626652610034 0.5479777855222923 0.1297067760184536 0.13891964247680572
26 0.6038933279360483 0.4852771105604171 0.14237040802036277 0.15327308320625016
31 0.5592080839433663 0.43031620041618107 0.1297067760184536 0.13891964247680555
6 0.519246702617775 0.3723393930454865 0.12972495735199913 0.14048214247680563
11 0.46904725529122915 0.32115744633211846 0.13761018268618094 0.1469139804327085
16 0.4346909839672287 0.25158917553055593 0.1376283640197265 0.14847648043270842
31 0.3853182399745466 0.1965191626127781 0.14080790802036275 0.15323671561506957
36 0.34780969665022804 0.12922190662885447 0.1360295013526355 0.14531511284152784
39 0.2992272933243186 0.07338882750666692 0.13279541335136286 0.13586737765916676
30 0.2674869446610457 0.0476432918874655 0.11815111067790855 0.08554006933854177