18 0.90234375 0.51328125 0.0515625 0.059375
28 0.84375 0.515625 0.0546875 0.065625
21 0.7765625 0.51484375 0.04375 0.075
11 0.7125 0.51484375 0.0453125 0.071875
19 0.64921875 0.51484375 0.0390625 0.065625
14 0.57890625 0.5109375 0.04375 0.0671875
9 0.5109375 0.51171875 0.04375 0.0671875
4 0.4421875 0.51015625 0.0484375 0.06875
9 0.3734375 0.5109375 0.05625 0.071875
19 0.3015625 0.50859375 0.0546875 0.06875
24 0.23046875 0.5109375 0.0625 0.078125
24 0.159375 0.5109375 0.0625 0.075
29 0.08984375 0.5109375 0.05 0.0625