25 0.5546875 0.9232817054078735 0.1 0.0763275468904336
19 0.54609375 0.8616930099719768 0.096875 0.07609074855010753
19 0.53359375 0.8005895666106726 0.096875 0.07296574855010754
19 0.51953125 0.7401489740792055 0.0984375 0.07464664772027056
14 0.50625 0.6805488311328197 0.090625 0.0709296518694554
14 0.4921875 0.6201082386013526 0.0921875 0.07261055103961844
14 0.47890625 0.5644143456549668 0.090625 0.06467965186945542
9 0.46953125 0.5066727006339887 0.0890625 0.06768625269929238
9 0.45703125 0.44791300727268446 0.0921875 0.06636055103961844
9 0.44609375 0.39005296308154336 0.09375 0.06804145020978147
34 0.434375 0.3344774693053207 0.0921875 0.06479805103961844
34 0.42109375 0.27643982635893494 0.0921875 0.06479805103961844
34 0.41015625 0.2201422821677938 0.0875 0.06288035352912935
29 0.39609375 0.1620454396363266 0.078125 0.05904495850815117
29 0.38515625 0.10731039544518542 0.0875 0.06913035352912936