20 0.2801558794501793 0.9218883380175835 0.07805653349844599 0.06780727711788899
25 0.3036875787882255 0.8701583534569899 0.08274403349844608 0.06794366943775679
33 0.3248027535191659 0.8199226727364621 0.07656680810555186 0.06932431301126626
33 0.3483344528572121 0.7681926881758683 0.07983735731976357 0.07254024122451135
33 0.3726837894988112 0.7157041856685857 0.07976458271265771 0.07097774122451135
3 0.39788715074751624 0.6616759152146147 0.07805653349844599 0.06780727711788863
3 0.41989273738911537 0.6091192165473982 0.08139985731976367 0.07258570533113406
3 0.4458409613342674 0.5558949281467382 0.08616013192686936 0.07428459765100222
36 0.4677737733687607 0.5049007294795219 0.0764940334984459 0.06776181301126591
36 0.4890344973139129 0.45154004875899406 0.07954625889134022 0.06629024122451135
36 0.514982721259065 0.39831576035833427 0.08288958271265763 0.07106866943775678
2 0.5363889944184287 0.3418300796378064 0.0846704065339754 0.07580163354437941
2 0.5617379048813455 0.2846768091838353 0.08474318114108108 0.0773641335443795
37 0.5854515407371563 0.2290405746232415 0.08474318114108108 0.0773641335443794
37 0.6100192012000731 0.17186457211595907 0.08474318114108108 0.0773641335443794
37 0.6347324108772014 0.11156356960867657 0.08147263192686935 0.07414820533113406