27 0.06261370160984861 0.638315483250777 0.07239303846084474 0.1483690334984459
38 0.0962994968951189 0.655537216501554 0.13830913688926816 0.15767556699689197
38 0.1524232183590716 0.667016217949296 0.1537885876750565 0.15527831306795062
38 0.21732262634078897 0.6820012090579559 0.1488827638537389 0.15037248924663302
16 0.28225842162605924 0.6977674501666158 0.1537885876750565 0.15527831306795042
16 0.34388728039356486 0.7097729904894873 0.14561221463952717 0.1471019400324213
16 0.40715141376817643 0.723268256205253 0.15051803846084474 0.15200776385373888
29 0.4713423463569996 0.7398521346174658 0.1406336162111037 0.14063361621110387
29 0.5338252297316111 0.7533837876367844 0.15208053846084474 0.15208053846084474
29 0.601631313892011 0.7635357295312326 0.15044526385373888 0.15044526385373888
8 0.6670936480524107 0.7737968333363394 0.1521533130679506 0.15364303846084476
8 0.731211806034128 0.7888182117485523 0.1537885876750565 0.15527831306795079
8 0.795038865587422 0.797589590160765 0.14077916542531543 0.1437586162111039
25 0.8370808163732104 0.7924996757689069 0.09848034946188093 0.10592897642635143