9 0.90546875 0.54921875 0.0625 0.0984375
9 0.8359375 0.5453125 0.059375 0.096875
9 0.76796875 0.54140625 0.0625 0.0984375
8 0.57109375 0.534375 0.0546875 0.096875
8 0.50546875 0.53203125 0.0546875 0.1
8 0.44296875 0.528125 0.0578125 0.0984375
22 0.7 0.53671875 0.0546875 0.084375
22 0.6328125 0.5390625 0.0578125 0.0921875
12 0.37734375 0.52421875 0.053125 0.0921875
12 0.3140625 0.52421875 0.053125 0.09375
12 0.2515625 0.52109375 0.046875 0.0890625
23 0.1890625 0.51953125 0.053125 0.0921875
23 0.1234375 0.51640625 0.053125 0.1015625
23 0.0640625 0.51484375 0.0515625 0.1