25 0.0625 0.53984375 0.125 0.1421875
35 0.14453125 0.51796875 0.1171875 0.1421875
40 0.62421875 0.36953125 0.10625 0.1296875
40 0.546875 0.39453125 0.1046875 0.128125
40 0.46328125 0.4171875 0.1 0.121875
34 0.57890625 0.5640625 0.1 0.134375
34 0.49296875 0.59296875 0.10625 0.1375
33 0.40546875 0.61796875 0.1015625 0.1390625
33 0.3140625 0.64765625 0.10625 0.1421875
33 0.225 0.67265625 0.10625 0.1421875
23 0.86015625 0.3015625 0.1078125 0.1296875
23 0.78046875 0.32578125 0.1046875 0.13125
23 0.70078125 0.34921875 0.1046875 0.1265625
8 0.3828125 0.4453125 0.084375 0.121875
8 0.303125 0.46875 0.0921875 0.1296875
8 0.2234375 0.490625 0.0921875 0.1296875