13 0.3602743833471854 0.5798938576971251 0.10426568874502422 0.11168018119435104
13 0.510651068137877 0.5042268582013282 0.10263952174882984 0.11000842055068923
8 0.411515889772976 0.5529214482943006 0.09782468775644108 0.10655563861970414
8 0.5618289075674732 0.4788169487985037 0.10595552273741297 0.11491444183801285
3 0.4610357287082807 0.5297460282478144 0.10595552273741297 0.11491444183801285
3 0.615286830000875 0.4551334303611719 0.10758168973360753 0.11658620248167448
41 0.20683636555268828 0.6537798359055985 0.11077035672980182 0.11836722376899793
41 0.6641845864266657 0.4279971299928548 0.10270318874502422 0.11157092055068922
38 0.25570228848038173 0.6274247855372815 0.10263952174882984 0.11000842055068923
38 0.7161436758562619 0.4026418509118611 0.09788835475263546 0.10811813861970414
33 0.10448068669349579 0.7045996547112475 0.09457235376405224 0.10321211733238052
33 0.15250169262499483 0.6797524740210996 0.09132001977166349 0.09986859604505724
33 0.3083789609137836 0.6036866367781186 0.10263952174882984 0.11000842055068923
33 0.766508431787761 0.3779585611872058 0.1092078567298019 0.11825796312533629
10 0.8169686882135515 0.35093152146255047 0.10276685574121842 0.11313342055068931