5 0.5727284380670841 0.9061661032448949 0.13179682028847228 0.09137949980360816
41 0.5837373668286813 0.842030880372258 0.1222399823325695 0.08351245764913032
41 0.5846082293858688 0.7787359948336385 0.12060474715020852 0.0803783672900508
41 0.6043927461033687 0.7223632749860638 0.12056837955902786 0.07881586729005079
33 0.6170914614340978 0.6636877117543472 0.11417290919430556 0.07252950585373234
28 0.6243032429692367 0.6042627147794093 0.12049564437666671 0.07569086729005096
23 0.6386553772779171 0.5494843111886131 0.11577177678548622 0.07410109621281205
13 0.6513540926086463 0.4908087479568966 0.11413654160312507 0.07096700585373235
8 0.6546959917349657 0.4329689768796577 0.11413654160312489 0.07096700585373253
3 0.6697748246568753 0.3758422781093217 0.10625130642076393 0.06779655405833437
34 0.6785854737831947 0.3179706907753042 0.10461607123840277 0.06466246369925477
34 0.6945001080918752 0.2631831968254284 0.11242857123840277 0.06470791549465282
9 0.7072351910137848 0.20607013359371185 0.10141833605604163 0.06151928298109555
9 0.7152100387533334 0.14585934143923412 0.10606946846486132 0.05998405405833438
9 0.7248564892664237 0.0903269589256768 0.09818423328249999 0.0568136022629363