25 0.5343770742855156 0.8724936584942181 0.14536781094499088 0.130850026144509
35 0.5401933050636387 0.7889115638881584 0.1465208751693421 0.12315592531467204
40 0.5867651741285455 0.30065270206065925 0.13188516508343398 0.11115283278320494
40 0.5775782818850329 0.37978409500704496 0.13024077792830405 0.1094719336130419
40 0.5725842446844748 0.4640882400280232 0.12374511646291494 0.10431083693238996
34 0.40171846675617057 0.37663855206530367 0.13624511646291496 0.10525803029369403
34 0.38977506671074214 0.4630379933520154 0.1396976650834338 0.11174482863402009
33 0.38346419097557305 0.5521480375431566 0.14265889077317429 0.10885662697434598
33 0.3734517831282284 0.6454603296597053 0.1458657779283042 0.11065592531467221
33 0.3672227945481892 0.7361328738508466 0.14586577792830413 0.11065592531467203
23 0.604828020126388 0.0616251682424803 0.13196705223856356 0.11271533278320493
23 0.5973264586155702 0.14298191201870297 0.13501016508343397 0.111389631123531
23 0.5905652035271876 0.22349820620984415 0.12867827792830405 0.10935353444287887
8 0.5612583203287868 0.5473034817296534 0.12613313206674698 0.09048513527271584
8 0.5544970652404041 0.6278197759207945 0.13279256784239593 0.09877123195336797
8 0.5501614473071511 0.7097209713566912 0.13279256784239593 0.09877123195336797