34 0.290625 0.853125 0.128125 0.1203125
34 0.328125 0.80625 0.125 0.11875
34 0.36484375 0.75703125 0.128125 0.1203125
40 0.4015625 0.709375 0.1296875 0.121875
36 0.4390625 0.659375 0.128125 0.121875
31 0.48203125 0.6125 0.128125 0.121875
36 0.51875 0.5609375 0.1265625 0.1203125
36 0.55625 0.51328125 0.128125 0.121875
21 0.5953125 0.465625 0.1265625 0.1203125
16 0.63359375 0.415625 0.1296875 0.125
11 0.67421875 0.365625 0.13125 0.1265625
16 0.7125 0.31328125 0.13125 0.125
11 0.753125 0.2625 0.1328125 0.1265625
6 0.79375 0.2125 0.1328125 0.125