0 0.5402581641313895 0.75625 0.119733231382639 0.109375
35 0.5789946622315284 0.809375 0.12463893692972228 0.11875
24 0.18654279093753495 0.29453125 0.12147756933854179 0.1171875
24 0.22524292144649335 0.34609375 0.12144120174736121 0.115625
24 0.26241691954663227 0.39921875 0.12460256933854179 0.1171875
19 0.3018619324644101 0.44921875 0.11181162860909737 0.1046875
19 0.3428512615865976 0.4984375 0.10381729065319449 0.096875
19 0.3854212745043754 0.5484375 0.10381729065319459 0.096875
22 0.14986367458062538 0.4640625 0.12939917211208343 0.121875
22 0.19501382684107682 0.52421875 0.11820709897381958 0.1109375
22 0.2346588615103477 0.5828125 0.12293096656500006 0.1125
32 0.27661127858843804 0.63984375 0.13252417211208342 0.121875
32 0.3185455118709381 0.69609375 0.13092530452090295 0.1203125
2 0.4233583388089241 0.60078125 0.11337412860909737 0.1046875
2 0.46356641793111175 0.65 0.11181162860909737 0.1046875
2 0.4999046146444798 0.70078125 0.11337412860909737 0.1046875