29 0.8554415675001639 0.732673019328723 0.15351192431676958 0.14617608411256366
29 0.7996355116023814 0.7009599318965096 0.15674605172143147 0.1493192648307229
29 0.7430482057045988 0.669251389643836 0.1518948606144388 0.14460449375348397
41 0.6856523679556509 0.6367661425707023 0.15518355172143128 0.14931017447164335
41 0.6282019665043721 0.6027183954975686 0.1535664880191005 0.14773858411256366
41 0.5684350969042586 0.5694655339630541 0.15351192431676958 0.14617608411256366
38 0.5111483865599724 0.5401052868899204 0.1535664880191005 0.14773858411256366
33 0.45288945325752816 0.5052808349963265 0.15518355172143128 0.14931017447164335
28 0.3962203018062493 0.47122854274365283 0.15836311542376214 0.15089085518980241
28 0.33731652775963217 0.44031488602959873 0.15836311542376214 0.15089085518980258
23 0.27671384445718794 0.4055040696746242 0.158417679126093 0.15245335518980258
18 0.21538447485707451 0.3722602984991895 0.15674605172143127 0.1493192648307229
3 0.1555630415546303 0.33744493696467515 0.15351192431676958 0.14617608411256366
3 0.09504220380568232 0.30497787060970066 0.1583631154237622 0.15089085518980258