40 0.09453125 0.4982613960089832 0.0828125 0.1153918762235353
37 0.153125 0.48059025717157616 0.08125 0.11846231252120454
32 0.2125 0.4628918364830036 0.0828125 0.11851687622353531
27 0.27265625 0.4436036339432657 0.0859375 0.11862600362819702
27 0.33359375 0.42350689955236226 0.0859375 0.11862600362819702
27 0.39453125 0.40419141516145896 0.0859375 0.1186260036281972
17 0.4546875 0.3864657126217209 0.0875 0.12024306733052796
17 0.51484375 0.367177510081983 0.0875 0.12180556733052797
22 0.5765625 0.34627224383991423 0.0890625 0.12186013103285873
17 0.6390625 0.32768344574667996 0.090625 0.12347719473518967
12 0.70234375 0.3067236158022803 0.0921875 0.12665675843752044
2 0.76484375 0.28657231770904606 0.0890625 0.12342263103285873
2 0.8265625 0.26801080146697726 0.0921875 0.12665675843752044
2 0.8890625 0.249422003373743 0.090625 0.12503969473518967