14 0.3849135804951666 0.42261662149902995 0.06711851581733078 0.07723711179556503
14 0.32367499155986196 0.447078418959292 0.06542868182494202 0.07405754809323425
17 0.2625637366169461 0.46841521641955397 0.071997016805914 0.08208830290255768
17 0.20060756467783586 0.49128723202865066 0.06711851581733078 0.07723711179556503
17 0.14102697623682275 0.5134598431912436 0.06887201680591395 0.08197917549789598
21 0.8005505093543592 0.3792362207655413 0.08312551779449713 0.08715774881887368
21 0.7456574209133461 0.40157252303512675 0.07518568380210837 0.0837599303072194
21 0.6885160829666246 0.421483229751216 0.07837435079830275 0.08543155771188111
33 0.6336548280237088 0.44303828202080153 0.07668451680591382 0.08225199400955034
33 0.57804415657889 0.46378480243922143 0.07193334980971962 0.08052580290255769
33 0.5239641516359741 0.48536713655997243 0.07368685079830276 0.08526786660488846
3 0.4692620641835443 0.5030159388295579 0.0670548488211363 0.07567461179556503
3 0.4175576427387256 0.5238988685038051 0.06711851581733086 0.07723711179556503
3 0.36110205429771247 0.5461806070710596 0.07024351581733076 0.07734623920022674
15 0.3063362998490882 0.5653919093406452 0.07674818380210838 0.08381449400955017