39 0.41255298394188256 0.880586744105682 0.14536781094499088 0.1259788626613009
36 0.4445123128655549 0.8358936680219585 0.14536781094499088 0.1259788626613009
31 0.4780341417892272 0.7912642589344296 0.14865658525525038 0.12923119665368965
26 0.5131594142904643 0.747479766843095 0.14865658525525038 0.12923119665368965
21 0.5472987189038772 0.6997571912536632 0.14865658525525038 0.12923119665368965
16 0.5815608542499846 0.6543783656642315 0.15186347241038015 0.1309210306460784
16 0.6157820460185273 0.6082182900747996 0.15186347241038015 0.1309210306460784
11 0.6508254313646347 0.562871297983465 0.14865658525525038 0.12923119665368965
6 0.6850056795556123 0.5159299723940333 0.15186347241038015 0.1309210306460784
6 0.7216115649017197 0.47064664729889305 0.1550703595655099 0.13261086463846716
6 0.7573543130926975 0.4237689887056556 0.15523413387576923 0.13573586463846715
11 0.7930970612836752 0.3768913301124182 0.15679663387576942 0.13579953163466155
6 0.8286760351643935 0.3268886715191807 0.1569604081860291 0.13892453163466154
1 0.8650772026226765 0.27769909642404056 0.15350785956551008 0.1325471976422728