38 0.7108552228511438 0.2745514874283593 0.14731003460041112 0.16569882001909003
38 0.6391048982502952 0.31510321475172337 0.14574753460041112 0.1656806386855445
38 0.5665733236494466 0.3556458514083147 0.14731003460041112 0.16569882001909003
33 0.4940417490485979 0.3961884880649061 0.14731003460041112 0.16569882001909003
28 0.42229142444774925 0.43674021538827024 0.1489362015966055 0.16727950135263542
28 0.34894676634880345 0.47649251137808885 0.1489362015966055 0.16727950135263542
23 0.2740714417479548 0.5170078760343622 0.15375103558899425 0.17045904535327167
18 0.19847853414330058 0.5590766500238626 0.15537720258518867 0.17203972668681722
18 0.7107955089344296 0.44556342142740474 0.1473737015966055 0.16726132001909005
13 0.6398582678316782 0.48690548941754164 0.14568386760421675 0.16411813868554467
8 0.5673266932308295 0.5274481260741328 0.14568386760421675 0.16411813868554467
13 0.4962621181356893 0.5656651940642698 0.14568386760421675 0.16411813868554467
8 0.42373054353484074 0.6062078307208612 0.1504987015966055 0.16729768268618095
3 0.35213938642447806 0.6506658080442251 0.1504987015966055 0.16729768268618095