25 0.8843032876033415 0.5081995572401737 0.10633752471457925 0.12488344606059662
30 0.835579286120467 0.5048386815152275 0.10633752471457925 0.12488344606059662
35 0.7853882851318839 0.5039399549604443 0.10633752471457925 0.12488344606059662
18 0.7353246181356894 0.5061662284056612 0.09814302273741297 0.11491645020978147
23 0.6858193666528146 0.5028645522657963 0.10464769072219049 0.12164004689043359
28 0.6356283656642314 0.501965825711013 0.10133168973360736 0.11671574855010754
3 0.5861231141813567 0.4986641495711483 0.0996418557412186 0.1134723493799445
8 0.536808863687065 0.5000499734312835 0.10458402372599611 0.1200775468904336
8 0.4388024452079959 0.49885617156647266 0.10133168973360736 0.11671574855010754
13 0.48658602920038463 0.4983699968765004 0.10133168973360754 0.11671574855010754
13 0.3876391932308295 0.49332914459677085 0.10126802273741298 0.11515324855010753
18 0.3335737757403436 0.49350766596739526 0.09482702174882984 0.1099921518694554
18 0.2896327747517604 0.4921353427319598 0.0980793557412186 0.11335395020978148
23 0.2340366907593716 0.4932135132727472 0.10283052273741297 0.11527164772027057
28 0.18690702277459406 0.490515488377638 0.10133168973360744 0.11671574855010754
38 0.13218768927649688 0.49387820933334386 0.10783635771838496 0.12343934523075965
38 0.0773091882879137 0.4933346802890496 0.10783635771838496 0.12343934523075965