26 0.48125 0.8466231944102114 0.0796875 0.051350857678314196
26 0.47734375 0.7947646964848039 0.075 0.05568316016782511
26 0.4734375 0.7413436985593963 0.0859375 0.054949454358966324
6 0.46484375 0.6883487531234996 0.0828125 0.05627515601864026
6 0.459375 0.632465606027929 0.078125 0.05279495850815117
6 0.45546875 0.5813883581025214 0.0765625 0.052676559337988135
11 0.45234375 0.5303703097621955 0.0796875 0.0544758576783142
16 0.44609375 0.4806779630815433 0.075 0.05412066016782511
21 0.43984375 0.4270793664008913 0.0765625 0.05736405933798814
36 0.43515625 0.3728179188904022 0.0796875 0.0544758576783142
36 0.43046875 0.3193377213799131 0.0796875 0.0544758576783142
4 0.4234375 0.2672424251141795 0.0703125 0.05220296265733602
4 0.41796875 0.2137030280186089 0.075 0.05568316016782511
4 0.409375 0.16227058258271226 0.0734375 0.05087726099766212
30 0.5 0.9907237788438014 0.0875 0.018552442312397232