20 0.0515625 0.48203125 0.046875 0.0625
25 0.1078125 0.48359375 0.0453125 0.0671875
33 0.16171875 0.4828125 0.0484375 0.059375
33 0.21875 0.48359375 0.0515625 0.0625
33 0.27578125 0.48515625 0.05 0.0625
3 0.33515625 0.4859375 0.046875 0.0625
3 0.39140625 0.4859375 0.05 0.0640625
3 0.45 0.48828125 0.05 0.0703125
36 0.50546875 0.4875 0.046875 0.0609375
36 0.5625 0.4859375 0.04375 0.065625
36 0.62109375 0.48828125 0.0484375 0.0671875
2 0.68125 0.4859375 0.053125 0.0671875
2 0.74296875 0.4859375 0.0546875 0.065625
37 0.803125 0.4859375 0.0546875 0.065625
37 0.86484375 0.48515625 0.0546875 0.065625
37 0.9296875 0.484375 0.053125 0.0625