23 0.507810320209814 0.17009689691904017 0.1096398271096728 0.10656937418757347
23 0.4820251160698986 0.215091797081196 0.11279210064862308 0.10818642126547413
38 0.43515584455954315 0.30578102678865654 0.11432732710967279 0.10665119480442442
38 0.41100132426700375 0.35465490341186195 0.11114778003177203 0.10347164772652384
38 0.3916024878218401 0.40735320941821634 0.10640573295387137 0.1002648271096728
38 0.3682292175293006 0.4562134492719466 0.10640573295387146 0.1002648271096728
29 0.5288398405023533 0.12127756737373543 0.1127648271096728 0.10662392126547413
24 0.4562262751605082 0.25930544724335175 0.11279210064862308 0.10818642126547413
14 0.3440065133893853 0.501181075895152 0.10955800649282174 0.10188187418757337
14 0.3182758563273707 0.5493009760573079 0.11117505357072241 0.10503414772652384
14 0.2941349728043064 0.5989561026805132 0.10796823295387145 0.10029210064862326
25 0.2707753392812421 0.6485975925342435 0.11750687418757347 0.10983074188232518
34 0.24275547929712818 0.6998834030048249 0.10637845941492108 0.09870232710967279
34 0.2194367560824894 0.7518686428585551 0.10953073295387146 0.10031937418757338
34 0.19450098578994993 0.8007561562512358 0.10953073295387146 0.10031937418757338