11 0.8547854737400412 0.21320779519759134 0.1125574874635877 0.1125574874635877
21 0.7975807275009649 0.24765700303600785 0.13029055674305995 0.1318075926364372
36 0.7389044094751339 0.2790266749810471 0.11581887978345584 0.11733591567683303
1 0.6818815196625483 0.3072258828194636 0.11738137978345584 0.11738137978345567
16 0.628446631103604 0.3462489303913235 0.13502352084968247 0.13350648495630518
31 0.5697248489711504 0.3791811023363626 0.12376777210332382 0.12225073620994645
11 0.5126792271052534 0.4081615601747791 0.1205973079967011 0.1205973079967011
36 0.45464776675955443 0.44419600006650695 0.1157279515702104 0.11421091567683313
39 0.3966163064138555 0.4802304399582349 0.11411998746358769 0.11260295157021041
31 0.3363547563347132 0.5124268260098968 0.11733591567683303 0.11581887978345584
26 0.27761024214894825 0.546140247954936 0.12215980799670109 0.12064277210332364
26 0.21891119206980592 0.5782911698999752 0.12859166442319178 0.1270746285298145
39 0.15770926761748424 0.6159790380049484 0.1269837003165691 0.1254666644231918
36 0.10142216369827599 0.6457180137900536 0.1205973079967011 0.1205973079967011