11 0.10888785068624936 0.7564292251143749 0.10392639342673622 0.10392639342673604
21 0.17229704046576327 0.7159120214671526 0.09753092306201401 0.0975309230620141
36 0.21915450988055502 0.6820266775273263 0.10716049620027786 0.10868662860909736
1 0.27471483206888836 0.6432538118360067 0.10719686379145843 0.11024912860909737
16 0.3318740218484023 0.6028820785535066 0.10716049620027786 0.10868662860909736
31 0.38901502783232594 0.5632915952710066 0.09753092306201401 0.09753092306201391
11 0.44384865140743013 0.5221931633752774 0.09916615824437507 0.1006922906531944
36 0.498664091186944 0.4818759814795482 0.0990934230620141 0.09756729065319458
39 0.553479530966458 0.44155879958381894 0.10712412860909737 0.10712412860909737
31 0.6090762207459719 0.4012234338924995 0.10229115824437507 0.10076502583555555
26 0.6654905281166663 0.35930738440558974 0.10065592306201392 0.09760365824437507
26 0.7226860854873609 0.31737315112308967 0.09912979065319441 0.09912979065319458
39 0.7869128928580553 0.2752752636802771 0.10232752583555574 0.10232752583555564
36 0.8362232150463885 0.23664786835367985 0.10716049620027804 0.10868662860909728