40 0.4296875 0.8703125 0.1078125 0.065625
37 0.43046875 0.8078125 0.1078125 0.065625
32 0.428125 0.7453125 0.1078125 0.06875
27 0.4265625 0.6828125 0.1078125 0.0703125
27 0.4265625 0.61875 0.1109375 0.06875
22 0.42578125 0.5546875 0.1109375 0.071875
17 0.425 0.48984375 0.1140625 0.071875
12 0.42265625 0.425 0.1140625 0.071875
12 0.42109375 0.36015625 0.115625 0.075
12 0.41953125 0.29375 0.1171875 0.0734375
12 0.41640625 0.2265625 0.11875 0.0765625
2 0.41640625 0.159375 0.1171875 0.075
2 0.41640625 0.09296875 0.1171875 0.0765625
2 0.41484375 0.03125 0.115625 0.0625