1 0.2556287624178356 0.16403909052135396 0.11323306576151389 0.10712412860909733
6 0.29937889135578954 0.20122931278593725 0.11661315727678297 0.11032186379145843
11 0.3405779762030988 0.23146102023288165 0.10478283697334119 0.0991297906531945
14 0.3838019466563217 0.2655444262930552 0.09464256242753404 0.08953658510611122
14 0.4248097128671793 0.2981198837399996 0.09971269970043757 0.09433318787965286
29 0.4702976849873922 0.3235731722089926 0.10140274545807201 0.09593205547083343
29 0.5103966554406151 0.3577293134515273 0.09971269970043757 0.09433318787965286
29 0.5499056945302898 0.3895598884896523 0.10140274545807201 0.09593205547083343
26 0.5898611437716855 0.4159217135277773 0.10309279121570665 0.09753092306201391
31 0.6310602286189948 0.4461534209747217 0.10309279121570665 0.0975309230620141
36 0.6725144049815732 0.4732601284216661 0.09633260818516867 0.0911354526972918
39 0.707591035586517 0.5020748062333327 0.09126247091226496 0.08633884992375015
39 0.7480726433126436 0.5315434474758673 0.09971269970043757 0.09433318787965277
39 0.7886180239175873 0.5602308387184021 0.09971269970043757 0.09433318787965277