4 0.8609930105467163 0.7443330817845479 0.06893300649282175 0.10156380642076393
4 0.7998509590045887 0.7340326678405896 0.06578073295387146 0.09992857123840296
4 0.7348162942319363 0.7246044228745827 0.06745232710967279 0.10621493882958326
32 0.672125379459284 0.715121626521805 0.0690148271096728 0.10625130642076393
32 0.6125049176087309 0.7024410949866662 0.06739778003177203 0.10308993882958326
32 0.550636163144504 0.6952838648382981 0.06742505357072233 0.10465243882958326
32 0.4917969512939509 0.6825851495075691 0.06262845941492116 0.09829333605604162
27 0.42922876744657507 0.6801336031547913 0.0643000535707225 0.10457970364722229
27 0.36967648944339787 0.6713593216196525 0.06106595941492108 0.09825696846486114
27 0.31241341436232 0.6594054886977428 0.06427278003177203 0.10301720364722229
17 0.24896852312861792 0.6515033761405553 0.0657261858759707 0.09680357123840277
17 0.19177363189491592 0.6434557932186457 0.06413641233702042 0.09520470364722229
37 0.1353054435833132 0.6322650265011458 0.06575345941492108 0.09836607123840295
37 0.07652077881066081 0.6226913111704165 0.06103868587597074 0.09669446846486132