4 0.42890625 0.14296875 0.0640625 0.059375
4 0.4296875 0.2015625 0.0640625 0.05625
4 0.4296875 0.26171875 0.0703125 0.0578125
6 0.4296875 0.32109375 0.0703125 0.059375
6 0.4234375 0.38125 0.0609375 0.0515625
6 0.42421875 0.4390625 0.065625 0.053125
36 0.425 0.49765625 0.0546875 0.0484375
36 0.425 0.55234375 0.0640625 0.053125
36 0.4265625 0.60625 0.0625 0.05
36 0.421875 0.66171875 0.05625 0.05
28 0.42109375 0.71328125 0.0609375 0.0578125
28 0.42265625 0.7625 0.0609375 0.05625
28 0.4234375 0.81796875 0.0640625 0.0546875
3 0.42734375 0.08203125 0.0703125 0.059375
3 0.42734375 0.025 0.06875 0.05