23 0.803125 0.7046875 0.084375 0.0984375
28 0.7609375 0.684375 0.0828125 0.1015625
33 0.7109375 0.6640625 0.0875 0.103125
28 0.66484375 0.6421875 0.0875 0.1046875
33 0.6203125 0.621875 0.0890625 0.1046875
38 0.57578125 0.60234375 0.0875 0.1046875
34 0.53125 0.58203125 0.0859375 0.1015625
34 0.4859375 0.56171875 0.0890625 0.1046875
4 0.4421875 0.54140625 0.0890625 0.1046875
4 0.3984375 0.521875 0.0875 0.1046875
4 0.3546875 0.50234375 0.090625 0.1046875
19 0.31171875 0.48125 0.090625 0.1046875
19 0.26640625 0.46015625 0.0875 0.103125
19 0.2234375 0.440625 0.0890625 0.1046875
15 0.1796875 0.41953125 0.0890625 0.103125
35 0.13515625 0.40078125 0.090625 0.1046875
30 0.090625 0.3796875 0.0890625 0.1046875
25 0.04765625 0.359375 0.084375 0.1