30 0.6067935290442941 0.09027055731369298 0.16453794191141177 0.1184755261671849
14 0.5661326402470934 0.10908917577189677 0.14228443361304208 0.13273544724210717
14 0.5235657093333438 0.14270604159926462 0.147327131123531 0.13769596302712275
14 0.4773293267599203 0.17297039427245284 0.14564623195336796 0.13604245776545082
29 0.43163739584617067 0.206405249576477 0.1539323286340201 0.14274748407381016
29 0.3884668136876657 0.23763286277300893 0.1539323286340201 0.14274748407381016
27 0.34367453194407915 0.269550720707869 0.1589750261445091 0.14770799985882563
22 0.303699804764596 0.31038084705858054 0.14720873195336798 0.13613346302712276
17 0.25770022053149855 0.3375201997317688 0.15729412697434614 0.1460544945971538
37 0.21116784003266753 0.371690802404957 0.1554948286340201 0.142838489335482
32 0.16776045953383645 0.4060434156014889 0.16065592531467213 0.14936150512049745
27 0.12218692779024994 0.43791577090551304 0.1604191269743461 0.14623650512049763
12 0.08365630144060374 0.4803994025178964 0.1437285344428789 0.13126395250377917
7 0.05746526742193211 0.5130530078219205 0.11493053484386422 0.14118498407380997
2 0.03332902779489431 0.549096923635171 0.06665805558978861 0.1356938472703421