39 0.16330232734048344 0.7929933238751674 0.12202916542531543 0.14423438936371688
36 0.21546629487549476 0.7603481528708322 0.12032111621110371 0.14101838410204498
39 0.32284645533841144 0.6964383003388184 0.12351889081820958 0.14276289462538863
36 0.3766093101769757 0.6629208740728114 0.12195639081820957 0.1426718893637169
31 0.2675938751069531 0.7284842318664972 0.12039389081820957 0.14258088410204497
31 0.4294817531048811 0.6317927004376405 0.12508139081820957 0.14285389988706054
21 0.48253613255055117 0.5967582768024695 0.12351889081820958 0.14276289462538863
21 0.5354085754784565 0.5656301031672983 0.12351889081820958 0.14276289462538863
16 0.5891350430134679 0.5328939269012916 0.12508139081820957 0.14285389988706038
16 0.6436427605484792 0.5001122480044486 0.1267894400324213 0.14606990514873247
16 0.6981504780834905 0.4673305691076058 0.12835194003242129 0.1461609104104042
11 0.7519133329220548 0.4338131428415988 0.12508139081820957 0.14285389988706054
6 0.808764800457066 0.4008949560522481 0.13154971463952697 0.14790542093374803
1 0.8626004299027361 0.3658150297862412 0.12181084160399784 0.1395468893637169