38 0.21885251989182314 0.8035127595669115 0.1374283693507265 0.13208037727617317
38 0.2647013692314138 0.7587374686589692 0.13584768801718106 0.13047241316955044
33 0.30896953723745896 0.7154792136444043 0.14213405068427196 0.1337792695960413
28 0.3532649772438223 0.6698772086298393 0.1389908693507264 0.13212584138279587
23 0.3967882579169584 0.6234712215619631 0.1389908693507264 0.13212584138279587
18 0.44262801658977635 0.5794771806540208 0.1389908693507266 0.13212584138279587
18 0.48926720659613954 0.5339433717993899 0.14373291335136287 0.13694973370266403
8 0.5794387679424118 0.44122232587688276 0.1389908693507264 0.13212584138279587
13 0.5343348059357302 0.4891453488381363 0.1389908693507266 0.13212584138279587
13 0.6245245486155478 0.3948618029156291 0.14215223201781732 0.13534176959604133
13 0.6711637386219111 0.34932799406099824 0.14215223201781732 0.13534176959604133
13 0.7154591786282746 0.30372598904643333 0.1405715506842718 0.1337338054894186
3 0.7628977999681833 0.25665241224511376 0.14373291335136287 0.13694973370266403
3 0.8095460806413193 0.21033735339048282 0.13900905068427177 0.1336883413827959
3 0.8522881113144554 0.16390863426929522 0.1389908693507266 0.13212584138279593