38 0.2409111894095874 0.565809780842551 0.21655334269572596 0.21779897483619665
38 0.3185634747374058 0.526548457790068 0.21813402402927143 0.21938874837514694
38 0.3977782600652243 0.4873144082765354 0.2197147053628168 0.22097852191409723
33 0.4762390673933609 0.45041047199352746 0.2197147053628168 0.22097852191409723
33 0.5554265807208612 0.40883267247999483 0.22445674936345306 0.22574784253094826
33 0.6361947753819068 0.3688446465054125 0.2228760680299077 0.22415806899199797
13 0.23279124876667723 0.7406325028393738 0.21339198002863508 0.21461942775829607
13 0.31281455609481384 0.7037558400953163 0.21655334269572588 0.21779897483619665
13 0.38968559142263226 0.6644808802733582 0.21655334269572588 0.21779897483619665
13 0.46968162675045066 0.6252604675293008 0.21497266136218052 0.21620920129724616
8 0.5457895934118145 0.5875343709378673 0.21813402402927123 0.21938874837514694
3 0.6273754007399511 0.5506849817327601 0.21497266136218052 0.21620920129724616
3 0.7081254140674516 0.5091344557581778 0.2197147053628168 0.22097852191409723
3 0.7889208807288153 0.4714901797835955 0.2197147053628168 0.22097852191409723