9 0.8520877946389733 0.5622877964560861 0.12306712743398443 0.1585124576491305
9 0.7992940312462927 0.5368110734852533 0.12150462743398442 0.15850336729005096
9 0.7472815178536122 0.5113298053348807 0.11832508035608384 0.15536018657189174
4 0.6968315044609316 0.4858394468254284 0.12147735389503396 0.15694086729005097
4 0.6448462646072013 0.4619206786750558 0.11988758035608367 0.15536927693097127
2 0.5928746615229462 0.43878316052468314 0.11988758035608367 0.15536927693097127
2 0.5440416952081663 0.4164087116561513 0.1182432597392328 0.15067268657189176
2 0.4936325921239112 0.39326210314669907 0.11824325973923262 0.15067268657189176
41 0.4431689419617554 0.36699049463724687 0.11988758035608367 0.15536927693097136
41 0.39434961241645067 0.34539729576871503 0.12147735389503396 0.15694086729005097
41 0.34702459902377003 0.31988875654110355 0.11824325973923262 0.15067268657189176
1 0.2989865194784653 0.2982910124930319 0.11824325973923262 0.15067268657189176
1 0.25097571347211084 0.2782557684449602 0.11344666558343128 0.14439541549465282
1 0.2005529736183806 0.25432790993550797 0.11662621266133195 0.14753859621281204
15 0.15330978084255098 0.2335068707078965 0.11506371266133195 0.14752950585373253
20 0.10375011160567175 0.21426196701890446 0.11037621266133195 0.1475022347764936