5 0.4468374608387039 0.09962484355715247 0.10744064458064813 0.07488344606059653
9 0.44796117196023183 0.15774499687650037 0.09751884043361106 0.0679230510396184
9 0.4490165325633801 0.21664640019584827 0.10050713939685174 0.0665973493799445
9 0.45007189316652835 0.27554780351519614 0.09738213939685174 0.06636055103961844
14 0.45340265325129697 0.3350528580792996 0.09751884043361088 0.06792305103961845
14 0.45452636437282495 0.39317301139864747 0.0909954383600926 0.06432445435896632
6 0.4564313254943528 0.4512339651329139 0.09751884043361106 0.06792305103961845
11 0.45769173765263993 0.5077916184522617 0.0977922425071295 0.07104805103961845
16 0.45725294877416783 0.5660301709417727 0.10261644354388881 0.07296574855010754
21 0.46000751041407534 0.6232506750909576 0.09792894354388881 0.07261055103961844
26 0.46113122153560326 0.6813708284103054 0.0993547425071295 0.07116645020978148
31 0.4637490821387515 0.7401538325594903 0.09751884043361106 0.06792305103961845
31 0.46500949429703864 0.7967114858788383 0.09425713939685174 0.06612375269929238
36 0.46783240645532576 0.8531507400280232 0.0962297425071295 0.0709296518694554
39 0.4666123675768537 0.9114484921026156 0.0962297425071295 0.0709296518694554