40 0.055030329240789856 0.6159126973126943 0.08027837334017515 0.10620376834526439
37 0.11451441354974526 0.6006208972562247 0.07559087334017515 0.10593075256024882
32 0.17084622678146183 0.5898345866764112 0.07713519262201589 0.10289675782192056
27 0.22561099483363858 0.5797385208349258 0.07242951190385671 0.09949874203690498
22 0.2819382628858153 0.5697334602551125 0.07713519262201593 0.10289675782192056
17 0.3375160971947707 0.554214147044463 0.07712610226293633 0.10133425782192056
7 0.42279052186280575 0.5388614338055788 0.07401928298109546 0.10427724729857708
7 0.47913597063314173 0.5257313732257655 0.06776019262201594 0.1023507262518896
32 0.5949700488919729 0.49652826258948224 0.07401928298109546 0.1042772472985769
27 0.6497575428418487 0.48252594674799704 0.07713519262201593 0.10289675782192056
22 0.7107632205349459 0.4743564019531991 0.07398292154477701 0.0980272472985769
4 0.828164343973317 0.44446304657858776 0.06926815046753809 0.09306673151356151
4 0.8853046782822723 0.42903473862961033 0.07555451190385654 0.09968075256024882
4 0.9439802415139888 0.41838493594230464 0.06928633118569749 0.09619173151356133