24 0.4954056991274799 0.09337345126513949 0.13875613342392407 0.1311965506842719
24 0.5154014888521352 0.14231948126195781 0.13875613342392407 0.1311965506842719
24 0.548115799864114 0.1879950605904126 0.13519409084927717 0.12491018801718105
4 0.5032246449007649 0.39459959659454874 0.1487866972858944 0.1406806386855446
4 0.522909078188803 0.4591615359245944 0.15881726114786474 0.1501647266868172
39 0.5383594795458557 0.5284564285885036 0.17197282500983527 0.15968517735518084
39 0.5707078037993863 0.5905291672501857 0.1737538462971587 0.1628283586887264
39 0.6043454764437627 0.6564899745783223 0.18211264951546724 0.17073176535645337
36 0.5560104273359533 0.24254620058882176 0.14209965471124733 0.13435791335136288
36 0.5791858473824394 0.2906746179185492 0.13519409084927717 0.12491018801718105
36 0.6090101051761095 0.34418996924732215 0.14042789406758588 0.13277723201781733
36 0.6285142220042872 0.40016724924414043 0.15213021857321785 0.14384200135263542
6 0.6508701872233104 0.4600144165738679 0.1487866972858944 0.14068063868554467
6 0.6836009237296571 0.5166184052355499 0.16037976114786473 0.15018290802036277
6 0.716566607017695 0.5810258032304592 0.16717606436617344 0.15806813335454456
15 0.8180366358465871 0.7039627692155055 0.17041032500983527 0.1596669960216353
20 0.8452439920311029 0.7614116425445966 0.13403578243518838 0.15299882535008996
35 0.777258452558549 0.6396462778883233 0.17720662822814398 0.1675522213558171