20 0.9543077031622891 0.7281489261741733 0.09138459367542176 0.13216614474715094
5 0.9193196199306481 0.70777861413968 0.12620724317557475 0.13216614474715094
10 0.8677014619489309 0.6874446894087395 0.12130141935425698 0.12726032092583353
2 0.8167190047530017 0.6640221519813521 0.12940501778268043 0.13387419396136266
7 0.7635019594677315 0.6428342026433059 0.12620724317557439 0.13216614474715094
12 0.7095036641824611 0.6216098660017068 0.12449919396136266 0.12896837014004525
32 0.6576671823794262 0.5965884412707665 0.12947779238978613 0.13543669396136265
37 0.603668887094156 0.5753641046291673 0.12947779238978613 0.13543669396136265
40 0.551051155291121 0.550306292594674 0.12784251778268024 0.133801419354257
17 0.4954175853987449 0.527446681345969 0.12776974317557438 0.13223891935425697
22 0.43978401550636875 0.5045870700972639 0.12947779238978613 0.13543669396136265
27 0.38723905831043964 0.4810917580627706 0.1294777923897862 0.13543669396136265
12 0.33004298841806345 0.4581593722069598 0.13111306699689199 0.13707196856846854
12 0.2751178939185815 0.43377364826180764 0.13274834160399784 0.1387072431755744
12 0.22019279941909947 0.40938792431665566 0.1343836162111037 0.14034251778268042
2 0.16299672952672334 0.38645553846084474 0.13765416542531544 0.14361306699689197
2 0.10565511042013549 0.3603981526050339 0.1327483416039979 0.13870724317557448