23 0.203125 0.76015625 0.1109375 0.1125
23 0.25078125 0.72265625 0.1046875 0.1078125
23 0.29453125 0.68515625 0.0984375 0.1015625
14 0.34375 0.64921875 0.1046875 0.10625
14 0.39296875 0.6109375 0.1 0.1015625
14 0.43828125 0.5765625 0.0984375 0.1015625
41 0.4828125 0.53515625 0.1 0.103125
41 0.53046875 0.50078125 0.103125 0.10625
41 0.5765625 0.4625 0.0984375 0.103125
3 0.6234375 0.4265625 0.1 0.1015625
3 0.67421875 0.38671875 0.0921875 0.096875
19 0.7234375 0.3453125 0.0828125 0.084375
19 0.76875 0.30625 0.0859375 0.0875
19 0.81875 0.2703125 0.090625 0.0953125