38 0.7737531183407869 0.38002980835994277 0.19559599530842303 0.1838760720123153
38 0.7097177515126093 0.43667523897990607 0.19726775595208465 0.18544766237139498
38 0.6441198846844317 0.49332975995894907 0.19893951659574646 0.1870192527304745
33 0.5791393768907616 0.5476359857584523 0.19893951659574646 0.1870192527304745
33 0.5137054010280766 0.6066342567374953 0.20228303788306992 0.1901624334486339
33 0.44659966452172994 0.6640791180756178 0.20061127723940828 0.18859084308955404
13 0.7351173172161651 0.20752809446429624 0.19225247402109957 0.18073289129415607
13 0.668574309422495 0.261843410622879 0.19559599530842284 0.1838760720123153
13 0.6052655622724865 0.31770304606330263 0.19559599530842284 0.1838760720123153
13 0.538105195444309 0.37436665740142516 0.19392423466476122 0.18230448165323568
8 0.4755230679724697 0.429440497662309 0.19726775595208465 0.18544766237139498
3 0.4074175601787996 0.48376490417997137 0.19392423466476122 0.1823044816532356
3 0.34120233431611463 0.5427677203385541 0.19893951659574646 0.1870192527304745
3 0.2732060871661063 0.5986546268562166 0.19893951659574646 0.1870192527304745