30 0.14516563436026905 0.7698128246853277 0.0879545179539809 0.08475535352912936
39 0.6269124788245654 0.03041030372729981 0.0958306504675381 0.06082060745459962
39 0.5951993913923519 0.06979286575296936 0.09583065046753828 0.09628484937994446
36 0.5548880087805987 0.12677749417720802 0.10053633118569749 0.0997650468904335
31 0.5200226502711465 0.17944147550587602 0.09581246974937904 0.09315984937994445
31 0.45421636397040127 0.28759844023780456 0.0989738311856975 0.09964664772027057
26 0.49063058694123407 0.2324723097389735 0.09581246974937904 0.09315984937994441
26 0.42169475546094903 0.3400848228112281 0.09266928903121982 0.08979805103961844
26 0.35588392398066404 0.4474605375431565 0.08953519867214013 0.08799875269929239
21 0.38682939695149676 0.3927488041398961 0.09424996974937896 0.09304145020978147
21 0.31946061065075154 0.5010241680419877 0.09424087939029935 0.09147895020978147
16 0.28225150214129935 0.5538657481259002 0.09581246974937896 0.09315984937994451
34 0.24739523399092672 0.6080922294545683 0.08167724687674208 0.07959425684847724
34 0.2141151013791735 0.6645440616130733 0.0848204275949013 0.0829560551888033
34 0.18001281215156206 0.7140238433566598 0.0895170179539809 0.08487375269929238