20 0.36484375 0.91875 0.1 0.096875
0 0.32890625 0.95703125 0.1 0.0859375
23 0.39453125 0.87578125 0.09375 0.090625
28 0.4328125 0.8375 0.09375 0.090625
33 0.46796875 0.79453125 0.096875 0.090625
19 0.5015625 0.75 0.096875 0.0921875
19 0.53828125 0.71015625 0.1 0.0953125
19 0.5734375 0.665625 0.1046875 0.1
8 0.6109375 0.6234375 0.103125 0.1015625
13 0.646875 0.58125 0.1015625 0.096875
18 0.67734375 0.5375 0.0921875 0.0890625
3 0.71640625 0.4921875 0.09375 0.0921875
3 0.7515625 0.44609375 0.096875 0.0953125
29 0.7890625 0.40390625 0.09375 0.0921875
29 0.82734375 0.36015625 0.0953125 0.0921875
29 0.871875 0.3140625 0.0984375 0.0984375