26 0.8459561181598614 0.4260938625981733 0.04829333605604162 0.0625744110699257
26 0.7967555519554518 0.4251563559747513 0.04048083605604162 0.06230159255827132
26 0.7492447723201738 0.42974216305366025 0.04524107123840295 0.06559028366526398
23 0.7010800292540281 0.4397694382814037 0.04520470364722229 0.06402778366526399
23 0.6535510658231601 0.4435739953603125 0.043569468464861316 0.060848219962933214
23 0.6037329037790629 0.4496404568857252 0.05156380642076393 0.06893353847458741
33 0.5554045065526045 0.45263648211346863 0.04527743882958344 0.06715278366526398
33 0.5024067931217365 0.45625006623421954 0.05156380642076393 0.06893353847458741
28 0.44984483757465316 0.445047182206136 0.04680357123840277 0.06564484736759475
28 0.39904540377906283 0.4424926118803831 0.04524107123840286 0.06559028366526398
28 0.3459385875746531 0.44141869600113404 0.04996493882958344 0.06731647477225663
28 0.292086888961424 0.44187999827071955 0.04676720364722229 0.06408234736759474
29 0.18289372691732675 0.4458730391075596 0.046403527735416714 0.04845734736759475
29 0.12962325655260454 0.43776787322831046 0.04338763050895835 0.053035719962933034
29 0.0706119324644101 0.45131945253973793 0.04662173328250006 0.05783234736759475