30 0.32616743159177725 0.10799157662318382 0.14733974672063965 0.12976132001909005
23 0.37138807835784543 0.15046033995068409 0.14248847241038015 0.1265817760184537
13 0.4134018379687839 0.19140296594527523 0.13755531094499088 0.12183973201781736
18 0.4603487590451116 0.23697854793923007 0.13911781094499087 0.12185791335136278
23 0.49862004296630946 0.28109162726768483 0.13270403663473135 0.11866018801718106
33 0.5430594397323777 0.32356948126195784 0.12119332654882306 0.10759541868236289
28 0.5790279172311404 0.36849108259073077 0.13755531094499088 0.12183973201781742
3 0.6113767497728574 0.4189268872533673 0.12768898801421252 0.11235564401654478
8 0.6579142350735363 0.45668996924732214 0.124400213703953 0.1091942813494537
13 0.7019441960639557 0.49135532324159514 0.12102955223856356 0.10447041868236298
23 0.7421907377870698 0.5284098805697317 0.13097776232447203 0.11551700668363551
23 0.7842044973980082 0.5693525065643229 0.1261264880142125 0.11233746268299924
41 0.8300016762762521 0.6079059292250504 0.1277708751693421 0.11391814401654479
38 0.8740725808442363 0.6433525332193234 0.13755531094499104 0.12183973201781732
33 0.9098772840327396 0.6851491345480965 0.122837713703953 0.10917610001590852