26 0.778125 0.54296875 0.0484375 0.0796875
26 0.72734375 0.54140625 0.053125 0.0765625
26 0.67421875 0.53828125 0.0515625 0.0859375
6 0.6203125 0.54140625 0.053125 0.0828125
6 0.56484375 0.53984375 0.0484375 0.0796875
6 0.51484375 0.53828125 0.0484375 0.078125
11 0.4640625 0.53515625 0.0515625 0.0796875
16 0.4140625 0.5359375 0.0515625 0.0765625
21 0.36171875 0.53515625 0.0546875 0.078125
36 0.3078125 0.534375 0.0515625 0.0796875
36 0.25390625 0.5328125 0.0515625 0.0796875
4 0.20234375 0.53359375 0.0484375 0.071875
4 0.14921875 0.5328125 0.053125 0.0765625
4 0.096875 0.53515625 0.0484375 0.0765625
30 0.94375 0.54296875 0.0578125 0.0890625