36 0.10686068124999999 0.6671721421875 0.11929201250000002 0.6375261984375 0.0835799515625 0.6182485640625 0.0728746109375 0.64658600625 0.10686068124999999 0.6671721421875
36 0.24454532499999998 0.412268734375 0.27267840312499997 0.43744852968750003 0.3075973359375 0.39086081093749997 0.278380559375 0.3652304125 0.24454532499999998 0.412268734375
36 0.2821465296875 0.5308646078125 0.25025434375 0.50799395 0.22432134218750002 0.5510846828125 0.253001028125 0.5735075546874999 0.2821465296875 0.5308646078125
31 0.20890658437499998 0.425452046875 0.21977862187500002 0.38239003125000004 0.174763196875 0.371764721875 0.1657556 0.4107571359375 0.20890658437499998 0.425452046875
21 0.19579546718750002 0.5074378265624999 0.2133791359375 0.4732381171875 0.1737251859375 0.4486563546875 0.15777980625000002 0.48193367656249997 0.19579546718750002 0.5074378265624999
11 0.15313101093749998 0.553659278125 0.185032240625 0.5566714640625 0.18749253593749998 0.5078752171875001 0.15501549375 0.5050140015625 0.15313101093749998 0.553659278125
22 0.07435112656250001 0.662440559375 0.0694923140625 0.6299819078125 0.036087721875 0.634918628125 0.0400453921875 0.665700440625 0.07435112656250001 0.662440559375
12 0.0768226078125 0.513888990625 0.056040389062499994 0.48982760625 0.0323766671875 0.520242675 0.051409265625 0.5456864265625 0.0768226078125 0.513888990625
41 0.1429853421875 0.403976340625 0.15839319375 0.36779186406250003 0.1200618453125 0.34543188593749996 0.1057259859375 0.3823434171875 0.1429853421875 0.403976340625
38 0.2109644390625 0.3788443078125 0.22151482812499998 0.335991234375 0.1764149546875 0.326469765625 0.1659228828125 0.36718843125 0.2109644390625 0.3788443078125
28 0.0855591625 0.5561195125 0.059525490625 0.539353709375 0.042722778125 0.5752679656249999 0.0662378890625 0.5933191234375 0.0855591625 0.5561195125
33 0.149767215625 0.6499838640625 0.12092575312500001 0.63642624375 0.1109623828125 0.6788105140625 0.1385500921875 0.6913882359375 0.149767215625 0.6499838640625
33 0.0971192890625 0.41184037656249994 0.0968959140625 0.37202574843749997 0.057547065625000005 0.3759844984375 0.0591461078125 0.41242290156249994 0.0971192890625 0.41184037656249994
33 0.1672126671875 0.45513735000000005 0.1773024359375 0.41612201562499995 0.135617996875 0.403734275 0.12598293124999999 0.4413763015625 0.1672126671875 0.45513735000000005
28 0.26635542968750003 0.4904620796875 0.266928896875 0.44974 0.21775029687499997 0.45040850312499997 0.2170822453125 0.48981756875000004 0.26635542968750003 0.4904620796875
23 0.2192044234375 0.6188804390625 0.2349714765625 0.5858126875 0.194561984375 0.5635066765625 0.18030020625 0.5947182546875001 0.2192044234375 0.6188804390625
18 0.10620031562500001 0.71001845 0.1150525703125 0.681327734375 0.08022900625 0.661510053125 0.06972818750000001 0.69019039375 0.10620031562500001 0.71001845
18 0.15013358906250002 0.5036810468749999 0.16404592499999998 0.456034709375 0.1332295703125 0.44436041875 0.1202633734375 0.4926496046875 0.15013358906250002 0.5036810468749999
8 0.1190134375 0.447531440625 0.13443680625 0.40288028281250005 0.10581092031249999 0.3871428046875 0.09068719374999999 0.433834421875 0.1190134375 0.447531440625
8 0.187770784375 0.537778028125 0.21905125781249998 0.5545139359375 0.24151212187499999 0.5095001046875 0.20866643593749998 0.49178970624999996 0.187770784375 0.537778028125
13 0.11717356875 0.490224003125 0.1266723796875 0.45636641562499997 0.090845221875 0.43681469375 0.0795044046875 0.4700832609375 0.11717356875 0.490224003125
13 0.1004556 0.5626504171875 0.113638359375 0.535473478125 0.0781931 0.5129727703125 0.067263171875 0.54343958125 0.1004556 0.5626504171875
13 0.03221005625 0.59568465 0.0461946015625 0.5578603484375 0.0213486453125 0.5424169625 0.009882403125 0.5792600171875 0.03221005625 0.59568465
8 0.0485328828125 0.6311908859375001 0.06468602031250001 0.59574730625 0.0414579953125 0.5781230890625 0.026305153125 0.6123871234375 0.0485328828125 0.6311908859375001
3 0.1809943390625 0.741957059375 0.221529121875 0.7334970734375 0.2105534890625 0.697922071875 0.16997032031249998 0.7073754453125 0.1809943390625 0.741957059375
3 0.1311475 0.304282571875 0.11681769374999999 0.34240943437500004 0.1550321953125 0.3636824796875 0.1703759140625 0.3248371234375 0.1311475 0.304282571875
19 0.14432663437499998 0.6450737796875 0.152966915625 0.6118951953125 0.113097178125 0.5965008859375 0.106542428125 0.6297677937499999 0.14432663437499998 0.6450737796875
19 0.0882448046875 0.6187227203125001 0.1096863171875 0.5850734265625 0.08471613125 0.5648879171875001 0.065681340625 0.5989298921875 0.0882448046875 0.6187227203125001
9 0.1081648359375 0.5270519921875 0.12191038125 0.49482454374999996 0.0850040578125 0.47444081875000005 0.07364793124999999 0.507428309375 0.1081648359375 0.5270519921875
4 0.0564379453125 0.4838999390625 0.0706093 0.4526271484375 0.0359689734375 0.4311158203125 0.024498246874999997 0.46294647343750006 0.0564379453125 0.4838999390625
4 0.186300528125 0.69648110625 0.193507546875 0.6655089578125 0.1525488609375 0.6511264859375 0.1461319234375 0.68287176875 0.186300528125 0.69648110625
4 0.171013009375 0.6544262796875 0.1993343734375 0.6431126453125 0.1819214015625 0.5971159859374999 0.153322975 0.611006625 0.171013009375 0.6544262796875
29 0.1614558171875 0.5552283734375 0.1304337125 0.5565858578125 0.13280852031249998 0.603054528125 0.164078840625 0.6037454343750001 0.1614558171875 0.5552283734375
29 0.1197982640625 0.5535765359375 0.1501743515625 0.5530028484375 0.1484642609375 0.5044185109375 0.1180831671875 0.5072449265625 0.1197982640625 0.5535765359375
17 0.3544408484375 0.1666236421875 0.36959032187499996 0.2138636484375 0.4311010234375 0.17712274687500001 0.4516099890625 0.1783996109375 0.43667446875 0.130017496875 0.4152437 0.127206828125 0.3544408484375 0.1666236421875
17 0.3694764703125 0.214161159375 0.384690909375 0.2608700796875 0.44631454687499994 0.227227203125 0.46692350156250007 0.2276092609375 0.45137771718749997 0.178555971875 0.431539028125 0.17702494375 0.3694764703125 0.214161159375
12 0.3836907671875 0.26181119062499997 0.39897361249999996 0.308886975 0.4615226703125 0.2773463703125 0.48192678125 0.27584377656250003 0.46710618437500007 0.22741487187499998 0.44617710468749994 0.22743638281249998 0.3836907671875 0.26181119062499997
7 0.39932081875000003 0.3091715015625 0.41436294218749997 0.3557567109375 0.476944540625 0.327195471875 0.496752940625 0.3245372390625 0.48192439687500005 0.275838325 0.46132924375 0.2776680625 0.39932081875000003 0.3091715015625
2 0.41374481875 0.35677707187499996 0.42955394062499996 0.40328175625 0.494223628125 0.375739653125 0.5114361140625 0.3722875203125 0.49667323750000003 0.324531646875 0.476022821875 0.3275275328125 0.41374481875 0.35677707187499996
32 0.42949052656250003 0.403536628125 0.444741275 0.44937883906250004 0.5073828203125 0.42496822500000003 0.526250734375 0.4199364015625 0.51182673125 0.3723569015625 0.4943759375 0.37582500625000004 0.42949052656250003 0.403536628125
27 0.44438277812500004 0.44998478124999997 0.45928348124999996 0.4953133890625 0.5228192609375 0.4729261109375 0.5408108781250001 0.46712624375 0.5266023046874999 0.42007799375 0.507173440625 0.425278803125 0.44438277812500004 0.44998478124999997
22 0.4583469046875 0.4959613 0.4728429421875 0.5410800015625 0.5375146265625 0.5206977953124999 0.5547653 0.5136180109375 0.540431334375 0.46724092500000003 0.5227884796875 0.47316566406250005 0.4583469046875 0.4959613
40 0.47319302343749997 0.541521296875 0.48664096093750003 0.5868202218749999 0.5548681265625001 0.567260115625 0.570133459375 0.5598107328124999 0.5549877515625 0.5137131515625 0.5369535640625 0.52100403125 0.47319302343749997 0.541521296875
37 0.4880653 0.586761375 0.5013937609375 0.6325792296875 0.5686839984375001 0.616008409375 0.58512703125 0.606339834375 0.5699680734375 0.5598188656249999 0.5545032 0.567682278125 0.4880653 0.586761375
32 0.50199101875 0.6326424578125 0.5172323203125 0.678735971875 0.58318680625 0.6642371078125 0.5996073390625 0.6534105734375 0.5848686734374999 0.60676891875 0.56900600625 0.615910975 0.50199101875 0.6326424578125
40 0.51681325 0.6785916750000001 0.5310627718750001 0.7245583171875001 0.5991605375 0.713060284375 0.614277053125 0.70109445 0.59923978125 0.653775084375 0.58326158125 0.6645157328125 0.51681325 0.6785916750000001
37 0.5307229375 0.7249833031249999 0.5454654234375 0.7707715015625001 0.6143574875 0.7608526859375 0.6294740015625 0.74888685 0.6143264046875 0.7010669890625 0.598724409375 0.7128615640625 0.5307229375 0.7249833031249999
32 0.5453553828125 0.7711461453124999 0.559279275 0.816245709375 0.62874695 0.8091031734374999 0.6437024499999999 0.7959869453125 0.629710453125 0.749044178125 0.6145483265625 0.7611722390625 0.5453553828125 0.7711461453124999
35 0.5596531953125 0.8167276046874999 0.5735039796875 0.8631650171875 0.64331558125 0.8573096484375 0.6582876859375 0.8428027265625 0.644295725 0.7958599359375 0.6288375515625 0.8091176703125 0.5596531953125 0.8167276046874999
15 0.5729651671875 0.8631183984374999 0.5878805328125 0.909258928125 0.6585228328125 0.9055401249999999 0.6725191078125 0.8905128890625 0.6581320390625 0.84301336875 0.643219740625 0.857380784375 0.5729651671875 0.8631183984374999
0 0.587873 0.9098265812499999 0.601874540625 0.9562622031249999 0.6731224953125 0.954391103125 0.6863924031249999 0.93716958125 0.67255384375 0.8906317749999999 0.6584084031249999 0.905745796875 0.587873 0.9098265812499999