39 0.3926317849030361 0.08010658304098665 0.13472164772652384 0.11478669467652329
36 0.38845675365344795 0.14013549904859787 0.13159664772652385 0.11465936068413449
39 0.3800385073068959 0.2640995810638203 0.1348034683433749 0.11947419467652329
36 0.37660381574888235 0.32650408056952873 0.1332136948044244 0.11784802768032883
31 0.38503569886490957 0.20175874855430628 0.13318642126547414 0.11628552768032892
31 0.37318276096034386 0.38812733007523714 0.13639324188232518 0.12110036167271768
21 0.3697617061718055 0.4497505795809456 0.1348034683433749 0.11947419467652338
21 0.3647917881527422 0.5105289120904596 0.1348034683433749 0.1194741946765232
16 0.3613570965947286 0.572933411596168 0.13639324188232518 0.12110036167271758
16 0.35635990503671505 0.635274244105682 0.13954551542127547 0.12279019566510634
16 0.35214396347870147 0.6976469101132933 0.13644778896022586 0.12422536167271758
11 0.34792802192068784 0.7600195761209044 0.13639324188232518 0.12110036167271776
6 0.34365753328477355 0.8255172421285156 0.13962733603812652 0.1274776956651067
1 0.3409768181878096 0.8895160751323212 0.13006142126547413 0.11615819368794007