24 0.41975781749710556 0.827113148540872 0.15400084138279588 0.14273811542376222
24 0.428990413498755 0.7689013444571879 0.15078491316955062 0.13950398801910052
24 0.43900425950040445 0.7107168222246694 0.1556088054894186 0.144355179126093
14 0.4458476413954312 0.6508606725874891 0.1572167695960413 0.14597224282842375
14 0.453540469450392 0.5933755548014743 0.1556088054894186 0.144355179126093
14 0.4635088513454188 0.5336285325689556 0.15400084138279588 0.14273811542376222
37 0.4712016794003796 0.4761434147829407 0.15400084138279588 0.14273811542376222
37 0.480434275402029 0.4179316106992568 0.15400084138279588 0.14273811542376222
37 0.4873231214036785 0.35963796106207646 0.1540463054894186 0.1443006154237622
32 0.49731423535201663 0.3006721888295579 0.1572167695960413 0.14597224282842386
27 0.507328081353666 0.2424876665970393 0.1572167695960413 0.14597224282842386
7 0.5165606773553155 0.1842758625133553 0.1572167695960413 0.14597224282842386
7 0.5249665592503423 0.12447427657850585 0.15078491316955045 0.1395039880191004
7 0.5352304578384166 0.07488350434598726 0.14858591567683313 0.1175744243167696