39 0.17541310771062557 0.7011392153566284 0.16155836189159736 0.17289581618646538
36 0.2321716007767714 0.6937420350675788 0.16155836189159736 0.17289581618646538
31 0.28893009384291723 0.6863448547785291 0.166354964665139 0.17793851369695446
26 0.3472874545002436 0.6806285736596426 0.166354964665139 0.17793851369695446
21 0.40637151377079916 0.6726277421258375 0.166354964665139 0.17793851369695446
16 0.464692506836945 0.665348961006951 0.16795383225631966 0.1796194128671175
16 0.523031683698681 0.6588514298880643 0.16795383225631966 0.1796194128671175
11 0.5821521105604172 0.6524130983542593 0.166354964665139 0.17793851369695446
6 0.6412179860353824 0.6436310168204541 0.16795383225631966 0.1796194128671175
6 0.7011378466927087 0.6380331348717305 0.17115156743868062 0.18298121120744354
6 0.7618207735544449 0.6317132025080885 0.17434930262104179 0.1863430095477696
11 0.8224855166205908 0.6246120201444464 0.17434930262104195 0.1863430095477696
6 0.884676392095556 0.6160667369509674 0.17594817021222225 0.18802390871793265
1 0.9302551169255905 0.6068110587365101 0.13948976614881908 0.18167882033565022