39 0.11490121464403638 0.7959222523748493 0.1459760876750565 0.15572545680654776
39 0.1484800020714238 0.7442845092722541 0.16047523531769162 0.16583744120271576
39 0.18614697601657587 0.6885357982818346 0.16047523531769156 0.16583744120271576
31 0.22608492535462213 0.6342267565587207 0.16047523531769156 0.16583744120271576
31 0.2652052373891154 0.5807399084131715 0.1572774607105858 0.16411116689245625
31 0.30439832403071454 0.5256905602676223 0.16054800992479742 0.16739994120271576
21 0.34508113606520785 0.4721218249669434 0.16047523531769156 0.16583744120271576
21 0.38345658540325406 0.41789467039895917 0.15891273531769157 0.16575555404758582
21 0.4210871720448532 0.36292720940853973 0.1605480099247975 0.16739994120271567
11 0.4593898467757936 0.3102625548405554 0.1621832845319034 0.1690443283578455
11 0.5002182080244986 0.25356881953987653 0.16538105913900908 0.17077060266810493
11 0.5402289319696507 0.19769727781676244 0.1670163337461151 0.1724149898232347
1 0.5802760432183558 0.14104448609364845 0.1670163337461151 0.1724149898232347
1 0.620141217949296 0.08829794437053437 0.15564218610347993 0.16246677973732643