29 0.6649426819859728 0.09713826661988503 0.16113536397194572 0.13302494120271569
29 0.6494666787467704 0.15939592718076315 0.14687260487264703 0.12916295680654793
37 0.6373659993816911 0.22572361205190075 0.14344721622369896 0.12431168249628843
32 0.623552625692138 0.2896256597679086 0.15841088217054314 0.13911116689245623
27 0.6145769463270587 0.3561171189493057 0.1551857526208938 0.13738489258219663
22 0.5630992936415667 0.6220453341235966 0.16183627081949084 0.14396244120271576
17 0.5489051881506108 0.6921564382620395 0.15684838217054295 0.13902927973732632
12 0.5363236474344795 0.7631306795556123 0.16183627081949084 0.14396244120271576
33 0.601013896511629 0.4239254166653136 0.1569485117201923 0.14059177973732648
33 0.5245233567183483 0.8341458644267499 0.1601736412698415 0.14231805404758582
28 0.5873006523717251 0.4893899643813214 0.1551857526208938 0.13738489258219672
28 0.5094979364525678 0.903434774987628 0.16173614126984148 0.14239994120271576
23 0.5751999730066458 0.555717649252459 0.16173614126984148 0.14239994120271576
23 0.4947030536637159 0.9507413856847917 0.16375971622369895 0.09851722863041665