39 0.25390625 0.25625 0.103125 0.1015625
39 0.2890625 0.2984375 0.1046875 0.103125
39 0.32578125 0.34375 0.1046875 0.1046875
36 0.36171875 0.38671875 0.10625 0.10625
36 0.4 0.43125 0.1078125 0.10625
36 0.43671875 0.47421875 0.109375 0.109375
31 0.47265625 0.51953125 0.1046875 0.1046875
26 0.509375 0.56328125 0.10625 0.10625
16 0.54453125 0.60859375 0.1078125 0.10625
11 0.5828125 0.65546875 0.1078125 0.1078125
6 0.62109375 0.69921875 0.103125 0.1015625
1 0.659375 0.74375 0.1078125 0.10625
1 0.69609375 0.78828125 0.1 0.1
1 0.7328125 0.8359375 0.109375 0.109375