15 0.9054063765624999 0.4812076171875 0.8323306968749999 0.48899768281249995 0.8062285296875 0.5616305500000001 0.8750517671875 0.552779384375 0.9054063765624999 0.4812076171875
40 0.6788701203125 0.5017229999999999 0.5997730265625 0.508187928125 0.5912328609374999 0.580986378125 0.6627380578125 0.5733215984375 0.6788701203125 0.5017229999999999
37 0.7539507984375 0.49441545937500003 0.6800871078124999 0.49937506249999997 0.66449935625 0.572393140625 0.7339184296875 0.56448779375 0.7539507984375 0.49441545937500003
32 0.8323071859375 0.48613846875 0.75519280625 0.492905325 0.7350901953125 0.564844140625 0.806030965625 0.557445146875 0.8323071859375 0.48613846875
27 0.696705084375 0.41399935 0.6161788390625 0.42112730000000004 0.6082037296875 0.5059884265625 0.6808694765625 0.49939336093750003 0.696705084375 0.41399935
27 0.7820203859375 0.4012037046875 0.6985660953124999 0.41205092656250003 0.6814510015625 0.49900725 0.75820586875 0.49103501562499996 0.7820203859375 0.4012037046875
27 0.8670760046874999 0.3937654921875 0.7827870765625 0.4010529921875 0.7589744031250001 0.49012312968750005 0.8351530515625001 0.48371457500000004 0.8670760046874999 0.3937654921875
12 0.7197882875 0.311356859375 0.6280745703124999 0.322092346875 0.618516796875 0.4205224375 0.701957478125 0.411862134375 0.7197882875 0.311356859375
12 0.8120089374999999 0.3006074875 0.720616915625 0.3104697796875 0.7019285765625 0.4095574734375 0.7872916203125 0.3994209140625 0.8120089374999999 0.3006074875
12 0.9045811031250001 0.289977521875 0.8138946484374999 0.299603465625 0.7893543296875001 0.397678915625 0.8709412546875 0.39275320156250004 0.9045811031250001 0.289977521875
29 0.11066015 0.4633436046875 0.020369871875 0.47258854218749996 0.058730312500000006 0.5558209859375001 0.138897 0.547238003125 0.11066015 0.4633436046875
29 0.201329528125 0.45483336406249997 0.11163019999999998 0.4648602828125 0.1400871390625 0.5490385703125 0.22303509687499998 0.5414653390625 0.201329528125 0.45483336406249997
29 0.2905444640625 0.443898903125 0.20050387343749998 0.453287975 0.22240801718749997 0.5380810359375 0.30187423125 0.5304005984375 0.2905444640625 0.443898903125
22 0.3772687453125 0.4338605203125 0.291087509375 0.4420186984375 0.30298094375 0.52622431875 0.381995234375 0.51903048125 0.3772687453125 0.4338605203125
22 0.46305361874999995 0.42421427031250003 0.378534121875 0.43135281875000003 0.3828032265625 0.5175608625 0.46303555625000004 0.5110630328125 0.46305361874999995 0.42421427031250003