19 0.9033451651782294 0.28013580506769803 0.19330966964354132 0.2244621687014785
19 0.8581099728332642 0.30389088760941496 0.21748235999173637 0.2251991530976462
19 0.7984628691097919 0.32891854308191043 0.21748235999173637 0.2251991530976462
14 0.7411958829775003 0.3553858678217112 0.22068009517409734 0.22848792740790574
14 0.6815305954584379 0.3796322732942067 0.2158834924005557 0.22355476594251655
14 0.6234823593261462 0.40614054161157237 0.21428462480937505 0.2219103787873868
9 0.5661608218070837 0.4302641163513732 0.21748235999173637 0.22519915309764632
9 0.5080944018792019 0.455991134668739 0.21264938962701407 0.21870349163225705
9 0.4523535481557296 0.48081407225341 0.21264938962701407 0.21870349163225705
4 0.39501382684107683 0.5041563969932108 0.21108688962701408 0.21862160447712728
4 0.3369110393220144 0.5283209153105765 0.20788915444465292 0.21533283016686777
24 0.27964405318972274 0.5547882400503773 0.19829594889756966 0.20546650723608922
24 0.22232251567066022 0.5789118147901782 0.2014936840799307 0.20875528154634856
24 0.16663621333395887 0.6060785023748492 0.1966607137152085 0.2022596200809595