31 0.47040652975818514 0.9059184377561097 0.0807331744523216 0.03964900496239885
1 0.47558577474362024 0.8623503742738745 0.09019910266556704 0.043210652605034025
6 0.4816371979423007 0.8156936980951919 0.09019910266556704 0.043210652605034025
36 0.49085908524760385 0.7676200711307212 0.09180706677218957 0.044845927212139716
26 0.4955071328194636 0.7154218703449329 0.09185253087881229 0.04640842721213971
16 0.5018768047645028 0.6578276941662505 0.09667642319868044 0.051314251033457305
36 0.5089822626029192 0.601832405291121 0.10140938730530316 0.053095074854774896
11 0.51537466660127 0.5434569791124385 0.10462531551854859 0.05636562406898662
16 0.5235114270261111 0.478904327540862 0.1032446719450391 0.06254284946188057
26 0.5325885618241317 0.40891931327283837 0.1110571719450391 0.06290672249741007
26 0.5441458389420205 0.33435596091547354 0.11427310015828454 0.0661772717116218
6 0.5527827045397112 0.25261580934389694 0.12530152837152997 0.06981169396136275
11 0.5607065162973359 0.16849552046876742 0.1270004206913981 0.07457196856846862