40 0.3640923982364062 0.13791181671704314 0.14841092378986112 0.1204045013526355
40 0.37093221845365126 0.20131124538508854 0.15169969810012063 0.12356586401972632
40 0.3762095386708963 0.2646924927195885 0.15005531094499086 0.12198518268618094
37 0.3846528024657062 0.32732885272117934 0.15178158525525037 0.12512836401972632
32 0.3922738726829513 0.3907373720559974 0.1533440852552504 0.12514654535327185
27 0.3999768300553261 0.4525833913908155 0.15178158525525037 0.1251283640197265
37 0.4059944566950063 0.5167549793920883 0.15178158525525037 0.12512836401972632
32 0.41123083333468646 0.5809174767265881 0.1566328595655099 0.12830790802036277
27 0.4180706535519315 0.6443169053946336 0.15827724672063964 0.12988858935390812
27 0.42408828019161166 0.7084884933959061 0.15827724672063964 0.12988858935390812
22 0.43084621325372696 0.7734504220639515 0.15835913387576941 0.13145108935390812
17 0.4383035091607125 0.8399839413987698 0.16008540818602893 0.1345942706874535
17 0.4458017486452629 0.9057362107335878 0.16008540818602893 0.1345942706874535
17 0.45559947252598115 0.9540715240292714 0.15351450361804453 0.09185695194145715