35 0.13518658920471788 0.7764140843231668 0.1158188797834557 0.11733591567683313
25 0.1762147544858395 0.7353428034443545 0.09647784639736087 0.09647784639736087
5 0.20958954414014053 0.6999675930986555 0.0980858105039835 0.0980858105039836
0 0.2461802620076869 0.6676264545397113 0.10451766693047429 0.10451766693047429
26 0.2787510696086766 0.6314927262473236 0.09004598997087018 0.09004598997087018
26 0.31371109131628894 0.596853301795002 0.09647784639736087 0.09647784639736087
26 0.3486938450772127 0.5629951273426802 0.09652331050398359 0.09804034639736088
26 0.3836993308914477 0.5299182028903585 0.09326191818411544 0.09326191818411544
9 0.5190792382550106 0.39930939740093996 0.09647784639736087 0.09647784639736087
9 0.5540392599626228 0.36466997294861836 0.09652331050398359 0.09804034639736088
9 0.5882407637235465 0.330834530549608 0.09009145407749272 0.09160848997087019
17 0.48248852038746415 0.43165053595988434 0.08683006175762494 0.08683006175762475
17 0.44978132046660646 0.463096764252272 0.08522209765100222 0.08522209765100222
17 0.41721051286561667 0.4992304925446597 0.08522209765100222 0.08522209765100222
40 0.6217292136444043 0.29936557020390897 0.0949608105039836 0.09799488229073816
40 0.6566892353520166 0.26472614575158737 0.09491534639736088 0.09643238229073817
34 0.6901094891129403 0.23091343540588832 0.08848348997087001 0.09000052586424748
34 0.7236206710871094 0.20022572506018937 0.09004598997087018 0.0900459899708701
34 0.7586261569013444 0.1671488006078677 0.08522209765100204 0.08522209765100208