25 0.9533309204514 0.5089167288534998 0.05133640340856651 0.0791828889641522
30 0.9058792219935274 0.5181379206220424 0.054434129869616044 0.07778416327441154
39 0.854521273535655 0.5271543945027607 0.0575591298696164 0.07794793758467104
39 0.8062065044609316 0.5316471426937384 0.05292617694751698 0.08082727611928178
39 0.7547667353862082 0.5359761165744565 0.05446140340856651 0.07934666327441153
39 0.7003110604672861 0.5463913161449152 0.05753185633066593 0.07638543758467123
18 0.6497479987788888 0.5562299836031983 0.052844356330665934 0.07613977611928177
18 0.5952786870904914 0.565863933173657 0.05278980925276535 0.07301477611928178
18 0.5438798283241935 0.5725366570543752 0.05596935633066593 0.07630355042954129
13 0.4854497195578955 0.5788408887370095 0.06062958279171564 0.07498671189493056
13 0.42862302110002304 0.5875707575747735 0.06238299756436803 0.08600609905006032
13 0.3709877991032003 0.5946971828349727 0.06386367694751698 0.08140048620519007
23 0.31188553449270373 0.6072104709400421 0.06391822402541773 0.08452548620519007
23 0.2519065624958809 0.6142140654675466 0.06380912986961632 0.07827548620519006
23 0.19121452434643396 0.6250829664174863 0.06860572402541765 0.08477114767057933
33 0.126616236196987 0.6357471494796016 0.07173072402541769 0.08493492198083885
33 0.060346353891738716 0.6400794453865871 0.06701595048646733 0.08312676051544958