39 0.2644361037358743 0.8962051068531217 0.13365790339440445 0.15537642946385688
39 0.30922188379010357 0.8558294832027677 0.1368101744716433 0.16030072780418295
39 0.35556107348525323 0.8171347587225771 0.1383817648307229 0.16198162697434598
36 0.40114173907810197 0.7744745846573047 0.1383817648307229 0.16198162697434615
31 0.446713314311871 0.7333769105920325 0.13681017447164337 0.1603007278041831
26 0.4915218202637995 0.6890950369416786 0.1383817648307229 0.16198162697434615
21 0.5386513503180288 0.6488970120465692 0.14308744554888228 0.16546182448483507
16 0.5850087207313376 0.6070772875663785 0.1430965359079618 0.16702432448483506
26 0.6305848411446465 0.5651983635011062 0.14308744554888211 0.16546182448483507
21 0.6792859615579554 0.52355623777616 0.1430965359079618 0.16702432448483523
16 0.7256569675098838 0.4793927632959692 0.1430965359079618 0.16702432448483506
11 0.7735904734618122 0.4353476879859414 0.1462306262670415 0.1688236228251611
6 0.8222915938751211 0.3937055622609952 0.14308744554888228 0.16546182448483515
1 0.8694574853656688 0.3472575373658858 0.14153403590796182 0.16690592531467222