5 0.08359375 0.6390625 0.05 0.0984375
8 0.146875 0.63515625 0.05 0.090625
8 0.20703125 0.634375 0.0515625 0.09375
8 0.26640625 0.63046875 0.05 0.0921875
13 0.32578125 0.62890625 0.0515625 0.0953125
23 0.38515625 0.6296875 0.046875 0.090625
18 0.44375 0.63125 0.05 0.090625
41 0.5 0.628125 0.05 0.090625
38 0.55859375 0.62578125 0.053125 0.09375
33 0.61640625 0.625 0.0515625 0.090625
38 0.6734375 0.6234375 0.0515625 0.0875
33 0.7296875 0.62265625 0.0515625 0.0890625
28 0.7890625 0.62265625 0.0515625 0.0890625
3 0.8453125 0.61953125 0.046875 0.084375
3 0.9046875 0.61953125 0.0515625 0.0890625