41 0.42652815095240404 0.28043008867663455 0.2125856989237615 0.21614184145441176
38 0.4584823182397463 0.35143300354374435 0.21919957195929066 0.224354859653009
33 0.4904000982235356 0.423217168410854 0.21749152274507894 0.22112973010335962
23 0.523099128207325 0.49505139805278836 0.21749152274507894 0.22112973010335962
18 0.5549805208875614 0.5676168129198981 0.22076207195929065 0.22445498920265833
13 0.5884608008713508 0.6395011073366572 0.22566789578060842 0.22944287785160639
23 0.6203058062480343 0.7128477722037669 0.22566789578060842 0.22944287785160639
18 0.6536769243211648 0.787075816620526 0.22083484656639668 0.22601748920265835
13 0.6870480423942954 0.8613038610372851 0.22076207195929065 0.22445498920265833
41 0.3525875750641719 0.4715872123661877 0.21585624813797324 0.21946710055371046
41 0.3860314677444083 0.5442527567829468 0.2175642973521848 0.22269223010335965
41 0.41883965963885644 0.6137432364248812 0.20931514970954979 0.21281658235511322
8 0.4491949396226458 0.6854272717423416 0.21749152274507894 0.22112973010335962
8 0.48260244499932925 0.7588740661591006 0.22076207195929065 0.22445498920265833