26 0.08984375 0.5015625 0.03125 0.075
11 0.13515625 0.49765625 0.0296875 0.0796875
1 0.18203125 0.49375 0.0328125 0.075
36 0.23125 0.4890625 0.0359375 0.084375
1 0.28515625 0.48984375 0.0390625 0.078125
16 0.34140625 0.484375 0.04375 0.0890625
16 0.39921875 0.48203125 0.046875 0.08125
11 0.46015625 0.4734375 0.0421875 0.090625
31 0.521875 0.46953125 0.0515625 0.0953125
31 0.5921875 0.4671875 0.0515625 0.0953125
6 0.6609375 0.4609375 0.05625 0.096875
26 0.734375 0.45078125 0.0625 0.0953125
26 0.81484375 0.44921875 0.0609375 0.1
31 0.89765625 0.4421875 0.059375 0.1046875