24 0.8751590978697343 0.43914816957077074 0.11226918973360753 0.11251202335696497
24 0.8172510973754428 0.43848659151580993 0.0977610207602467 0.10116534639736088
24 0.7580670983640259 0.4449017275674718 0.10601918973360754 0.11233016693047429
41 0.7018170983640258 0.4465384354058884 0.10758168973360735 0.11237563103709683
41 0.6440045983640259 0.44822060735092756 0.10595552273741297 0.11076766693047428
28 0.5884085143716371 0.4467095831360327 0.10601918973360754 0.11233016693047429
23 0.5291926818621231 0.4523434691876946 0.10601918973360736 0.11233016693047429
18 0.4713165148659287 0.4524631411327338 0.10445668973360736 0.11228470282385175
18 0.4128819323564146 0.45807429513108433 0.11252385771838505 0.11876202335696498
13 0.35132234984690064 0.4637763773426803 0.09951452174882984 0.1058983105039836
8 0.29194734984690063 0.4655040133943421 0.09638952174882984 0.10580738229073816
13 0.23029226684309503 0.46886234560593804 0.0980793557412186 0.10897784639736088
8 0.17007234984690062 0.46905021371091127 0.09970552273741302 0.1105858105039836
3 0.10854460083548378 0.4755335459225071 0.1012043557412186 0.10906877461060631