29 0.23046875 0.884375 0.1296875 0.1046875
29 0.26640625 0.825 0.11875 0.09375
37 0.3 0.7640625 0.1171875 0.090625
32 0.33359375 0.70625 0.128125 0.1015625
27 0.3640625 0.64453125 0.125 0.1
22 0.5 0.40234375 0.1296875 0.10625
17 0.53671875 0.33828125 0.1265625 0.1015625
12 0.571875 0.2734375 0.1296875 0.10625
33 0.39921875 0.5828125 0.1265625 0.103125
33 0.60625 0.2078125 0.128125 0.1046875
28 0.43359375 0.5234375 0.125 0.1
28 0.64375 0.1453125 0.13125 0.1046875
23 0.4671875 0.4625 0.13125 0.1046875
23 0.6796875 0.08046875 0.134375 0.1046875