41 0.13509734334172716 0.36219543408792754 0.09420574188232518 0.12099431043863902
41 0.1925649699649326 0.39051712613895007 0.09426028896022584 0.12411931043863902
41 0.2523627098186629 0.4181940760824803 0.09741256249917622 0.12586382096198284
28 0.3105979496723932 0.44578002076433876 0.09897506249917623 0.1259548262236546
28 0.3696144395261234 0.47341146807703305 0.09897506249917623 0.1259548262236546
28 0.4270820661493288 0.5017331601280556 0.09897506249917623 0.1259548262236546
33 0.48613946631148475 0.53170835744075 0.09738528896022594 0.12430132096198285
28 0.5443337958567894 0.5569505521226084 0.09741256249917622 0.12586382096198284
23 0.6002661960189452 0.5867437389119589 0.09897506249917605 0.1259548262236546
18 0.6584877991032003 0.6135484335938173 0.10056483603812652 0.12760833148532633
13 0.717545199265356 0.6435236309065117 0.09892051542127547 0.1228298262236546
8 0.7780832788106608 0.6689023334808779 0.09892051542127547 0.1228298262236546
3 0.835537268664391 0.6964427755319005 0.09423301542127546 0.12255681043863902
3 0.8938270555960219 0.7271537202137588 0.09264324188232535 0.12090330517696728