26 0.36454163468782974 0.267600619213733 0.10063747091226496 0.0903827729789592
26 0.38753285347406274 0.3130528215577715 0.10076501666989941 0.0919452729789592
26 0.41033275362384397 0.3608487739018099 0.10739765394280312 0.09703329117755652
6 0.43879272241007705 0.406651429669621 0.10570760818516849 0.09537066162790726
6 0.4638088268022237 0.45616007633813344 0.10063747091226496 0.0903827729789592
6 0.48614634134609125 0.4999997139073473 0.09894742515463051 0.08872014342931003
11 0.5075112872535069 0.5461330367017364 0.10232751666989941 0.09204540252860874
16 0.5314750746761918 0.5892915538205996 0.09907497091226496 0.09028264342931003
21 0.5559650205836075 0.6356251357142872 0.10258260818516848 0.09517040252860856
36 0.5811724436122059 0.6827900323827997 0.10232751666989941 0.09204540252860856
36 0.6055348437619872 0.7306861142764876 0.10232751666989941 0.09204540252860856
4 0.6309335854270375 0.775507260945 0.09244233363936125 0.08519462523071261
4 0.6553597584556359 0.8226220928386876 0.10076501666989941 0.09194527297895902
4 0.6823847729995035 0.8667621190568495 0.09738492515463033 0.08862001387966068
30 0.28598568423848614 0.12356192010889702 0.11415783697334118 0.10368380937615385