14 0.440625 0.62109375 0.0453125 0.0625
14 0.375 0.6171875 0.04375 0.059375
17 0.3109375 0.6171875 0.0484375 0.0671875
17 0.24453125 0.615625 0.0453125 0.0625
17 0.18125 0.6140625 0.0453125 0.0671875
21 0.84765625 0.5265625 0.059375 0.0671875
21 0.78828125 0.5234375 0.0515625 0.0671875
21 0.728125 0.52265625 0.0546875 0.0671875
33 0.66953125 0.5203125 0.053125 0.065625
33 0.61015625 0.51875 0.0484375 0.065625
33 0.55234375 0.515625 0.0484375 0.0703125
3 0.49453125 0.5171875 0.0453125 0.0609375
3 0.4390625 0.5140625 0.0453125 0.0625
3 0.37890625 0.51171875 0.0484375 0.0625
15 0.32109375 0.5109375 0.053125 0.0671875