0 0.020758900185334463 0.469077264003818 0.04151780037066893 0.09440452800763595
15 0.06378218077055553 0.45639599801081765 0.08005457694917477 0.10089088534372692
5 0.11583575409153324 0.44293348201781735 0.0767658858421822 0.09616702267663584
18 0.17104160926367634 0.42872607869190793 0.07514882213985138 0.09458634134309048
18 0.2238218688823232 0.41683515336568033 0.06555556733052796 0.08822725334181776
18 0.27593000590563177 0.40181013737268 0.07353175843752044 0.09300566000954494
35 0.32474945182194775 0.3914362587125888 0.07196925843752044 0.09298747867599957
9 0.37922862069642177 0.3756572647199066 0.0669543762235354 0.0835579346753633
9 0.4327082847615723 0.36611918006045174 0.07040675843752045 0.09296929734245421
9 0.48071919882672287 0.3565174607335878 0.06700893992586625 0.0851204346753632
38 0.5336631495523623 0.33993903540736026 0.07514882213985138 0.09458634134309048
33 0.5832911273198438 0.3287929974140417 0.07029763103285873 0.08984429734245411
28 0.6346180143431523 0.31375889075426866 0.07358632213985139 0.09456816000954502
28 0.6858630558129646 0.30106853409449563 0.07671132213985139 0.09460452267663584
23 0.7371080972827768 0.2883781774347226 0.07342263103285873 0.08988066000954502
13 0.7873263520921002 0.28270998010817683 0.0670635036281972 0.0866829346753633
8 0.8363367709665741 0.2668673514480856 0.06544643992586643 0.08510225334181776