36 0.549731221875 0.9042535218750001 0.5259415781250001 0.8822588124999999 0.49566023125 0.908816825 0.518798021875 0.9287423453124999 0.549731221875 0.9042535218750001
36 0.35559738125 0.6864046296875 0.3888887640625 0.6689874671875 0.3567067828125 0.6200710265625 0.32262339687499997 0.6383412328125 0.35559738125 0.6864046296875
36 0.4803015015625 0.6929141234375 0.44791923906250003 0.7146482421875 0.47983816875 0.7539546578125 0.5107111171875001 0.735060690625 0.4803015015625 0.6929141234375
31 0.35599293125 0.7242780062499999 0.3190074515625 0.69903318125 0.2937498609375 0.7373053046875 0.327523075 0.759383475 0.35599293125 0.7242780062499999
21 0.42897593437500003 0.76526205625 0.40262881406249995 0.7368633734375 0.366005746875 0.7652389625 0.39203595 0.7917856859375 0.42897593437500003 0.76526205625
11 0.4581924953125 0.8212764390625 0.4718259296875 0.79256969375 0.42658087343749995 0.77316188125 0.41289525468750005 0.80245879375 0.4581924953125 0.8212764390625
22 0.5342684609374999 0.932924840625 0.5019752640624999 0.9260750359375001 0.49533934999999996 0.95897199375 0.52574438125 0.9660744921875001 0.5342684609374999 0.932924840625
12 0.39483060625 0.8785232828125 0.365081396875 0.8894744843750001 0.385798478125 0.9222184765625 0.41626129531249995 0.9133844109375 0.39483060625 0.8785232828125
41 0.31341915625 0.778249621875 0.2844619984375 0.7511848828125001 0.2503842140625 0.779105678125 0.2803904640625 0.8054252421875001 0.31341915625 0.778249621875
38 0.3126783234375 0.7060131515625 0.2757813609375 0.681141690625 0.251537540625 0.7198797124999999 0.2864387546875 0.7439482453124999 0.3126783234375 0.7060131515625
28 0.43766261562500003 0.8851821531249999 0.41302639374999994 0.9035913375 0.441256640625 0.9318626828125 0.46625480937499997 0.9162540234375 0.43766261562500003 0.8851821531249999
33 0.54801186875 0.8581949625 0.525455453125 0.880348828125 0.5621082687500001 0.9045082062500001 0.5833153671875 0.8831804203125 0.54801186875 0.8581949625
33 0.305332928125 0.8237994109375 0.267661371875 0.8100451765625 0.2580916171875 0.84814501875 0.2930403375 0.859431778125 0.305332928125 0.8237994109375
33 0.3699230421875 0.773587815625 0.3364941796875 0.750491965625 0.3106989171875 0.7850382890625001 0.34298477968749996 0.8072283062500001 0.3699230421875 0.773587815625
28 0.43680975 0.6934780375 0.39855080625 0.6786621312500001 0.3825496953125 0.7247790375000001 0.41953680000000004 0.7392227250000001 0.43680975 0.6934780375
23 0.54212553125 0.7825039953124999 0.516232909375 0.7561971390625 0.4815032515625 0.7860757171875 0.5061522203125 0.81032724375 0.54212553125 0.7825039953124999
18 0.589966634375 0.9198954484374999 0.5658685328125 0.9015749234375001 0.5353777265625 0.9271146 0.558908478125 0.94696955625 0.589966634375 0.9198954484374999
18 0.4099855 0.8065460390625001 0.3696993921875 0.7768570078125 0.348253446875 0.8015138671875001 0.38946656874999996 0.8305456109374999 0.4099855 0.8065460390625001
8 0.3464398234375 0.8158892296875001 0.30949303125 0.7858408265625 0.284951134375 0.8070291062500001 0.3239260265625 0.8375135218749999 0.3464398234375 0.8158892296875001
8 0.4549114921875 0.7833889359375 0.4812939703125 0.7600741281250001 0.446384815625 0.7233327218750001 0.4185527890625 0.7477660890625 0.4549114921875 0.7833889359375
13 0.38613114843749996 0.8325776890625001 0.35737276093750003 0.811841965625 0.326793675 0.8384112421875001 0.35437288906250003 0.86065895 0.38613114843749996 0.8325776890625001
13 0.44886761875000003 0.8735744656250001 0.42766353281249997 0.8517445499999999 0.394428946875 0.8769233359375 0.41950149375 0.8978051406249999 0.44886761875000003 0.8735744656250001
13 0.4569801953125 0.948830753125 0.42599322500000003 0.92251885625 0.40300741875 0.940283684375 0.43391951874999996 0.9639019531249999 0.4569801953125 0.948830753125
8 0.4960283234375 0.9460536671875 0.46802283750000007 0.9185534203125 0.44352491250000003 0.9340439609375 0.47075488749999994 0.9601972999999999 0.4960283234375 0.9460536671875
3 0.6454210890625001 0.861314984375 0.6511415171875 0.8205301468749999 0.6138368953125 0.818294315625 0.60903813125 0.859472665625 0.6454210890625001 0.861314984375
3 0.2152771 0.7543323234375 0.246433003125 0.781072446875 0.2794449015625 0.752879490625 0.24795345000000002 0.724941440625 0.2152771 0.7543323234375
19 0.54153536875 0.861548971875 0.513127790625 0.8418523578125001 0.48510723593750005 0.87365123125 0.5143035499999999 0.8914330703125 0.54153536875 0.861548971875
19 0.4976856328125 0.9046309078125001 0.47316299375000004 0.872825971875 0.445657296875 0.8890436875000001 0.471364696875 0.918740915625 0.4976856328125 0.9046309078125001
9 0.417860159375 0.853897875 0.39207733437500003 0.829771725 0.360347628125 0.8570560593750001 0.38765625312499996 0.8792194796875 0.417860159375 0.853897875
4 0.3596184984375 0.8870247953125 0.33488114062499996 0.8628361640625 0.3028530359375 0.8876109390625 0.3290305265625 0.90947558125 0.3596184984375 0.8870247953125
4 0.6042737953125 0.84041641875 0.57746496875 0.8228307828125001 0.5500315812500001 0.8560004609374999 0.5778376671875 0.8731201000000001 0.6042737953125 0.84041641875
4 0.5593921328125 0.83993105625 0.558287315625 0.8095403015624999 0.5089646390625 0.8096555703125 0.51240915625 0.8412085499999999 0.5593921328125 0.83993105625
29 0.46248963125 0.8140598593749999 0.45327969531249995 0.8434788078125001 0.49796212500000003 0.8575593187500001 0.5091902546875 0.8286271453125 0.46248963125 0.8140598593749999
29 0.446841121875 0.8523460859374999 0.4565726921875 0.8238047265624999 0.4101172984375 0.8083621046875 0.40251123125 0.83769814375 0.446841121875 0.8523460859374999
17 0.1540529421875 0.40816966718750003 0.14415093750000002 0.42717839375000005 0.1608075765625 0.4977291421875 0.21053879531250003 0.500161696875 0.1966483546875 0.42988895625 0.20479026562499997 0.4112023625 0.1540529421875 0.40816966718750003
17 0.20485935937500002 0.4114739 0.1967041359375 0.429446009375 0.2107812234375 0.5003722500000001 0.26003292031249997 0.502557946875 0.249106065625 0.43326628906250003 0.25643685 0.41417260625 0.20485935937500002 0.4114739
12 0.256315075 0.41393399999999997 0.2492571046875 0.4334678765625 0.2605833375 0.5038210953125 0.3102045890625 0.5060716234375 0.30157584375 0.4366538203125 0.307057715625 0.4170903234375 0.256315075 0.41393399999999997
7 0.307051759375 0.41709063437499994 0.301814190625 0.4369470984375 0.3105906890625 0.5058474671875001 0.35966729062499997 0.5081505453124999 0.353862890625 0.4397472203125 0.35805205 0.42033423281250004 0.307051759375 0.41709063437499994
2 0.35801981562499996 0.4204066328125 0.3538647203125 0.4407236125 0.36042174375 0.509085071875 0.4096817078125 0.51064431875 0.405545853125 0.4406502578125 0.40810740624999997 0.4233807828125 0.35801981562499996 0.4204066328125
32 0.408305028125 0.423040678125 0.40567796093749997 0.44053809062499993 0.40990093125 0.510792865625 0.45834649375 0.5126407328125 0.45648170625000006 0.44563706875 0.4581114640625 0.42626913593750004 0.408305028125 0.423040678125
27 0.4583640703125 0.42599078593749995 0.456704165625 0.44594133124999996 0.4587974265625 0.5131877046875 0.506639621875 0.5151820421875 0.5069878546875 0.44805364374999995 0.5075960015625001 0.42923392656250003 0.4583640703125 0.42599078593749995
22 0.507575928125 0.42962825000000004 0.5072036468750001 0.4481663703125 0.506934675 0.5162830609375 0.5544418 0.5185813328125 0.5570675406250001 0.451096321875 0.556216503125 0.4325190359375 0.507575928125 0.42962825000000004
40 0.5563815765625 0.432344859375 0.557166959375 0.4517271765625 0.5549769046875 0.518409475 0.6022997375 0.5217488015625 0.6069042453125 0.4512349140625 0.60503275625 0.43438028749999996 0.5563815765625 0.432344859375
37 0.6049845 0.43453744062500005 0.6071794640625 0.45172342812500005 0.6027258890625 0.5203992875 0.6504983281250001 0.5240320656249999 0.6576086734375 0.45544062656250006 0.6540399546875 0.4367089828125 0.6049845 0.43453744062500005
32 0.654357753125 0.4371005 0.657625575 0.45510603125 0.650760028125 0.5234970125 0.6994396968750001 0.5254418296875001 0.708054784375 0.4588232296875 0.703385025 0.439706490625 0.654357753125 0.4371005
40 0.7036049140625 0.440177246875 0.708343175 0.4588511796875 0.6991617109375 0.5257822062499999 0.7473861546875 0.5286078359374999 0.759559721875 0.46104197343750003 0.7533731234375 0.4427423109375 0.7036049140625 0.440177246875
37 0.753363884375 0.44268663750000004 0.759224575 0.46137918281249996 0.747672525 0.5290739328125 0.7958951875 0.5313770625 0.809828609375 0.4636239546875 0.803642009375 0.44532429218749997 0.753363884375 0.44268663750000004
32 0.8038705374999999 0.44515885937500005 0.8101948999999999 0.4635579703125 0.7962117421875 0.531611109375 0.8435072937499999 0.534436465625 0.8602569609374999 0.46711994375000004 0.85292961875 0.4485670703125 0.8038705374999999 0.44515885937500005
35 0.8530103312499999 0.447969021875 0.8603012937500001 0.46704049843749995 0.8440887984375 0.5342566046874999 0.8926229234375 0.5376193406249999 0.9107043499999999 0.4704333453125 0.902069421875 0.451377275 0.8530103312499999 0.447969021875
15 0.902215684375 0.45159635781249996 0.9107391078125 0.4705477078125 0.892396675 0.538105690625 0.9410105078125 0.540371084375 0.9613903859375 0.4731593390625 0.951934109375 0.45483122812500004 0.902215684375 0.45159635781249996
0 1 0.4582019796875 0.9520581187499999 0.4548405125 0.9615458953125 0.4733382265625 0.94154398125 0.540577184375 0.9901274015625001 0.5437986421875001 1 0.5141187421875 1 0.4582019796875