35 0.6093261646291486 0.9559885600334075 0.139288229307785 0.08802287993318494
25 0.6074018164835995 0.922915167409269 0.1167514880142125 0.11222837468172671
5 0.6079883146745771 0.8745140300763602 0.12004026232447185 0.11538973734881744
0 0.60150261928799 0.8252498267424965 0.12669969810012063 0.12327496268299924
26 0.6020481739014028 0.7760674394095874 0.11017393939369331 0.1059056493475449
26 0.6002909220923804 0.7276390300763602 0.1167514880142125 0.11222837468172671
26 0.5969302267057933 0.6784111894095874 0.1183958751693421 0.11380905601527207
26 0.5928701684743359 0.6307367580760419 0.113462713703953 0.10906701201463562
9 0.5806590162812008 0.4424282360757238 0.1167514880142125 0.11222837468172653
9 0.5780795708946136 0.39320948607572376 0.1183958751693421 0.11380905601527198
9 0.5755820126631562 0.3455532360757238 0.11181832654882307 0.10748633068109026
17 0.586363461667788 0.4916833487428146 0.10524077792830404 0.10116360534690863
17 0.588697245588986 0.5362145987428146 0.10359639077317447 0.09958292401336308
17 0.588932940975573 0.5854060767424965 0.10359639077317447 0.09958292401336308
40 0.5723850915868285 0.299450395408951 0.11675148801421234 0.11222837468172653
40 0.5698056462002412 0.25023164540895104 0.11518898801421251 0.11221019334818116
34 0.5680893379687838 0.20258448607572382 0.10852955223856356 0.10432496801399935
34 0.564152110470021 0.15725380474217837 0.11017393939369349 0.1059056493475448
34 0.5600920522385635 0.10957937340863291 0.10359639077317447 0.099582924013363