26 0.071875 0.459375 0.05 0.0609375
26 0.12421875 0.46015625 0.05 0.0609375
26 0.17734375 0.459375 0.0484375 0.0578125
7 0.23359375 0.46015625 0.040625 0.0578125
7 0.2890625 0.4625 0.040625 0.0625
7 0.34453125 0.46171875 0.040625 0.05625
7 0.39921875 0.4609375 0.046875 0.05625
14 0.4578125 0.4609375 0.040625 0.059375
14 0.5140625 0.4625 0.04375 0.0578125
14 0.571875 0.4609375 0.05 0.059375
14 0.63125 0.4609375 0.04375 0.05625
21 0.68984375 0.46015625 0.0484375 0.065625
21 0.75234375 0.46484375 0.05 0.0671875
21 0.8140625 0.46484375 0.0484375 0.0640625
19 0.87578125 0.46484375 0.05 0.053125
19 0.9390625 0.465625 0.05 0.053125