30 0.0878394109375 0.28153664218749996 0.043643090625 0.2605695875 0.0277562390625 0.3440902265625 0.0703026625 0.3639811109375 0.0878394109375 0.28153664218749996
5 0.129513278125 0.36661879062499997 0.14130971406249998 0.2787959734375 0.09209291875 0.2679737015625 0.082890928125 0.35546090937499997 0.129513278125 0.36661879062499997
40 0.1309009796875 0.36301490468750003 0.179959628125 0.3749192046875 0.1924889734375 0.28469415468750003 0.142459903125 0.27458664375 0.1309009796875 0.36301490468750003
37 0.181208396875 0.3727850546875 0.23026704374999998 0.38468935625 0.24551549687500002 0.2937339625 0.1938735375 0.28354189218750003 0.181208396875 0.3727850546875
32 0.232284184375 0.3826769015625 0.28134283125000004 0.3945812046875 0.2989461953125 0.30430001406249996 0.2471229875 0.2934450875 0.232284184375 0.3826769015625
2 0.283222228125 0.39410985 0.33551239375 0.4069552640625 0.35538718281250004 0.313756878125 0.30022616874999997 0.303468446875 0.283222228125 0.39410985
2 0.33490990625 0.4090938109375 0.38857751875 0.42196169375 0.4107618609375 0.32994782968749997 0.35612862343749996 0.316646765625 0.33490990625 0.4090938109375
2 0.3897684265625 0.41832606875 0.44343603906249995 0.43119395000000005 0.46827465625000003 0.33786537499999997 0.4129274890625 0.324503359375 0.3897684265625 0.41832606875
27 0.444607265625 0.42489898281249994 0.5000312359375 0.43789781406249995 0.527317403125 0.3422417078125 0.4718718734375 0.3307481765625 0.444607265625 0.42489898281249994
27 0.502120778125 0.43615844062500003 0.55754475 0.44915727031249997 0.5882330734375001 0.35428659218749997 0.5293853859375 0.3420076359375 0.502120778125 0.43615844062500003
12 0.5887872093750001 0.3609745828125 0.5574098171874999 0.45389212656250005 0.6139211343750001 0.46649566875000004 0.64762000625 0.373174896875 0.5887872093750001 0.3609745828125
12 0.5922645796875 0.5372190703124999 0.6487927109375 0.5520472671875 0.68363420625 0.46308415625 0.6239097265625 0.44939392343750006 0.5922645796875 0.5372190703124999
12 0.74519491875 0.47942795625 0.7812441625 0.3824300578125 0.7187913359375 0.3719564 0.6838342609375 0.4683844234375 0.74519491875 0.47942795625
37 0.7490468359375 0.4751532515625 0.809928203125 0.48592775625 0.8492225296875 0.3892920515625 0.7846778750000001 0.3773438859375 0.7490468359375 0.4751532515625
37 0.9161917828125 0.4029021234375 0.8510215234375 0.3916146078125 0.812510221875 0.4889177828125 0.873697946875 0.501490734375 0.9161917828125 0.4029021234375
13 0.7837042671875001 0.684110796875 0.8386163328125 0.7292141234375 0.8846506421875 0.6769829703125 0.8283992890625 0.6342652265625001 0.7837042671875001 0.684110796875
2 0.8081851515625 0.8953744421875 0.8425499828125 0.8797267828124999 0.8622723703125 0.8249012656250001 0.8589982468749999 0.8118638812500001 0.7876944875 0.8548188281250001 0.8081851515625 0.8953744421875
28 0.6039113578124999 1 0.567707225 0.9837297921875001 0.558078821875 1 0.6039113578124999 1
28 0.7182512953125 0.7921753453125 0.6760324125 0.8267556828125 0.7181405234375 0.8713088125 0.7621645984375001 0.8375793265624999 0.7182512953125 0.7921753453125
1 0.7255877921875 0.9857313171875 0.7757745859375 0.9821244328125 0.7859670609375 0.915333190625 0.73092723125 0.92110325 0.7255877921875 0.9857313171875
6 0.6345763203125 0.9321378171875001 0.587957053125 0.9174828484375 0.5652441968749999 0.973462628125 0.60904221875 0.9878062468750001 0.6345763203125 0.9321378171875001
38 0.41121717343749997 0.9250352828124999 0.3965380734375 0.9647186671875 0.44862124375 0.9871252984375 0.46607185937500006 0.947133403125 0.41121717343749997 0.9250352828124999
13 0.7066814046875 1 0.7118061609375 0.99117286875 0.6502302859375 0.9721016328125 0.63671371875 1 0.7066814046875 1
27 0.49029996249999996 0.968345725 0.5271353640625 0.9918438406250001 0.5636176625 0.9450320640625 0.5235481046875 0.922502940625 0.49029996249999996 0.968345725
23 0.4295441734375 0.8090136343750001 0.45853576562500004 0.8464993421875 0.5086643640624999 0.8053270453125 0.47996990781250004 0.7669243156250001 0.4295441734375 0.8090136343750001
27 0.3756828734375 0.775062440625 0.35733434062499997 0.8181968828124999 0.4118377296875 0.8441309921875 0.430271965625 0.8008462671875 0.3756828734375 0.775062440625
8 0.5084186140625 0.661832815625 0.5574969578125 0.6790118078125 0.5891006187500001 0.605232803125 0.537453840625 0.5873809125 0.5084186140625 0.661832815625
32 0.20588819374999998 0.5638685484375 0.22601046406249997 0.6124072203125001 0.278367778125 0.5821592546875001 0.2584209921875 0.528276390625 0.20588819374999998 0.5638685484375
32 0.3161684453125 0.549417046875 0.299607915625 0.6039396640625 0.3576231015625 0.6248635203124999 0.3760736578125 0.573051646875 0.3161684453125 0.549417046875
6 0.611066915625 0.783812640625 0.6263611921875001 0.8331636843749999 0.6946975765625 0.8034540187499999 0.678863853125 0.754554159375 0.611066915625 0.783812640625
26 0.31744419062499996 0.9850175312499999 0.3541073546875 0.9759998390625 0.3376507921875 0.9267811796875 0.302517503125 0.93347721875 0.31744419062499996 0.9850175312499999
36 0.482575228125 0.9192512890625 0.523034846875 0.898009246875 0.48983388124999994 0.84465229375 0.4518764203125 0.8684712765624999 0.482575228125 0.9192512890625
39 0.2850551953125 0.702033365625 0.305972 0.743485184375 0.353739709375 0.7062509609375 0.330712115625 0.669046075 0.2850551953125 0.702033365625
31 0.4431900296875 0.52305701875 0.403351525 0.586933071875 0.4399725109375 0.6196040234375 0.482793678125 0.5572468328125 0.4431900296875 0.52305701875
13 0.4619574390625 0.682880059375 0.4403884734375 0.7510313609375 0.4860914078125 0.763610234375 0.5101022687500001 0.694987375 0.4619574390625 0.682880059375
39 0.8323019296874999 0.7365312875 0.788688734375 0.7043590375 0.7349637046875 0.772831828125 0.7785116953125 0.7999874453125 0.8323019296874999 0.7365312875
19 0.622208153125 0.9079650171875 0.667968978125 0.923457475 0.7008600515625 0.8639764328125 0.6523325953125 0.8486565234375 0.622208153125 0.9079650171875
1 0.57893666875 0.7114165734375 0.54111635 0.77511495625 0.5864415078125 0.8000790312499999 0.6253671749999999 0.7371029359375 0.57893666875 0.7114165734375
14 0.4438248609375 1 0.44691050781249997 0.9938281 0.3966275640625 0.9721897281249999 0.38415476718749997 1 0.4438248609375 1
9 0.233789075 0.7718594671875 0.2450882171875 0.8185994796875 0.3004580671875 0.804220384375 0.2870439765625 0.758264059375 0.233789075 0.7718594671875
19 0.7600912671875 0.643026515625 0.6964080171875 0.64271009375 0.6830485796875 0.725339865625 0.7429196015625 0.7236970046875 0.7600912671875 0.643026515625
24 0.5332723968749999 0.882250134375 0.5700834718750001 0.9125217875 0.6150320140625001 0.8663731859375 0.5806312124999999 0.8367353953125001 0.5332723968749999 0.882250134375
4 0.3201606453125 0.870454890625 0.35488210468750003 0.892320725 0.3841023875 0.8409792625 0.346137775 0.818228625 0.3201606453125 0.870454890625
24 0.20496795156249997 0.8623905093750001 0.23642568437499997 0.8892658171875001 0.27015380625 0.8417872781250001 0.235480934375 0.8153900421875001 0.20496795156249997 0.8623905093750001
29 0.3596585234375 0.6446826546875 0.3575798375 0.7005386546875 0.420375021875 0.6956559296875 0.4242408015625 0.6440670671875 0.3596585234375 0.6446826546875
3 0.5595592375 0.6802484390625 0.5949164312499999 0.717165315625 0.6512047734374999 0.65912888125 0.6131654953125001 0.620963378125 0.5595592375 0.6802484390625
37 0.9645762234375 0.41653166875 0.91782410625 0.407892909375 0.8748432312500001 0.5074034859375 0.938345265625 0.51993349375 0.9595977453125 0.47343593124999994 0.9645762234375 0.41653166875