5 0.09988327680246942 0.5056784576102139 0.061816731513561374 0.07144266046291677
0 0.052970479447422794 0.5218878085198366 0.0699022472985769 0.0764940334984459
30 0.1449150557416646 0.49501063130769685 0.05878273677523325 0.07285961124870503
34 0.7129054635212329 0.3477907973566941 0.06347023677523325 0.07307793507002262
34 0.6551006687970222 0.36372832051605786 0.06539675782192056 0.0794007096771284
37 0.6005573819653193 0.37717654446120996 0.06374325256024882 0.07776543507002262
37 0.5467953451336163 0.39058838110280913 0.06539675782192056 0.07940070967712849
37 0.49142530567107745 0.4048542423515141 0.062271757821920556 0.07925516046291677
3 0.4416150214702104 0.4173028924753487 0.06374325256024882 0.07776543507002245
3 0.39079597411516376 0.4336941799027361 0.06539675782192056 0.07940070967712849
3 0.3387329451759686 0.4446894919372294 0.06374325256024874 0.07776543507002245
11 0.18925658994253164 0.48281669230873286 0.05869173151356133 0.07129711124870504
11 0.23980262151256274 0.47111290488134544 0.05905575256024882 0.07754711124870503
11 0.2873601609751016 0.4572109166681697 0.060527247298576906 0.0760573858558109
1 0.7721362503529359 0.33412424959022446 0.07017526308359248 0.08118153349844599
1 0.8323302977079825 0.31729631452020185 0.0733002630835923 0.08132708271265772
1 0.892615350324701 0.29890587945017927 0.07008425782192056 0.07961903349844598