10 0.33214833398313715 0.1319832307170489 0.11208292401336309 0.10101959897381954
35 0.3487358499761375 0.183945774220035 0.11050224267981754 0.099420731382639
16 0.3653324566359105 0.23512706772302114 0.10574201734563574 0.09306162860909728
16 0.3811478132956836 0.286290177430417 0.11050224267981754 0.099420731382639
16 0.3977444199554566 0.33747147093340313 0.10732269867918127 0.09466049620027786
6 0.4135688672820024 0.38785333064079897 0.11520792401336308 0.10109233415618064
6 0.42780354260822995 0.4405425727570142 0.10892156134627218 0.09782186379145834
6 0.44518139926800304 0.4917420500555907 0.11520792401336308 0.10109233415618064
39 0.4594342559277761 0.5428687921718061 0.108921561346272 0.09782186379145834
39 0.47757518125400367 0.5956489532659727 0.11520792401336308 0.10109233415618064
39 0.49493485658023123 0.648410930564549 0.11050224267981754 0.099420731382639
21 0.5091968039067771 0.6987564226807643 0.11208292401336309 0.10101959897381967
21 0.5257661385662319 0.7522814661837505 0.11520792401336308 0.10109233415618064
21 0.5415633138924594 0.8050070758911463 0.11208292401336309 0.10101959897381932
26 0.5573513985519144 0.8585139355985423 0.11050224267981754 0.09942073138263866
26 0.5739116425445966 0.9128202291015283 0.11520792401336308 0.10109233415618064