35 0.30210325797418436 0.6211629694547913 0.09142858656782157 0.11300906010845857
0 0.49867566841113786 0.5465407402374426 0.08334326805616747 0.1051511083130606
9 0.8239707903735038 0.422677556003242 0.08000001324684405 0.09888292759490121
4 0.7792857729503087 0.44038268558993304 0.08005457694917481 0.1004454275949012
3 0.7346280373782791 0.4588690651766242 0.08172620435383653 0.1035795179539809
23 0.6876265518062492 0.4773418092246958 0.08646826805616747 0.10516928903121965
23 0.6422421299365505 0.4973861436318471 0.08312501324684404 0.0989011083130606
28 0.5935962988110244 0.513506047320839 0.07849207694917482 0.10043633723582168
38 0.5464584039831676 0.5280725413689108 0.08167164065150559 0.10201701795398091
8 0.45092021469027355 0.5657901891059745 0.07692957694917482 0.10042724687674198
8 0.4016022609694092 0.5850305476154267 0.0864682680561673 0.10516928903121965
8 0.3514484935462141 0.6027038609453392 0.08668652286549072 0.11141928903121964
28 0.2504961179556509 0.6419521924256242 0.09455358656782167 0.11302724082661779
33 0.19657250978828286 0.6635090298578377 0.09142858656782163 0.11300906010845857
38 0.14111368347208028 0.6858380269309713 0.08646826805616734 0.10516928903121965