26 0.8827834754559009 0.5596122483496799 0.13024509263643722 0.1272988190854491
26 0.821868707509212 0.559185522353785 0.1479326978092864 0.14458631303532493
31 0.7602181536691461 0.5572008415374301 0.14471676959604132 0.14144313231716552
36 0.7015562075092121 0.5598854800029157 0.13828491316955063 0.13515677088084707
39 0.6400193139357029 0.5539945491865605 0.13506898495630537 0.13201359016268785
21 0.5775193139357029 0.5543581635497452 0.14632473370266402 0.1430147226762452
26 0.5143062600956368 0.5523825730924699 0.14954066191590928 0.14615790339440443
31 0.4527011703621936 0.5488353922761148 0.15436455423577744 0.15087267447164338
6 0.3894881165221276 0.5468598018188392 0.14954066191590937 0.14615790339440443
11 0.3280194191085523 0.538625121002484 0.16079641066226813 0.15715903590796182
16 0.2621898306287503 0.546038166083828 0.1736601235152495 0.1697317587805987
31 0.2006984011618637 0.538584735267473 0.17848401583511758 0.17444652985783762
36 0.1342012229486183 0.5420960755283566 0.1784840158351176 0.17444652985783762
39 0.07856395453971124 0.5393483254301609 0.15712790907942248 0.17442834913967822
30 0.04340770453971124 0.5356466085094522 0.08681540907942248 0.16620678298109545