40 0.2602593692349585 0.8189782763816194 0.11640677088084708 0.13639324188232535
40 0.30772472169428655 0.785333933443634 0.11796018052176756 0.13485801542127546
40 0.35519461933315444 0.7524708405056486 0.11796927088084716 0.13642051542127548
37 0.404990086253863 0.7164418372592378 0.12111245159900648 0.13960006249917623
32 0.45400884835411137 0.6812077207823022 0.12111245159900648 0.13960006249917606
22 0.50302306527482 0.6451923543053664 0.12111245159900648 0.13960006249917606
22 0.5512651225546084 0.6107531245979059 0.12111245159900648 0.13960006249917623
22 0.6002884298343965 0.5763002581209701 0.122684041958086 0.14118983603812651
17 0.6485304871141846 0.5418610284135096 0.1273988130353249 0.14595915665497755
12 0.6983168636758137 0.5042695251670988 0.1273897226762452 0.14439665665497756
7 0.747335625776062 0.469035408690163 0.12267495159900647 0.13962733603812652
12 0.7979305234149299 0.436117768674277 0.12426472267624504 0.1443421095770768
7 0.8484890596174793 0.39695012865839086 0.12738972267624504 0.14439665665497756
2 0.899065776538188 0.3609074886425049 0.12269313231716553 0.1427523360381265