12 0.53203125 0.0296875 0.121875 0.059375
24 0.5421875 0.08359375 0.125 0.0765625
24 0.55546875 0.146875 0.125 0.078125
4 0.56640625 0.2125 0.128125 0.08125
36 0.578125 0.2796875 0.125 0.08125
31 0.58828125 0.34453125 0.1265625 0.0796875
26 0.6 0.4125 0.125 0.08125
21 0.61171875 0.47890625 0.1265625 0.08125
16 0.62265625 0.5453125 0.1296875 0.0875
16 0.646875 0.68203125 0.1296875 0.0875
11 0.634375 0.6125 0.125 0.08125
11 0.6578125 0.7515625 0.1296875 0.0875
6 0.67109375 0.81953125 0.1296875 0.0859375
35 0.67890625 0.8875 0.1265625 0.084375