39 0.1975821807585804 0.8019480220561086 0.12117169802510182 0.11824695712440061
39 0.232767511572534 0.7506766162882975 0.11618380937615384 0.11325906847545256
1 0.2735717867109616 0.6967110070967137 0.10963342072720587 0.10817105027685514
1 0.3098387561738632 0.6407020365540781 0.11285855027685524 0.10993380937615385
1 0.3480990222129921 0.5900116216869684 0.11618380937615384 0.11325906847545256
31 0.38948428825212106 0.53912094772056 0.12615958667404978 0.12323484577334831
26 0.4298077020394967 0.48051790330380084 0.12615958667404978 0.12323484577334831
21 0.46826822717792427 0.42670248843669123 0.12615958667404978 0.12323484577334831
11 0.5070291409652998 0.3681995735695815 0.12449695712440043 0.12157221622369914
6 0.5511086104282014 0.31168995527869914 0.12782221622369913 0.12489747532299766
1 0.5891383389904016 0.2524558551864141 0.12293445712440043 0.12147208667404978
39 0.6339489936784786 0.19667742212070707 0.12782221622369913 0.1248974753229977
36 0.6773974074658542 0.13787411860464938 0.13270997532299766 0.12832286397194567
31 0.721727200802879 0.07745825031376705 0.13281010487264702 0.1298853639719457