25 0.6824904234405723 0.18268870526947392 0.15154103444287906 0.1325492890180882
35 0.6438171645175027 0.25792973472683817 0.1509490385920637 0.12473678901808824
40 0.43051595558514427 0.7003711512919908 0.1360577444009227 0.11289812307124443
40 0.4642649161678879 0.6279547331856786 0.1343768452307595 0.11123549352159508
40 0.5037194250909576 0.552763768503139 0.12777164772027055 0.10614747532299766
34 0.30967342716555 0.5442539543466233 0.14027164772027048 0.1069485117201923
34 0.34401438359910874 0.464025036240311 0.1438702444009226 0.11339877081949083
33 0.3853865900326675 0.38424670110742076 0.14519594606059655 0.11037390036914027
33 0.4248294435617968 0.2988494216500565 0.1501202444009227 0.11379928901808825
33 0.46626084958043706 0.21828983651716624 0.1501202444009227 0.11379928901808825
23 0.32241542259215783 0.9148260726375057 0.13617614357108562 0.11446062307124408
23 0.3578452823450645 0.8409472840808426 0.13918274440092268 0.11309838217054277
23 0.3939379929278081 0.7686810602990045 0.13281434523075958 0.11113536397194572
8 0.5369831335991088 0.47639103562200213 0.12826855518880328 0.09218510487264701
8 0.5731350437669339 0.403343561840164 0.13667305103961844 0.1004982526208936
8 0.6115715043496776 0.33122753238279967 0.13667305103961844 0.1004982526208936