27 0.7835314439627822 0.7866126481738578 0.10348204274124857 0.11336382096198286
38 0.7958547678229174 0.7368933692346626 0.1465934253146722 0.1485424577654509
38 0.7967553396084602 0.6839503797580063 0.1613663203356502 0.15873650512049764
38 0.7928383568298998 0.6227321586972014 0.15476112282516113 0.15368498407381015
16 0.7897026240513392 0.5614684350055608 0.1613663203356504 0.15873650512049764
16 0.783808744177208 0.5058099692064278 0.15128092531467202 0.14881547355046648
16 0.7789921122284845 0.4461997507764589 0.15632362282516113 0.1537759893354819
29 0.7782001294499239 0.3847995191923103 0.14635662697434632 0.14541745776545092
29 0.7748275983310373 0.32666079550066957 0.15800452199532417 0.1554294945971538
29 0.7639385651375583 0.2650708481173881 0.15464272365499826 0.15212248407381015
8 0.7567781831888347 0.20559713757992695 0.15812292116548718 0.1569919945971538
8 0.7535832508251926 0.1451146638882862 0.15968542116548737 0.15708299985882568
8 0.7388588226107353 0.09308172702834835 0.1392778327832051 0.13411593671876348
25 0.7178960497902185 0.05152355858426203 0.11335395020978148 0.09993835779368573