38 0.8783917058358692 0.28552112623746456 0.20508025595208465 0.1888482137152085
38 0.8245072351689643 0.30946842572437433 0.1866908888718058 0.17126067021222235
23 0.7730757751457211 0.33492367382451327 0.19170617080279087 0.17605727298576399
23 0.7216443151224781 0.36037892192465215 0.1950496920901143 0.17925500816812515
23 0.6703221157428968 0.38739667002479117 0.20006497402109957 0.18405161094166686
13 0.6196719057196537 0.41283373432933973 0.18847191015912906 0.17442203780340293
13 0.5706388260182415 0.43901568104270783 0.18836264951546725 0.17285953780340294
13 0.5216057463168292 0.465197627756076 0.1866908888718058 0.17126067021222244
8 0.4724634059717552 0.48981707446944406 0.18512838887180577 0.17122430262104177
8 0.4220863475576664 0.5191603887739926 0.17833208565349706 0.16326633225631965
8 0.37434261624709986 0.5413997178961802 0.19003441015912906 0.1744584053945836
3 0.32258337429287154 0.5621674659963192 0.18847191015912906 0.17442203780340293
3 0.2750035339477976 0.5867505451185068 0.1883626495154674 0.17285953780340294
3 0.22653318295906186 0.6097893080362846 0.19003441015912914 0.1744584053945836
15 0.1764457016484953 0.6320831885452429 0.18836264951546738 0.17285953780340294
0 0.13120961130342132 0.6566117162806597 0.18200338887180564 0.17115156743868062