0 0.0578125 0.684375 0.04375 0.084375
15 0.1171875 0.67890625 0.05 0.0890625
5 0.1703125 0.67578125 0.0484375 0.084375
18 0.22734375 0.671875 0.046875 0.0828125
18 0.28046875 0.66640625 0.0390625 0.0796875
18 0.334375 0.6640625 0.046875 0.08125
35 0.38359375 0.659375 0.04375 0.0828125
9 0.43984375 0.65703125 0.04375 0.071875
9 0.49375 0.64921875 0.0421875 0.0828125
9 0.5421875 0.64296875 0.0421875 0.075
38 0.596875 0.64296875 0.046875 0.0828125
33 0.64765625 0.6375 0.04375 0.0796875
28 0.70078125 0.6359375 0.0453125 0.0828125
28 0.753125 0.63203125 0.0484375 0.0828125
23 0.80546875 0.628125 0.046875 0.078125
13 0.8546875 0.6171875 0.040625 0.0765625
8 0.90546875 0.6171875 0.0390625 0.0765625