17 0.37421875 0.7408670184018529 0.1125 0.12086477171162162
22 0.340625 0.794771114349077 0.1078125 0.11752144789030403
27 0.3078125 0.8494928475998538 0.1125 0.1224272717116218
29 0.7359375 0.11943308994685883 0.11875 0.12584337014004515
29 0.70078125 0.17795191128697704 0.1140625 0.12093754631872758
29 0.6671875 0.23341850723420113 0.1140625 0.12250004631872757
24 0.63671875 0.29293690239563686 0.1328125 0.14212334160399784
24 0.6 0.34669544912864925 0.128125 0.13721751778268027
14 0.56640625 0.4029432950758733 0.125 0.13394696856846852
14 0.5390625 0.46182598945152087 0.1078125 0.11595894789030403
14 0.50546875 0.5141675853987449 0.1171875 0.1273330955329392
4 0.47265625 0.5735768186495219 0.115625 0.12569782092583354
4 0.43828125 0.631350777293193 0.121875 0.13223891935425697
4 0.40859375 0.6838743097581818 0.13125 0.14205056699689197