11 0.787311131184672 0.675417284090068 0.11310552000387926 0.1098336798265045
21 0.7340584564890836 0.6423031978774436 0.13182356909549392 0.129685104872647
36 0.6801520775511297 0.6076766764396437 0.11648561151914834 0.1131589389258032
1 0.6332769486131757 0.572599572028422 0.11661315727678297 0.11472143892580319
16 0.5749541366446838 0.5444733744647455 0.13338606909549372 0.12978523442229636
31 0.5217652348279126 0.510578038252121 0.1232457945496865 0.11980945712440061
11 0.47339137876877596 0.47481981339054863 0.1198657030344176 0.1164841980251019
36 0.4170137040731876 0.4419059862772229 0.11466802000387925 0.10993380937615385
39 0.3614172793775992 0.4089420943890724 0.11310552000387934 0.1098336798265045
31 0.30854724195491434 0.37114050817644795 0.11804811151914843 0.11325906847545256
26 0.25366829438050864 0.3389078015134729 0.12142820303441741 0.11658432757475108
26 0.20145196120018935 0.3026186505260238 0.12649834030732113 0.12157221622369914
39 0.1429218551410527 0.26751126773717193 0.12493584030732104 0.12147208667404978
36 0.09207670332428156 0.23346573720007355 0.11986570303441749 0.11648419802510182