23 0.69765625 0.11484375 0.0984375 0.0703125
28 0.678125 0.16171875 0.103125 0.06875
33 0.65703125 0.21640625 0.103125 0.071875
28 0.6359375 0.26640625 0.1046875 0.0734375
33 0.6140625 0.315625 0.1046875 0.075
38 0.59453125 0.36484375 0.1046875 0.0734375
34 0.5734375 0.41328125 0.1015625 0.071875
34 0.553125 0.4625 0.1046875 0.075
4 0.5328125 0.51015625 0.1046875 0.075
4 0.51328125 0.55859375 0.1046875 0.0734375
4 0.49296875 0.60703125 0.1046875 0.075
19 0.471875 0.6546875 0.1046875 0.075
19 0.45078125 0.70390625 0.103125 0.071875
19 0.43046875 0.7515625 0.103125 0.075
15 0.409375 0.8 0.1015625 0.075
35 0.38984375 0.84765625 0.1046875 0.0765625
30 0.36953125 0.89609375 0.103125 0.075
25 0.3484375 0.94296875 0.1 0.0703125