25 0.6265625 0.8171875 0.0953125 0.08125
14 0.61171875 0.76875 0.0875 0.075
14 0.59453125 0.72421875 0.084375 0.071875
14 0.57890625 0.67421875 0.0875 0.0765625
14 0.56171875 0.63046875 0.0828125 0.071875
28 0.54609375 0.584375 0.0921875 0.075
28 0.52734375 0.5390625 0.0828125 0.06875
28 0.5109375 0.490625 0.0890625 0.0734375
3 0.49375 0.44609375 0.084375 0.071875
3 0.475 0.403125 0.0859375 0.075
3 0.45625 0.35859375 0.084375 0.071875
3 0.4390625 0.30859375 0.078125 0.0703125
18 0.4234375 0.26015625 0.0875 0.075
18 0.40625 0.21484375 0.0875 0.075
18 0.390625 0.16953125 0.08125 0.0703125
23 0.3703125 0.12734375 0.0875 0.075
23 0.35390625 0.08125 0.090625 0.078125