30 0.9422992011523383 0.4838857691167619 0.11444535956551008 0.13410148441265973
23 0.8915931942549336 0.5114755375540938 0.11099281094499105 0.12763296312533612
13 0.8431081066248339 0.5368854469569182 0.10770403663473119 0.12428944183801285
18 0.7892770997274289 0.5642566941069267 0.10622342378986112 0.12574268119435103
23 0.739024794209505 0.5856510928660894 0.10441526232447203 0.12094592055068923
33 0.6890181501569701 0.6117329916252522 0.09446705223856355 0.10935285668871889
28 0.6378208203287867 0.629947760062584 0.10770403663473135 0.12428944183801285
3 0.5824306354576491 0.6424206268907616 0.09791960085908258 0.11582137797604233
8 0.5357946528705037 0.6734085469372478 0.09463082654882307 0.11247785668871887
13 0.4937642831282284 0.7031617489147193 0.09142393939369331 0.11069683540139544
23 0.4491035583429991 0.7272823099266981 0.1027708751693421 0.11927415990702758
23 0.40061847071289947 0.7526922193295226 0.09775582654882306 0.11269637797604233
41 0.3539006009706243 0.7821176393760088 0.09948210085908267 0.11593063861970414
38 0.31030773122834904 0.8117615807098184 0.10770403663473135 0.12428944183801285
33 0.26305759497773046 0.8310307507563046 0.0961114393936934 0.11102461733238086