40 0.95546875 0.51328125 0.0578125 0.0890625
37 0.89296875 0.51484375 0.0515625 0.090625
32 0.83515625 0.51328125 0.0546875 0.0859375
27 0.77890625 0.5109375 0.05 0.084375
22 0.72109375 0.5078125 0.0546875 0.0875
17 0.6625 0.5109375 0.0546875 0.084375
7 0.575 0.50703125 0.0515625 0.0890625
7 0.51640625 0.50703125 0.04375 0.0890625
32 0.3953125 0.51015625 0.0515625 0.0890625
27 0.33828125 0.5109375 0.0546875 0.0859375
22 0.2765625 0.50546875 0.053125 0.0828125
4 0.15390625 0.50859375 0.0484375 0.078125
4 0.09375 0.5109375 0.053125 0.084375
4 0.03359375 0.50859375 0.0484375 0.0828125