40 0.54296875 0.01796875 0.09375 0.0359375
37 0.53671875 0.06171875 0.096875 0.0640625
32 0.528125 0.11953125 0.090625 0.0671875
27 0.51875 0.1765625 0.090625 0.0640625
22 0.50859375 0.23359375 0.09375 0.0671875
17 0.50390625 0.29296875 0.090625 0.0671875
7 0.48984375 0.38125 0.09375 0.065625
7 0.4828125 0.43984375 0.09375 0.0578125
32 0.47109375 0.56171875 0.09375 0.065625
27 0.465625 0.61796875 0.09375 0.0671875
22 0.4515625 0.68046875 0.0875 0.0671875
4 0.43984375 0.80390625 0.084375 0.0625
4 0.43515625 0.8640625 0.090625 0.0671875
4 0.425 0.92421875 0.0875 0.0625