29 0.29921875 0.3390625 0.084375 0.0859375
29 0.34765625 0.375 0.08125 0.084375
29 0.39453125 0.4140625 0.0828125 0.084375
23 0.20234375 0.26015625 0.0921875 0.0921875
23 0.25390625 0.3 0.0921875 0.090625
33 0.4390625 0.44453125 0.08125 0.084375
33 0.484375 0.48046875 0.08125 0.0828125
33 0.528125 0.51171875 0.0796875 0.08125
33 0.5703125 0.5453125 0.0765625 0.0796875
36 0.61015625 0.578125 0.075 0.0765625
36 0.6515625 0.6109375 0.0765625 0.078125
36 0.69140625 0.64140625 0.0734375 0.0765625
37 0.72734375 0.6703125 0.0734375 0.0765625
37 0.7671875 0.70078125 0.078125 0.08125
37 0.80390625 0.728125 0.0796875 0.08125
30 0.84296875 0.759375 0.0734375 0.0765625