19 0.45567421562500005 0.685199621875 0.42723252812499996 0.7286083 0.5042630453125 0.76107096875 0.53696819375 0.714511975 0.45567421562500005 0.685199621875
19 0.08072229843749999 0.7100492015625 0.05354972031250001 0.7435560406249999 0.1086927328125 0.7792449609375 0.13784100625 0.7461842328125 0.08072229843749999 0.7100492015625
19 0.26490052343750004 0.5888563640625 0.26612187187499997 0.64137446875 0.3466602875 0.6376404296875 0.345791571875 0.5859646140625 0.26490052343750004 0.5888563640625
4 0 0.6012768546875 0.0088324296875 0.6193574374999999 0.0660935640625 0.595323159375 0.046853878125 0.5482618875 0 0.5685232171875 0 0.6012768546875
9 0.138504221875 0.8531191625 0.152824315625 0.8141776046875 0.08849425 0.8011822234375 0.0805083015625 0.837304109375 0.138504221875 0.8531191625
9 0.5951409562500001 0.8087410953124999 0.5708073203125 0.868034209375 0.6324698171875001 0.8821754687500001 0.6608276140625 0.8208024015625 0.5951409562500001 0.8087410953124999
29 0.44825056874999997 0.8017930218749999 0.48373593125000003 0.7595193921875001 0.40797200624999996 0.7254549140625 0.3771864453125 0.76569180625 0.44825056874999997 0.8017930218749999
3 0.4141341953125 0.8670286718750001 0.36635067656250003 0.8919620015625 0.4062785671875 0.94238456875 0.457101365625 0.92061265625 0.4141341953125 0.8670286718750001
31 0.6516914828125 0.72338930625 0.5963143765625001 0.7850939109375 0.6590689140625 0.81089219375 0.7154824140625 0.7508103890625 0.6516914828125 0.72338930625
1 0.209214765625 0.815729475 0.16086496249999999 0.8029045921875 0.144796290625 0.855480559375 0.19020399375000002 0.8692229156250001 0.209214765625 0.815729475
36 0.3189470765625 0.8248794125 0.27070319062500003 0.8437217234375 0.299997421875 0.899724765625 0.3509539484375 0.88111723125 0.3189470765625 0.8248794125
2 0 0.7055347000000001 0.037320340625 0.665891246875 0 0.640982453125 0 0.7055347000000001
2 0.37695710937500004 1 0.3739866015625 0.9577095468750001 0.3224736453125 0.956020140625 0.3257624546875 1 0.37695710937500004 1
2 0.2017092640625 0.85241290625 0.19212403125 0.8895544328125 0.2530014265625 0.906826025 0.2667426484375 0.868000846875 0.2017092640625 0.85241290625
7 0.5391173671875 0.7461856296875 0.49015786562499997 0.7729644390625 0.538600659375 0.827428653125 0.588288740625 0.8025983453125001 0.5391173671875 0.7461856296875
12 0.023461421875 0.341401696875 0.010804612500000001 0.3969773671875 0.0796976171875 0.41550822500000006 0.0935126328125 0.359310959375 0.023461421875 0.341401696875
17 0.36954960625 0.61337498125 0.342842246875 0.6796162515625 0.40144736875 0.6944186890624999 0.43136367499999995 0.6240007921874999 0.36954960625 0.61337498125
17 0.2270750171875 0.970791896875 0.24614130312500002 0.9232266078125001 0.1964159234375 0.9092665 0.1819681953125 0.950585503125 0.1918684375 0.9586727859374999 0.2270750171875 0.970791896875
22 0.026347089062500002 0.7662636109375 0.0213537390625 0.801327709375 0.079228915625 0.8228318765625 0.08566329687499999 0.782039153125 0.026347089062500002 0.7662636109375
22 0.135027696875 0.6779214203125 0.112879465625 0.71389345 0.16973449062499998 0.745893459375 0.1958150484375 0.7103421328125 0.135027696875 0.6779214203125
27 0.0484855078125 0.6101822484375 0.0478049546875 0.6528816296875 0.11428724374999999 0.657627528125 0.11880340468749999 0.61237786875 0.0484855078125 0.6101822484375
27 0.29451625937500003 0.764723246875 0.2516883515625 0.7781084468749999 0.27506375625 0.8356040296874999 0.3232508390625 0.8198985203125 0.29451625937500003 0.764723246875
32 0.16640467812499998 0.9203095296875 0.1836946015625 0.8686797390625 0.13615930625 0.8533543281249999 0.12107053281249999 0.90083958125 0.1298545921875 0.9080150781249999 0.16640467812499998 0.9203095296875
32 0.248012940625 0.7558042125 0.1977916359375 0.75109000625 0.1922079375 0.80739901875 0.23891821093750001 0.81462468125 0.248012940625 0.7558042125
37 0.289202915625 1 0.2432056875 0.9753793609375 0.2312210046875 0.9908190109375001 0.2424601328125 1 0.289202915625 1
37 0.35291279375 0.8325817171875001 0.387136390625 0.8668838390625 0.445368746875 0.8311254671875 0.40851419843750003 0.79597269375 0.35291279375 0.8325817171875001
37 0.34998493750000004 0.7474880421875 0.307993715625 0.7671506109374999 0.3418881125 0.8233913484375 0.3854908703125 0.804371378125 0.34998493750000004 0.7474880421875
37 0.0921553125 0.5381085828125001 0.0822807015625 0.586882821875 0.1521443359375 0.6028615109375 0.16670119375 0.554402278125 0.0921553125 0.5381085828125001
40 0.2567241578125 0.9333906328125 0.23426807031250002 0.9648491968749999 0.2911838765625 0.9968013890625 0.31640132187500003 0.9644138609375 0.2567241578125 0.9333906328125
40 0.0755826859375 0.4615689640625 0.0798880453125 0.53227135 0.1306104484375 0.5325087578125001 0.128271671875 0.4606140015625 0.0755826859375 0.4615689640625
8 0.2416119921875 0.45616653906250004 0.23023999375 0.5081787578125 0.307704903125 0.525399909375 0.32294845781250003 0.46908283749999996 0.2416119921875 0.45616653906250004
18 0.4601791515625 0.83684974375 0.41506921406249997 0.8575948578125001 0.4577801078125 0.9080735984375 0.5023005390625 0.88862116875 0.4601791515625 0.83684974375
18 0.23153555625000002 0.44275034062499996 0.1748042015625 0.4357224140625 0.16176462656249999 0.5071489359375 0.21806590625000002 0.5173684093750001 0.23153555625000002 0.44275034062499996
18 0 0.542700125 0.061078115625 0.545437496875 0.062024907812499995 0.4955290984375 0 0.4941284375 0 0.542700125
18 0.23620686875 0.5180215328125 0.204743221875 0.5797028234375 0.251612053125 0.6018116015625 0.289063896875 0.536809609375 0.23620686875 0.5180215328125
23 0.1453821796875 0.740962434375 0.11003435937499999 0.7849181171875 0.1509439078125 0.810152625 0.1860957734375 0.7684387046875 0.1453821796875 0.740962434375
28 0.1848521078125 0.6721360093750001 0.2064823578125 0.713815415625 0.2722254734375 0.687586353125 0.24698198906250002 0.644657475 0.1848521078125 0.6721360093750001
28 0 0.7456760796874999 0.0415671625 0.76380274375 0.0662361828125 0.715116921875 0.01947476875 0.6964816703125 0 0.7445115203125 0 0.7456760796874999
28 0.432664178125 0.5376994140625 0.3708195953125 0.5339262578125 0.35569847499999996 0.60581894375 0.4128459984375 0.6109594078125 0.432664178125 0.5376994140625
33 0.1644058703125 0.376323284375 0.10738474843750001 0.3788544484375 0.107851840625 0.45480431875000005 0.16043603125 0.45509655625 0.1644058703125 0.376323284375
33 0.3590983 0.8834469015625 0.31027170000000004 0.9012938734375 0.3423917515625 0.9528605328124999 0.39243685781250004 0.9373775406249999 0.3590983 0.8834469015625
33 0.5049562046875 0.79696468125 0.45702398593750004 0.8223473703125 0.499502503125 0.8734694109375001 0.5501338875 0.8509003296875 0.5049562046875 0.79696468125
38 0.1733186046875 0.580147684375 0.1507381375 0.625594125 0.21605301093749998 0.65307368125 0.23922389531250002 0.6059563296875 0.1733186046875 0.580147684375
38 0.29196063906249997 0.6966193015625 0.29226905 0.7415555078125 0.366035121875 0.7409665875 0.368084996875 0.6938331718749999 0.29196063906249997 0.6966193015625
41 0.0464223828125 0.660390290625 0.046699515625 0.7016454750000001 0.1078411578125 0.7076605640625 0.1086044265625 0.6614541093749999 0.0464223828125 0.660390290625
41 0.6178847921874999 0.6743670203125001 0.552646825 0.6837403359375 0.5585561125 0.7518961749999999 0.626918859375 0.7463469390624999 0.6178847921874999 0.6743670203125001
41 0.526457234375 0.6068728078125 0.46726608125 0.6378039921875 0.5088341296875 0.6966278234375001 0.5692927140624999 0.66992093125 0.526457234375 0.6068728078125
39 0.909261871875 0.7437456250000001 0.9521414609375001 0.6956664609375001 0.9565912703125001 0.636942834375 0.956369590625 0.6367517 0.8574121124999999 0.702003146875 0.909261871875 0.7437456250000001
39 0.8041029562500001 0.658717353125 0.85767016875 0.7003774625 0.9529726828125 0.6362920671875 0.8976020859375 0.5919174515625001 0.8041029562500001 0.658717353125
21 0.7462112484375 0.6159014046875 0.7997784625000001 0.6575615140625 0.8928277375 0.591645309375 0.8364394921875 0.5499822609375 0.7462112484375 0.6159014046875
21 0.690708371875 0.5737644390625001 0.7412446078125 0.614178809375 0.834294046875 0.5478279265625 0.77677671875 0.5046095671875 0.690708371875 0.5737644390625001
21 0.63697636875 0.532024846875 0.687512603125 0.5724392140625 0.775387946875 0.5023571484375 0.7207072125 0.4598772953125 0.63697636875 0.532024846875
11 0.5804677500000001 0.49138917656250003 0.6310039828125 0.5318035453125 0.7155595453125 0.46045879375 0.6629830140624999 0.41750290625 0.5804677500000001 0.49138917656250003
11 0.530392040625 0.44650286250000004 0.5809282765625 0.4869172328125 0.6623894703125 0.41489244375 0.6088290203125 0.37260788125 0.530392040625 0.44650286250000004
11 0.479145115625 0.40304770625 0.527838934375 0.446053421875 0.605757765625 0.371412834375 0.5537199765625 0.3291044046875 0.479145115625 0.40304770625
34 0.4259503546875 0.36362253906249997 0.474343284375 0.40313395781250005 0.550086553125 0.326750078125 0.5001729359375 0.28469097187500003 0.4259503546875 0.36362253906249997
34 0.374560128125 0.32087564999999996 0.422953059375 0.36038706875000004 0.49538823593750003 0.28552466718749997 0.4422552796875 0.2437925515625 0.374560128125 0.32087564999999996
34 0.32152850312500003 0.28023868125 0.37122868750000004 0.318042409375 0.441162178125 0.2403158453125 0.3890225875 0.1986815390625 0.32152850312500003 0.28023868125
16 0.268729721875 0.2371891390625 0.3184299078125 0.27499286875 0.38490996875 0.19549908124999998 0.3341749609375 0.1533235609375 0.268729721875 0.2371891390625
16 0.218395375 0.191824325 0.2680955625 0.2296280515625 0.333952965625 0.14619146562500002 0.27924953124999996 0.1031399296875 0.218395375 0.191824325
16 0.16424978125 0.15098906406249998 0.21607090625 0.1861259 0.276242146875 0.101222965625 0.222943346875 0.06270200625 0.16424978125 0.15098906406249998