39 0.9 0.565625 0.0515625 0.140625
36 0.8359375 0.56953125 0.0515625 0.1453125
31 0.775 0.5734375 0.0515625 0.1453125
1 0.715625 0.5734375 0.0515625 0.140625
1 0.65546875 0.575 0.0578125 0.1375
11 0.59453125 0.578125 0.0515625 0.1390625
6 0.53828125 0.578125 0.0546875 0.1359375
1 0.4796875 0.5765625 0.0515625 0.1296875
26 0.4203125 0.5828125 0.046875 0.1296875
26 0.3625 0.5828125 0.046875 0.1234375
26 0.30625 0.5828125 0.0453125 0.1296875
31 0.24921875 0.584375 0.0453125 0.1328125
31 0.1953125 0.5890625 0.04375 0.1328125
31 0.1375 0.584375 0.040625 0.1296875
30 0.0828125 0.5890625 0.04375 0.1296875
8 0.5611078171874999 0.1685314546875 0.6011904765625 0.0702331140625 0.5650198796875 0.0214516875 0.5213128953124999 0.11181144531250001 0.5611078171874999 0.1685314546875
40 0.471726190625 0.1583980875 0.4932948515625 0.04728126875 0.44818987187500003 0.0198522953125 0.42519124374999995 0.1291187234375 0.471726190625 0.1583980875
13 0.369861421875 0.08277140625 0.34186662968750003 0.0089484171875 0.2878040125 0.0794091828125 0.3136887328125 0.1446223109375 0.369861421875 0.08277140625