8 0.9098025591142737 0.6598979350358839 0.09121884108157445 0.11769742515463051
13 0.8504634479114743 0.6338299004881369 0.0974688410815748 0.11820760818516848
13 0.7886029879534306 0.6099142973039383 0.10118583693238978 0.12627519970043757
23 0.7279498304848979 0.5908137398773741 0.10767263527271584 0.12991038273097572
18 0.6658409167925878 0.5598031138143582 0.0993865385920639 0.12302265394280312
23 0.603080807664381 0.5373862377513422 0.10106743776222693 0.12471269970043757
28 0.540616696461582 0.5110631116883263 0.10431083693238978 0.12653029121570664
18 0.47935988774829363 0.48955503138294476 0.09914974025173766 0.11989765394280312
23 0.4120898773753314 0.46441176804702533 0.10262993776222676 0.1248402454580722
28 0.34830006451285833 0.4348360962263748 0.10454763527271585 0.12965529121570665
38 0.2825925541398961 0.4098203786480898 0.10767263527271584 0.12991038273097572
41 0.216458991277423 0.3800533881909875 0.11236013527271585 0.13029302000387935
33 0.14828933173429776 0.3564088519762507 0.11247853444287888 0.13185552000387935