19 0.91015625 0.6171875 0.05625 0.1078125
19 0.84765625 0.6140625 0.0546875 0.1078125
19 0.7859375 0.61328125 0.059375 0.10625
4 0.72265625 0.61328125 0.059375 0.1078125
4 0.65859375 0.61328125 0.0625 0.1078125
14 0.59453125 0.6125 0.0609375 0.10625
14 0.53046875 0.61171875 0.0625 0.1078125
14 0.46640625 0.6125 0.0640625 0.109375
34 0.40078125 0.61171875 0.0640625 0.109375
34 0.3359375 0.6109375 0.065625 0.109375
34 0.26875 0.6125 0.065625 0.1125
24 0.2 0.61171875 0.0671875 0.1078125
24 0.13359375 0.61015625 0.0609375 0.1125
24 0.06484375 0.6078125 0.059375 0.1140625