3 0.8106243109883733 0.2788698991167996 0.13361982863402028 0.13796666442319178
3 0.7576051321492162 0.3201685005287255 0.1286955302936942 0.1347052721033238
3 0.7092142537249776 0.3621119596207832 0.13025803029369404 0.13475073620994635
26 0.662385875300739 0.4040099546062182 0.1304948286340201 0.13787573620994636
26 0.6132137468765004 0.44597614575158734 0.13037642946385705 0.13631323620994634
21 0.5587504672075063 0.48575771127013584 0.12185353444287905 0.12671091567683312
21 0.5111408387832677 0.5276784383088822 0.12869553029369385 0.1347052721033238
21 0.4595657607739475 0.5704940756141854 0.127014631123531 0.1330973079967011
32 0.41273738234970886 0.6123920705996204 0.12881392946385706 0.13626777210332364
32 0.3630208022657963 0.6512559937983008 0.13037642946385705 0.13631323620994634
32 0.3154111738415577 0.6931767208370473 0.12388963112353099 0.13300637978345567
36 0.2670794950024006 0.734338929929105 0.12017263527271585 0.1251029515702104
36 0.21466396740799895 0.7779585492877195 0.12029103444287888 0.12666545157021042
36 0.16650988732408636 0.8167770083797773 0.12545213112353099 0.1330518438900782