29 0.6424105116689296 0.0787056055020539 0.1660710233378591 0.12485891066226813
29 0.6315684775802246 0.13684471443582708 0.15251870636839726 0.13069973370266394
37 0.623835468037327 0.2044270195295343 0.14901106909549372 0.1259213054894186
32 0.6151298898579775 0.26964284256993015 0.1642214809142047 0.1403929824490228
27 0.6105218803150797 0.3373160758768827 0.16096893515657004 0.13873955423577736
22 0.5788723650223062 0.6084038141984003 0.16772911818710803 0.14517141066226813
17 0.5691144698734949 0.6798241731321735 0.16265898091420466 0.14034751834239997
12 0.5617640976035008 0.7520939782258805 0.16772911818710803 0.14517141066226813
33 0.6021351665298166 0.4064381489172787 0.16278652667183913 0.14191001834239997
33 0.5552587482123238 0.8251677653728992 0.16603907242947358 0.1435634465556454
28 0.5935571341081016 0.47321647195767447 0.16096893515657004 0.13873955423577744
28 0.5446558301846952 0.895784142253361 0.16929161818710803 0.14521687476889084
23 0.5858878974440211 0.5415800270513816 0.16929161818710803 0.14521687476889084
23 0.5347225918536248 0.9476886569013445 0.16881338606495574 0.10462268619731105