15 0.4296081785195864 0.8595829708370474 0.09096348960843983 0.0743755258642473
30 0.4193698010477472 0.9146796477966515 0.08572968639013112 0.06642663354437914
14 0.5639857263668879 0.07205056393570283 0.07991672896477801 0.07249477711788868
14 0.5542390217915265 0.13417849089530695 0.09318155347041017 0.08379598997087015
22 0.5443830565725033 0.1947439178549111 0.08158848960843983 0.0741027412245114
22 0.5359257003879876 0.25292013070789254 0.08471348960843983 0.07419366943775678
36 0.5227808442034718 0.3112327358807421 0.08504127153942491 0.07888116943775678
36 0.5122528896281103 0.3733833948936575 0.08147922896477802 0.07254024122451135
33 0.5005612727999328 0.43008803595988426 0.07813570767745456 0.06932431301126592
33 0.49350252564992425 0.4858750347062431 0.08271394703379294 0.06789820533113407
23 0.48555326785625413 0.5401222655059132 0.08438570767745475 0.06950616943775678
23 0.47515099941892236 0.5928751924655173 0.07813570767745474 0.06932431301126592
17 0.4650765129125757 0.6503156194251215 0.0731204257464693 0.06450042069139794
17 0.45467424447524374 0.7030685463847256 0.07624542574646931 0.06459134890464338
18 0.44750623668157363 0.7572930451310844 0.07937042574646931 0.06468227711788863
18 0.43554146824424167 0.8100914361973113 0.0813699683211162 0.07097774122451135