19 0.4868804500247439 0.9210446120750199 0.1761131999091429 0.15791077584996033
19 0.4698843798074989 0.8669115957378271 0.17446881275401332 0.1764641083532208
19 0.452025172435124 0.804210388541898 0.17775758706427283 0.1797346575674325
4 0.43190410221787906 0.7398375194353102 0.17775758706427283 0.1797346575674325
4 0.4118239755781989 0.6746834003287223 0.1826907485296619 0.18464048138875028
14 0.3933063489385187 0.6096020558292403 0.1794019742194025 0.1813699321745384
14 0.3740074722988385 0.5444843240262054 0.182690748529662 0.1846404813887501
14 0.35392734565915834 0.4793302049196175 0.18589763568479176 0.18634853060296183
34 0.334669412597043 0.41343122311658254 0.18589763568479176 0.18634853060296183
34 0.31463022953492775 0.3474958540099947 0.18918640999505126 0.18961907981717357
34 0.2931104336279422 0.27992521029630096 0.1909126843053107 0.19281685442427943
24 0.27253566203121615 0.20926595388616018 0.18597952283992142 0.18791103060296194
24 0.2533596161242306 0.14180447208312524 0.18433513568479176 0.18627575599585605
24 0.2468506665537719 0.0866803244404901 0.15629866689245614 0.15691358767505645