0 0.94140625 0.784375 0.053125 0.1
31 0.88203125 0.7828125 0.0546875 0.0984375
31 0.82421875 0.78125 0.053125 0.1015625
31 0.7640625 0.78046875 0.0515625 0.1
21 0.70390625 0.78203125 0.05 0.1
16 0.6421875 0.78203125 0.053125 0.103125
11 0.58359375 0.78203125 0.0515625 0.1
19 0.5265625 0.7796875 0.0515625 0.0984375
19 0.465625 0.78125 0.05 0.096875
19 0.4046875 0.77890625 0.0484375 0.0984375
21 0.3484375 0.7765625 0.05 0.09375
21 0.2875 0.7796875 0.046875 0.096875
26 0.228125 0.78046875 0.0453125 0.0953125
21 0.16953125 0.78046875 0.046875 0.0953125
16 0.11015625 0.77890625 0.04375 0.0953125