0 0.0137736508528497 0.4794593215068792 0.0275473017056994 0.0973313569862416
15 0.043668782473625586 0.49729909673462264 0.08733756494725117 0.1044543762235353
5 0.09017870566064223 0.5158928401112007 0.08646165990702759 0.09965774881887376
18 0.1426645672930397 0.5343228923807862 0.08478989926336586 0.09804068511654265
18 0.1914627002127606 0.5497643539061988 0.07497785668871888 0.09146330290255769
18 0.2399876815233272 0.5691120654316114 0.08311813861970414 0.09642362141421187
35 0.285715444764879 0.5838814043616857 0.08155563861970413 0.09636905771188112
9 0.33574829575361465 0.6039558021847675 0.07621257475773362 0.08683036660488845
9 0.3869994393169973 0.6177529181566838 0.07988387797604232 0.09475199400955017
9 0.4328364632022108 0.6309597570867581 0.07632183540139544 0.08839286660488846
38 0.48047093386911566 0.6518972504633361 0.08478989926336578 0.09804068511654282
33 0.5277611971106675 0.6666120256910796 0.0797746173323807 0.09318949400955034
28 0.5747236784212341 0.6860143009188231 0.08311813861970414 0.09642362141421187
28 0.6226313006972932 0.7030455442954011 0.08478989926336596 0.09804068511654282
23 0.6705389229733524 0.7200767876719791 0.08133711733238069 0.09324405771188111
13 0.7189928484677203 0.7292955310485573 0.07475933540139543 0.08833830290255769
8 0.7636115797782868 0.7487796518297969 0.07319683540139543 0.08828373920022692