12 0.1121821977900975 0.28110615784734466 0.0978033514929388 0.12966756784239583
24 0.1735403148703766 0.2951410023748492 0.09802187278026224 0.13279256784239593
24 0.23796880162882483 0.3082308225920943 0.09947511213660051 0.13131195499752568
4 0.3018345596745965 0.32448658638690414 0.1045996547112475 0.13780761646291487
36 0.36798943739853734 0.33983826944901946 0.10449039406758569 0.13624511646291487
31 0.43269107576613985 0.3568343396662645 0.10125613342392406 0.13451884215265536
26 0.4996818338119116 0.3729263291508149 0.10438113342392405 0.13468261646291485
21 0.5650554615358524 0.3883189557904951 0.10449039406758569 0.13624511646291487
16 0.6320462195816241 0.40441094527504556 0.1108496547112475 0.1381351650834338
16 0.7668089856731675 0.4365539806665815 0.10939641535490914 0.13961577792830404
11 0.6982557276273957 0.42054387833716084 0.10281863342392406 0.13460072930778502
11 0.8354168740407701 0.45334533299600216 0.10772465471124733 0.13797139077317427
6 0.9031342517647107 0.46861512890298773 0.10772465471124733 0.13797139077317427
35 0.9582679170320066 0.487873061965103 0.08346416593598675 0.13632700361804453