15 0.1140625 0.47109375 0.046875 0.06875
30 0.05703125 0.4703125 0.0390625 0.0671875
14 0.9203125 0.465625 0.05 0.0578125
14 0.85703125 0.4671875 0.05625 0.0671875
22 0.7953125 0.46796875 0.0515625 0.0578125
22 0.73515625 0.46953125 0.05 0.0625
36 0.675 0.4671875 0.0546875 0.0609375
36 0.61171875 0.46796875 0.0484375 0.0609375
33 0.55390625 0.46640625 0.0484375 0.0578125
33 0.496875 0.46875 0.0453125 0.0625
23 0.44140625 0.47109375 0.04375 0.0640625
23 0.3875 0.46953125 0.0484375 0.0578125
17 0.32890625 0.46953125 0.0453125 0.0546875
17 0.27421875 0.46875 0.04375 0.0578125
18 0.21953125 0.47109375 0.040625 0.059375
18 0.16484375 0.46875 0.0453125 0.059375