35 0.7683561458461707 0.13035391040051478 0.11707094606059662 0.10857156847545246
15 0.726641319911443 0.17811958436692316 0.11550844606059663 0.10847143892580316
16 0.6902176452214708 0.22787855490955886 0.11550844606059663 0.1084714389258032
21 0.6492840692867431 0.2755941641011426 0.11550844606059663 0.1084714389258032
26 0.6083504933520154 0.32330977329272625 0.11214664772027057 0.1051461798265045
26 0.44671148587883824 0.5070408305094117 0.11550844606059663 0.1084714389258032
31 0.40638156118886604 0.5570501249261708 0.11382754689043359 0.10680880937615385
36 0.36712888442430136 0.6031031045681052 0.11214664772027047 0.1051461798265045
32 0.5667540665874508 0.36951294725913464 0.11707094606059662 0.10857156847545246
37 0.5259388898228861 0.41566605645071836 0.11214664772027057 0.1051461798265045
40 0.4866862130583215 0.46171903609265275 0.11550844606059663 0.1084714389258032
12 0.3298647601492476 0.6536933898855656 0.1122650468904336 0.10670867982650449
17 0.28904958338468295 0.6998464990771494 0.11707094606059662 0.10857156847545255
22 0.25130020703503675 0.7465805991694344 0.11707094606059654 0.10857156847545255
27 0.21415448193014602 0.7956083844868947 0.11046574855010753 0.10348355027685514
27 0.17339850475066287 0.8409802436784786 0.11214664772027053 0.1051461798265045