38 0.1890625 0.75625 0.121875 0.1296875
38 0.2375 0.71328125 0.1203125 0.128125
33 0.284375 0.671875 0.1234375 0.134375
28 0.33359375 0.63046875 0.121875 0.13125
23 0.38359375 0.58984375 0.121875 0.13125
18 0.43125 0.546875 0.121875 0.13125
18 0.48046875 0.50390625 0.1265625 0.1359375
8 0.58046875 0.41953125 0.121875 0.13125
13 0.52890625 0.46171875 0.121875 0.13125
13 0.6296875 0.37734375 0.125 0.134375
13 0.67890625 0.334375 0.125 0.134375
13 0.728125 0.29296875 0.1234375 0.1328125
3 0.77890625 0.2484375 0.1265625 0.1359375
3 0.82890625 0.20546875 0.1234375 0.13125
3 0.87890625 0.165625 0.121875 0.13125