25 0.2484375 0.8375 0.1140625 0.0890625
41 0.2671875 0.78046875 0.1171875 0.0921875
38 0.2921875 0.72734375 0.1171875 0.090625
33 0.31484375 0.6734375 0.115625 0.0890625
41 0.3375 0.6203125 0.1171875 0.090625
38 0.36328125 0.5671875 0.1140625 0.0890625
33 0.3828125 0.51328125 0.109375 0.08125
23 0.40625 0.45703125 0.1125 0.0828125
18 0.4265625 0.40625 0.11875 0.0890625
13 0.446875 0.35 0.1125 0.0828125
29 0.4703125 0.2984375 0.1125 0.0859375
29 0.490625 0.24453125 0.1125 0.0859375
29 0.5109375 0.1890625 0.1109375 0.084375
8 0.53359375 0.13515625 0.1078125 0.08125
8 0.55546875 0.0828125 0.103125 0.0796875