29 0.37578125 0.70390625 0.08125 0.084375
29 0.409375 0.6515625 0.0796875 0.08125
29 0.4453125 0.6 0.0796875 0.0828125
23 0.30078125 0.8109375 0.0875 0.0921875
23 0.3375 0.7546875 0.0859375 0.090625
33 0.47578125 0.55078125 0.078125 0.08125
33 0.50859375 0.503125 0.078125 0.0796875
33 0.5375 0.4546875 0.0765625 0.078125
33 0.5703125 0.40859375 0.075 0.0765625
36 0.60078125 0.36484375 0.071875 0.075
36 0.63125 0.3203125 0.0734375 0.075
36 0.6609375 0.2765625 0.0734375 0.071875
37 0.68828125 0.23671875 0.071875 0.0734375
37 0.7171875 0.19375 0.0765625 0.078125
37 0.7421875 0.153125 0.0765625 0.078125
30 0.77265625 0.11015625 0.0734375 0.071875