15 0.5284042747600616 0.546128214844415 0.07959777110331849 0.08801373035529281
29 0.15513791883313743 0.29495939722835035 0.07159435633066602 0.07671235731976367
29 0.201494721593081 0.3268301354415261 0.07167617694751698 0.08139985731976358
29 0.24469925081407418 0.3601178244404901 0.07323867694751698 0.08147263192686945
22 0.2934407138824432 0.38975397456432465 0.07639095048646727 0.08318068114108117
27 0.33659069602553576 0.4261666635632887 0.07329322402541774 0.08459763192686935
32 0.38453727232442964 0.45654767638357024 0.0811875446422687 0.08964900496239885
37 0.4316889618538483 0.4876735519002988 0.07650004464226878 0.08943068114108108
37 0.47808667492221735 0.5172005401134745 0.0749102711033185 0.0877954065339754
17 0.5778724407505299 0.5789257522718024 0.07326595048646745 0.08303513192686936
17 0.6258599273578493 0.6069630150920841 0.0700864034085665 0.07976458271265763
17 0.6745877536567433 0.6373804152159185 0.07485572402541756 0.0846704065339754
17 0.723301943186162 0.6685790653397531 0.07323867694751698 0.08147263192686935
2 0.7713167033324317 0.6950538281600345 0.07323867694751698 0.08147263192686935
7 0.821552482553425 0.7286690028909749 0.06855117694751697 0.08125430810555194
12 0.8694854220828436 0.7598312657112565 0.0653716298696164 0.07798375889134021