40 0.7678099379421317 0.6730043576054403 0.0810168762235353 0.0891897878817268
40 0.7204810701561168 0.659739211997587 0.0760565577118811 0.08099465060882309
40 0.671589702370102 0.6463465206320992 0.08090774881887378 0.0860647878817268
12 0.6211085527329215 0.6336075335089767 0.06651786660488845 0.07554187606301603
12 0.572299030500403 0.6178710921434889 0.07287699400955035 0.07917705909355402
12 0.524243476416719 0.6029796736568183 0.0681349303072194 0.07723192182065049
8 0.47228167233303503 0.5877693907760614 0.06651786660488845 0.07554187606301603
8 0.42269090010051646 0.5719691765317563 0.06015873920022674 0.07190669303247788
8 0.368358064165667 0.5573488250145475 0.06495536660488846 0.0754143303053814
6 0.310927510081983 0.5416921319820697 0.0696974303072194 0.07735946757828494
6 0.25821173784946444 0.5256368262224955 0.07276786660488854 0.0760520590935542
6 0.20309765191461499 0.5109527018264695 0.07767362141421189 0.08268469636645773
4 0.1410887252355927 0.49178837152108806 0.07443949400955026 0.07930460485118865
4 0.08360360744957782 0.4776941784886103 0.08247024881887363 0.08619233363936125