39 0.109375 0.321875 0.0765625 0.1140625
39 0.17109375 0.328125 0.0765625 0.1171875
39 0.23125 0.334375 0.0765625 0.1171875
31 0.2921875 0.3421875 0.078125 0.1171875
31 0.353125 0.35078125 0.0765625 0.115625
31 0.4140625 0.359375 0.0796875 0.1171875
21 0.475 0.3671875 0.0796875 0.115625
21 0.53515625 0.375 0.078125 0.115625
21 0.5953125 0.38125 0.0796875 0.1171875
11 0.65546875 0.38828125 0.0796875 0.11875
11 0.71796875 0.396875 0.0828125 0.11875
11 0.78046875 0.40390625 0.084375 0.11875
1 0.84375 0.41171875 0.0859375 0.1171875
1 0.903125 0.4203125 0.075 0.1140625