25 0.49580150284979163 0.0448879849937374 0.09542290919430556 0.07843063861970409
22 0.48749738715847213 0.10006715789021521 0.08764677678548623 0.07944683540139544
27 0.48006544044510396 0.15128545046486214 0.08742857123840295 0.07007183540139543
32 0.4726153099361456 0.2032849930395091 0.09077177678548623 0.07966535668871888
7 0.4658736942448261 0.2583549052923252 0.08593880642076393 0.07308757475773371
12 0.4607854975314581 0.3094093069014795 0.08920927678548622 0.07955609604505724
17 0.45095524943131904 0.363135240441619 0.08121493882958326 0.07119729282674854
34 0.44512217030913154 0.4126817723726043 0.0860115416031249 0.07621257475773362
34 0.4384351060045829 0.46540793462542035 0.08441267401194441 0.07454081411407198
34 0.43022190929121484 0.5166808575218982 0.08110583605604163 0.06650979282674854
19 0.4259513301690273 0.5661181288092216 0.07965243882958344 0.07108803218308672
19 0.4169568834556592 0.6174456820275303 0.07965243882958344 0.07108803218308672
19 0.40796243674229105 0.668773235245839 0.0748558360560418 0.06607275025210164
14 0.40129355623333274 0.720718147498655 0.0748922036472223 0.06763525025210164
14 0.3962053595199646 0.7717725491078093 0.07307513050895835 0.05658848960843983