2 0.8089504753739527 0.32265549696399215 0.13121473201781733 0.13502352084968247
2 0.767372050047725 0.37377171608517973 0.13753745735199913 0.14145537727617324
7 0.732843056055043 0.4266550236861694 0.12491018801718105 0.13015416442319178
12 0.6974691773949517 0.47404684923384777 0.13279541335136286 0.1366314849563052
17 0.6613231394016331 0.5221971927282147 0.12016814401654478 0.12533027210332365
12 0.6212072167409056 0.564765125956025 0.12174882535009016 0.12693823620994635
12 0.590602654081769 0.6193245938235714 0.12016814401654478 0.12533027210332381
12 0.5512770720878141 0.662696509104693 0.12332950668363551 0.12854620031656908
27 0.5151310340944957 0.7108468525990601 0.12334768801718106 0.13010870031656907
32 0.47739522410085905 0.7566079819868043 0.1264908693507266 0.1317621285298145
37 0.44129463944140407 0.8086645754811712 0.11070223734881743 0.11724498746358769
27 0.40271394478035843 0.8489342228156044 0.11860564401654479 0.12528480799670091
32 0.36577756612026724 0.8962805842566599 0.12018632535009015 0.12689277210332364
37 0.3296315281269487 0.9424908599563052 0.11384541868236298 0.11501828008738961