37 0.1471879896640837 0.3806715271923983 0.09839553207825791 0.09848413879807003
32 0.21852157155777147 0.4075828547091082 0.10172079117755661 0.1016636858759707
27 0.2889237091269853 0.43216406899529325 0.09224566162790726 0.0999375446422686
12 0.35541959669619905 0.4568134671288542 0.1020211798265045 0.1063511858759707
7 0.4276345581395361 0.48527365787608884 0.09058303207825791 0.09834777110331831
2 0.49291839913252256 0.5154190795486 0.09048290252860855 0.09678527110331832
7 0.5663954719269118 0.5391644967568844 0.07728199568106327 0.08562958279171565
7 0.6321601742709502 0.5646087816599205 0.08383238433001132 0.09042617694751698
40 0.32474819246954745 0.5762316688331375 0.08998225478036197 0.08897277110331832
37 0.3903627004891119 0.5993322037361735 0.08559514342930993 0.09357845048646726
32 0.4519708289590271 0.6209384224865854 0.09048290252860873 0.09678527110331832
24 0.5170544108527149 0.6479588441590967 0.08383238433001132 0.09042617694751698
24 0.5796941131967533 0.6734576761400334 0.08383238433001132 0.09042617694751698
24 0.6398899359911425 0.6974349184293956 0.08226988433001133 0.09039890340856668
10 0.7054043144610576 0.7189729533324317 0.09204540252860856 0.09681254464226878
5 0.769456322480622 0.7421007617744181 0.09194527297895938 0.0952500446422686