5 0.2565306520699481 0.20481389433286626 0.07696616431701005 0.07053513192686944
0 0.23869287924943122 0.1608626871369372 0.08212726099766217 0.07700345574818704
30 0.2763453219860355 0.24336912613590117 0.07516686597668398 0.06733735731976358
34 0.5277568858741939 0.7537074284504849 0.07864706348717299 0.0721704065339754
34 0.5026986089044921 0.7015798482190265 0.08357136182749905 0.07551373035529281
37 0.4781847835944644 0.6526136552911209 0.08345296265733601 0.0739512303552928
37 0.4543338091142736 0.6052463496667685 0.08513386182749905 0.07558650496239867
37 0.4298199838042458 0.5562801567388631 0.08333456348717298 0.07238873035529281
3 0.4073539105688105 0.5113293757216164 0.08345296265733601 0.0739512303552928
3 0.3874091860886197 0.46414400661502864 0.08513386182749905 0.07558650496239885
3 0.3626585624382659 0.4183028136871231 0.08345296265733601 0.0739512303552928
11 0.29592319356179686 0.2850493579389361 0.07516686597668398 0.06733735731976358
11 0.31922971638231373 0.3292552762597357 0.08009116431700995 0.07068068114108117
11 0.33941123920283056 0.37331564536632356 0.08009116431700995 0.07068068114108117
1 0.5543776628438956 0.8059077832890491 0.08705155933798814 0.08034677956950453
1 0.5808208410583527 0.8604518881276132 0.0872883576783142 0.08347177956950488
1 0.6055239205175654 0.9172669683590715 0.0853706601678251 0.0787115049623985