31 0.74453125 0.6109375 0.0859375 0.15
26 0.65546875 0.6109375 0.0859375 0.1515625
11 0.47734375 0.45703125 0.0859375 0.15
36 0.83203125 0.60859375 0.084375 0.146875
36 0.565625 0.609375 0.0859375 0.1515625
31 0.4765625 0.61015625 0.0875 0.1515625
26 0.38828125 0.61171875 0.0859375 0.153125
26 0.29921875 0.6125 0.090625 0.153125
21 0.20859375 0.61171875 0.0890625 0.1515625
16 0.11875 0.609375 0.0890625 0.1484375
6 0.6546875 0.45703125 0.0890625 0.1515625
6 0.56484375 0.45546875 0.0859375 0.1484375
6 0.38984375 0.4578125 0.0890625 0.15
1 0.3 0.45703125 0.0890625 0.1515625