14 0.20625 0.58515625 0.0828125 0.0890625
14 0.2515625 0.55234375 0.078125 0.084375
14 0.29453125 0.51484375 0.084375 0.0890625
14 0.34140625 0.4859375 0.0859375 0.090625
13 0.1125 0.6578125 0.1 0.109375
13 0.159375 0.61953125 0.1046875 0.1140625
28 0.56484375 0.31171875 0.09375 0.103125
23 0.609375 0.27734375 0.090625 0.1
41 0.3890625 0.44921875 0.084375 0.0921875
41 0.65703125 0.24765625 0.0859375 0.09375
38 0.43125 0.4140625 0.0984375 0.109375
38 0.69609375 0.20859375 0.0875 0.096875
33 0.47734375 0.38125 0.090625 0.1
33 0.5234375 0.34609375 0.0921875 0.1015625
33 0.74765625 0.175 0.09375 0.1015625