16 0.2530286522160541 0.9119027247737217 0.10348861436318471 0.06730312406898661
11 0.2487724233914888 0.8519284112914862 0.10036361436318471 0.06715757485477489
6 0.24842698974646332 0.7925534112914863 0.1019170240041051 0.06566784946188094
1 0.24886735128097764 0.7339232739879333 0.10034543364502549 0.0640325748547749
1 0.2477497579950318 0.6761471612914862 0.10189884328594587 0.06254284946188075
39 0.24585545988862573 0.6191886858985921 0.10190793364502548 0.06410534946188076
39 0.2431799117822197 0.5622665978092509 0.10034543364502549 0.0640325748547749
39 0.24128561367581364 0.5053081224163567 0.10189884328594587 0.06254284946188075
39 0.23939586074894742 0.4491308970234626 0.09563066256778666 0.059126751033457305
36 0.23750156264254135 0.3921724216305685 0.09719316256778665 0.05919952564056317
31 0.23875044525429456 0.3381933970234626 0.09406816256778665 0.05905397642635144
21 0.23687887304558758 0.28514117163056846 0.09561248184962734 0.0560017510334573
26 0.23344025565734078 0.2313804708447802 0.09563975292686618 0.060689251033457306
31 0.22842550273047452 0.17534879466609773 0.09407725292686626 0.06061647642635144
30 0.2249777949831481 0.12002559388030946 0.09560339149054772 0.0544392510334573