20 0.86953125 0.4262983618042771 0.1078125 0.13004454274124874
40 0.80703125 0.43103432861079816 0.1125 0.13039974025173767
40 0.74765625 0.43787724707699305 0.1078125 0.12691954274124856
12 0.68828125 0.44081391554318794 0.1015625 0.12175844606059663
12 0.6296875 0.4483788844243014 0.0984375 0.11214664772027057
19 0.56953125 0.4544997524755777 0.0953125 0.1134723493799445
19 0.5109375 0.4620647213566912 0.0953125 0.10878484937994451
34 0.4546875 0.46867084148256 0.0890625 0.10362375269929239
34 0.39609375 0.4754545603636734 0.090625 0.10686715186945542
9 0.33515625 0.4816346280000314 0.0859375 0.10026195435896632
9 0.27890625 0.4874594981259002 0.0875 0.10506785352912935
4 0.2234375 0.49322516866668753 0.0921875 0.10698555103961845
4 0.16328125 0.500127286717964 0.0890625 0.10362375269929239
29 0.109375 0.5026495580885884 0.0984375 0.11214664772027057
29 0.05 0.5102737265547832 0.0953125 0.1150348493799445