16 0.6705014287873581 0.8929031767111384 0.09304202267663583 0.07397383118569749
21 0.6510241754455404 0.8302940924021831 0.09304202267663583 0.07397383118569749
26 0.6207276007717679 0.7777776255796703 0.0930056600095451 0.07084883118569732
16 0.6012776194302683 0.7175122912707149 0.09142497867599957 0.06927724082661797
21 0.5795293414226321 0.6611395714231401 0.09456816000954511 0.07085792154477702
26 0.5601429947485418 0.6063429871141847 0.09456816000954511 0.07085792154477702
26 0.5431185794079966 0.5531225383438487 0.0882454346753633 0.06457156010845858
36 0.5237413234006787 0.4991072040348932 0.09140679734245402 0.06771474082661796
31 0.5090697487269062 0.44668164080317674 0.09146134134309047 0.0724022408266178
31 0.49364419605345206 0.3965952823919203 0.08670111600890866 0.06612496974937895
36 0.47664705271322516 0.34571858362158436 0.08829997867599956 0.06925906010845857
39 0.46044025003977096 0.2956276800307882 0.0914613413430903 0.0724022408266178
6 0.4426800380330894 0.2463089360809124 0.09146134134309047 0.0724022408266178
6 0.4202414166931806 0.19774417105379774 0.09146134134309047 0.07240224082661784