18 0.3320546906031393 0.49354297075521314 0.07912497334499946 0.09185745850815116
18 0.2726433279360484 0.49216880228901827 0.07912497334499946 0.09185745850815116
18 0.20856264660250295 0.4888769363123343 0.08070565467854492 0.0935383576783142
21 0.14757969326863934 0.48816561867597635 0.08542951734563582 0.09701855518880328
21 0.08586094326863933 0.4834888514545369 0.09175224267981759 0.10374215186945542
27 0.8707546586171386 0.4311472852912934 0.09331474267981754 0.10386055103961844
27 0.8129148866168204 0.4291102659952616 0.09013519867918127 0.09893625269929238
27 0.7566376146165024 0.4271916458693926 0.09013519867918127 0.09893625269929238
22 0.698834205283275 0.4220296265733608 0.08853633601209036 0.09569285352912935
22 0.6417575019494114 0.4216143068624104 0.08853633601209036 0.09569285352912935
22 0.5839450019494115 0.4172335375663785 0.0822317920114541 0.09053175684847722
40 0.5292211392823205 0.4162145666106727 0.08853633601209036 0.09569285352912935
40 0.47218988928232053 0.41189299689972236 0.08066929201145392 0.0904133576783142
40 0.41669386728200236 0.41003357635893495 0.07908861067790855 0.08873245850815117
15 0.3627694359484569 0.4075113049883107 0.08699201734563573 0.09713695435896633
5 0.3065103452816842 0.4040301848624418 0.08383065467854492 0.09377515601864025
0 0.2502512546149115 0.4005490647365729 0.08381247334499946 0.09221265601864026
35 0.1939558012810479 0.400192944610704 0.09645792401336299 0.1056598493799445