38 0.4875 0.59375 0.0734375 0.13125
38 0.409375 0.59453125 0.0765625 0.13125
38 0.33203125 0.59375 0.078125 0.1296875
28 0.79375 0.46328125 0.071875 0.121875
28 0.71875 0.4625 0.0734375 0.125
28 0.6421875 0.46171875 0.075 0.1265625
13 0.56484375 0.46328125 0.071875 0.1296875
13 0.48984375 0.46171875 0.0734375 0.1265625
13 0.4140625 0.4609375 0.0765625 0.128125
13 0.33671875 0.46171875 0.075 0.1296875
8 0.259375 0.459375 0.075 0.1265625
3 0.640625 0.59609375 0.0734375 0.1296875
3 0.5640625 0.59296875 0.0734375 0.128125
3 0.18203125 0.4578125 0.078125 0.1296875