15 0.5465426602000496 0.5060191764304185 0.08526756175762493 0.08968186613141409
29 0.23435987509809522 0.7916925539774831 0.07718227711788864 0.07980621838316751
29 0.2730897544858395 0.7559646074935407 0.07883570533113407 0.08303134793281668
29 0.30786791976696115 0.718423837135475 0.07883570533113407 0.08303134793281686
22 0.34976826326132815 0.6844586497508314 0.08205163354437942 0.08635660703211538
27 0.3836969823825157 0.6445240646179411 0.0804891335443795 0.08625647748246604
32 0.42398936177026003 0.6088962476836481 0.0869209899708702 0.09290699568106327
37 0.4635004911580044 0.5732183659745305 0.08526756175762476 0.0896818661314139
37 0.5030570846523714 0.5391029842654128 0.08209709765100222 0.08791910703211539
17 0.58754809342786 0.4680976742709502 0.07888116943775678 0.08459384793281685
17 0.6287126510288497 0.43564492211148187 0.07722774122451134 0.08136871838316732
17 0.6698090124699053 0.4008484199520135 0.0820516335443795 0.08635660703211538
17 0.7108599098043383 0.3644894177925452 0.08044366943775678 0.08469397748246603
2 0.7520699315119506 0.33359916563307684 0.08044366943775678 0.08469397748246603
7 0.7938338826864497 0.2949464782484332 0.07566524122451135 0.08126858883351806
12 0.8341489941275053 0.2600999113141402 0.07401181301126628 0.0780434592838688