10 0.7224419603256996 0.24815521200647223 0.09223227360693613 0.08583568068726617
15 0.6982910997600037 0.2881693803692665 0.09039675782192055 0.08106629353213642
30 0.7434223182605597 0.2071960193334185 0.08718075256024882 0.0793400192218769
20 0.7646301893495994 0.17014307666036477 0.08212923151356133 0.0728443577564876
27 0.6779099813017998 0.326044516619885 0.08056673151356133 0.07276247060135788
27 0.6552306154744321 0.364578072137809 0.08534523677523324 0.07457063206674715
27 0.6301619970162282 0.40220754692303834 0.08543624203690499 0.07613313206674714
34 0.6058291259271885 0.4390967152858326 0.07725972099021768 0.06947369629109837
34 0.5824595153614925 0.4791518272261916 0.07707771046687384 0.06634869629109837
34 0.556518641641617 0.5151778584338562 0.07395271046687384 0.06618492198083885
34 0.535447278445085 0.5545745511069098 0.0805667315135615 0.07276247060135788
24 0.510515167879389 0.5945477758921391 0.08378273677523325 0.07448874491161739
24 0.48645531257536484 0.6361244442549334 0.09205026308359247 0.08271068068726617
24 0.4623499546405048 0.6769198626177276 0.0805667315135615 0.07276247060135788
32 0.43507409407480874 0.7167702566702623 0.09048776308359248 0.08262879353213641
32 0.4110142387707846 0.7583469250330566 0.09066977360693614 0.08575379353213641
40 0.3870453887284323 0.8014860933958508 0.09388577886860805 0.08748006784239593
40 0.3606872860552441 0.8437211810259504 0.09553928413027979 0.0891244549975255
40 0.3368094412745636 0.8884228493887445 0.0956302893919517 0.0906869549975255