2 0.58046875 0.17421875 0.103125 0.0765625
7 0.5671875 0.23515625 0.103125 0.0734375
12 0.55078125 0.29453125 0.103125 0.078125
12 0.53515625 0.35390625 0.103125 0.0765625
17 0.52109375 0.4140625 0.1 0.0765625
22 0.50546875 0.47265625 0.1 0.075
27 0.4875 0.53046875 0.1015625 0.075
27 0.47421875 0.5875 0.1015625 0.071875
27 0.459375 0.6453125 0.1015625 0.071875
32 0.44375 0.703125 0.1015625 0.075
32 0.42890625 0.76015625 0.1046875 0.0765625
32 0.41171875 0.8171875 0.103125 0.0765625
19 0.39921875 0.8765625 0.0890625 0.06875
19 0.3828125 0.9328125 0.090625 0.0625