39 0.10546875 0.60703125 0.1734375 0.1921875
39 0.1859375 0.5625 0.1703125 0.190625
39 0.26796875 0.5171875 0.1796875 0.2
36 0.353125 0.47109375 0.178125 0.1984375
31 0.43828125 0.4265625 0.175 0.1953125
26 0.52265625 0.3796875 0.1765625 0.1984375
21 0.60703125 0.33203125 0.178125 0.1984375
16 0.69296875 0.2828125 0.1734375 0.19375
16 0.3453125 0.6609375 0.1734375 0.1921875
16 0.4296875 0.61640625 0.171875 0.190625
11 0.78125 0.2359375 0.1734375 0.19375
11 0.5125 0.56953125 0.1734375 0.1921875
6 0.59765625 0.525 0.1734375 0.1921875
1 0.6828125 0.4796875 0.175 0.1953125