35 0.0923066504397885 0.7659719924781527 0.12980160580511532 0.1411371285298145
30 0.1462947459932848 0.7698842541566352 0.12807541469812275 0.13640416442319178
10 0.2002009959932848 0.7714527658351177 0.12812997840045365 0.13796666442319178
38 0.2548066504397885 0.7707002595669115 0.1298016058051153 0.1411371285298145
38 0.30874018229095396 0.773050021245394 0.12974704210278443 0.1395746285298145
38 0.3618379004397885 0.7738145508705652 0.12807541469812272 0.13640416442319178
28 0.4150174641421193 0.7769228304957363 0.12489585099579195 0.13475073620994635
28 0.46660724599328474 0.7792043960142847 0.12489585099579195 0.13475073620994654
28 0.5189509959932848 0.7807274435861447 0.12807541469812272 0.13640416442319178
28 0.5704862141421193 0.781446509104693 0.12807541469812272 0.13640416442319178
41 0.6212129004397886 0.7813615925699302 0.12489585099579195 0.13475073620994635
41 0.674365182290954 0.7836886221951014 0.12489585099579195 0.13475073620994635
19 0.7243924641421193 0.785924723607027 0.12807541469812272 0.13640416442319178
19 0.7775993096956156 0.7898142532321982 0.12812997840045348 0.13796666442319178
19 0.8268180596956156 0.7912463725908128 0.12489585099579195 0.13475073620994635
24 0.8790799641421195 0.7904256701626726 0.12484128729346082 0.13318823620994652
24 0.9204862141421195 0.7916304689881736 0.10743553248413776 0.12643813103709683
24 0.9521900819281341 0.7831874831739386 0.05489088584218216 0.09681281551854859