26 0.26244936594039003 0.8172905533147035 0.1072701081851685 0.0966400468904336
11 0.2942096779088821 0.7826545215711169 0.11052265394280303 0.09843934523075966
1 0.32584244411973956 0.7464559898275305 0.10896015394280312 0.09832094606059663
36 0.3606002103305971 0.7100206597436178 0.12066292848861027 0.10852474025173767
1 0.3924402706320992 0.6667316784149498 0.11584788273097572 0.10660704274124874
16 0.431502899570053 0.6252536508205482 0.13093074879205205 0.12017263527271585
16 0.4694654141139206 0.5799285728112281 0.1261157030344174 0.11825493776222692
11 0.5138054744154227 0.5356923981212558 0.1326207945496865 0.12185353444287887
31 0.5556104660804729 0.48929007218652815 0.14432356909549374 0.1320573286340201
31 0.600556433199716 0.43321674832639284 0.14445111485312837 0.13361982863402008
6 0.64829256047068 0.3824345757110131 0.1530288893989354 0.14358682448483515
26 0.7020873691051921 0.32883505641498123 0.15497402667183913 0.14839272365499817
26 0.7519281303150798 0.2653160854592754 0.15978907242947357 0.15031042116548726
31 0.8089276872826019 0.20282681823783594 0.1629140724294736 0.15054721950581335