40 0.70703125 0.81015625 0.1125 0.115625
37 0.65859375 0.775 0.1109375 0.115625
32 0.6109375 0.740625 0.1125 0.1171875
27 0.56015625 0.70625 0.115625 0.11875
27 0.509375 0.671875 0.115625 0.11875
27 0.46015625 0.63671875 0.115625 0.11875
17 0.4109375 0.6 0.1171875 0.1203125
17 0.36015625 0.56640625 0.11875 0.121875
22 0.309375 0.53203125 0.1203125 0.1234375
17 0.2578125 0.4953125 0.1203125 0.1234375
12 0.20625 0.459375 0.1234375 0.128125
2 0.153125 0.4234375 0.11875 0.1234375
2 0.10234375 0.3875 0.1234375 0.128125
2 0.05625 0.3515625 0.1125 0.125