0 0.07845533346091615 0.39728182845067217 0.06855368182494201 0.0737844924781526
10 0.13016241349897223 0.414429876022532 0.06549234882113639 0.07525606426490725
7 0.17821791152180588 0.4252142633278352 0.04967634783255326 0.07011392319868044
7 0.22695915905034797 0.43836513268644967 0.052865014828747635 0.07176735141192588
7 0.27882540657889 0.45160693025830945 0.05780718281352524 0.07815374373179385
8 0.3338803211036264 0.4633771560434147 0.05455484882113648 0.07493781551854858
8 0.3866551526245573 0.4735166856685858 0.05280134783255326 0.07020485141192587
8 0.4432089001530993 0.48689487556031363 0.0561173488211363 0.07498327962517112
33 0.49751439817593307 0.49786111929210747 0.059242348821136305 0.07507420783841656
33 0.5555669787082808 0.512847273290458 0.06399351581733086 0.07677310015828454
33 0.6136195592406283 0.5278334272888086 0.06555601581733086 0.07681856426490725
22 0.6749244737653648 0.5397855095004045 0.06367518083635879 0.06896060015828454
22 0.7353526377958097 0.554058609658689 0.060677514828747545 0.0719946719450391
37 0.8011222178338657 0.5716158341901529 0.07030718281352506 0.07851745658477541
37 0.8607054648681162 0.5874287022951261 0.06893568380210838 0.08315949247815269
37 0.9266342123966582 0.6010796768265901 0.06568334980971961 0.07994356426490726