24 0.08123693579236055 0.6769520036180446 0.1614492591180557 0.16452060266810503
24 0.14119381725124946 0.6550637155129753 0.15985039152687514 0.16287621551297526
24 0.20195013250572863 0.6324351209854706 0.1630117591180557 0.16460248982323478
14 0.265776896373437 0.6123140507682256 0.1630481267092362 0.16616498982323477
14 0.32571559403673567 0.5912070126631562 0.1630117591180557 0.16460248982323478
14 0.38647190929121483 0.5685784181356516 0.16144925911805572 0.16452060266810484
37 0.4471736731589232 0.5482935736081471 0.16144925911805572 0.16452060266810484
37 0.507130554617812 0.5264052855030776 0.16144925911805572 0.16452060266810484
37 0.5678323184855204 0.5061204409755731 0.16144925911805572 0.16452060266810503
32 0.6293880675355898 0.48275154002563336 0.1630481267092362 0.16616498982323477
27 0.6893449489944788 0.46086325192056393 0.1630481267092362 0.16616498982323477
7 0.750101264248958 0.4382346573930594 0.16464699430041688 0.16780937697836434
7 0.8123837119122566 0.41725045002068467 0.15985039152687505 0.16287621551297526
7 0.8739394609623261 0.3938815490707449 0.15505378875333342 0.1579430540475859