2 0.47265625 0.87109375 0.096875 0.059375
7 0.46875 0.809375 0.0984375 0.0546875
12 0.46875 0.74765625 0.096875 0.0609375
12 0.46640625 0.68515625 0.096875 0.059375
17 0.465625 0.62421875 0.09375 0.059375
22 0.4640625 0.56328125 0.0953125 0.0578125
27 0.465625 0.50234375 0.096875 0.0578125
27 0.46328125 0.44296875 0.096875 0.0546875
27 0.46171875 0.38359375 0.096875 0.0546875
32 0.4609375 0.3234375 0.096875 0.0578125
32 0.46015625 0.26484375 0.1 0.0578125
32 0.46015625 0.2046875 0.0984375 0.0578125
19 0.45703125 0.1453125 0.084375 0.053125
19 0.45703125 0.0859375 0.0875 0.0484375