36 0.09453125 0.53359375 0.090625 0.115625
36 0.14921875 0.5078125 0.0921875 0.11875
36 0.20625 0.4828125 0.0921875 0.11875
31 0.26171875 0.45625 0.09375 0.1203125
31 0.31796875 0.43046875 0.09375 0.1203125
31 0.375 0.40546875 0.0953125 0.1203125
26 0.43203125 0.38125 0.09375 0.121875
26 0.48828125 0.35546875 0.096875 0.1234375
16 0.54609375 0.33046875 0.096875 0.121875
16 0.60234375 0.3046875 0.096875 0.121875
16 0.66015625 0.27890625 0.1 0.128125
6 0.71875 0.253125 0.096875 0.121875
6 0.7765625 0.22734375 0.1 0.1265625
6 0.834375 0.2015625 0.0953125 0.125