25 0.1968247527542517 0.7268570669640636 0.10440019970043757 0.09896165990702759
3 0.5914693781890479 0.23245004718934936 0.09425992515463033 0.08893109604505715
33 0.3004285006282198 0.6067080939513702 0.09425992515463033 0.08893109604505725
38 0.3327947194144528 0.5654710887555902 0.10114765394280303 0.09718063861970413
41 0.36399705092778223 0.5194919532379791 0.09764001666989941 0.0922746173323807
28 0.4605695488017503 0.398851307328808 0.10609024545807202 0.10063342055068931
18 0.3989621112292843 0.4815438390076917 0.09425992515463033 0.08893109604505725
18 0.52498312198013 0.3124710469372478 0.09413237939699588 0.08736859604505716
23 0.4318544885002483 0.4372364641337424 0.09425992515463033 0.08893109604505725
23 0.555005590766363 0.27107015077597507 0.09933006242753387 0.09394637797604233
8 0.61870168682356 0.18541651006258406 0.0992025166698994 0.09238387797604233
18 0.23453217578285018 0.6844399740210996 0.10609024545807211 0.10063342055068922
18 0.2676158716902659 0.6424763491471503 0.10102010818516849 0.09561813861970414
13 0.4943707218303488 0.35616106277668963 0.10440019970043757 0.09896165990702759
13 0.6509403598521585 0.14261700486680398 0.10258260818516866 0.09572739926336586