39 0.903125 0.46640625 0.0484375 0.1109375
39 0.8453125 0.47578125 0.046875 0.10625
1 0.78203125 0.48359375 0.0484375 0.096875
1 0.7203125 0.496875 0.046875 0.1015625
1 0.6609375 0.50390625 0.046875 0.10625
31 0.59921875 0.509375 0.046875 0.11875
26 0.5328125 0.5203125 0.0484375 0.1171875
21 0.47109375 0.5296875 0.0484375 0.1171875
11 0.40625 0.5421875 0.0484375 0.115625
6 0.3390625 0.55 0.05 0.1171875
1 0.27421875 0.56328125 0.053125 0.109375
39 0.20703125 0.56953125 0.053125 0.1140625
36 0.13828125 0.57890625 0.053125 0.1203125
31 0.06875 0.58828125 0.0484375 0.1265625