1 0.8500338849776938 0.5406407245386868 0.065624742124092 0.08002069994353037
11 0.7948680239175874 0.5306356639588733 0.06938747091226496 0.08801521046687384
31 0.739431095888019 0.5144261060098959 0.06393469636645754 0.07836719468185827
1 0.694995440737268 0.4967982612292154 0.06718724212409218 0.0801117052052021
6 0.6283659211924306 0.48435074011194085 0.0641897878817268 0.08149219468185827
1 0.5784615160416797 0.46704141374711183 0.06718724212409236 0.0801117052052021
36 0.5051833837697458 0.4503159163073606 0.06782497091226496 0.0879242052052021
21 0.42949772861899477 0.43450817676011716 0.0660073793969957 0.08470819994353018
31 0.371764848014051 0.4083243793344833 0.06249974212409217 0.07983868942018653
6 0.3106678513480309 0.3947770898013573 0.06237219636645772 0.07827618942018652
21 0.24083358347018344 0.37396333183826236 0.0604270590935541 0.0734976841585147
1 0.17562304271351872 0.35365780809015185 0.0673147878817268 0.0816742052052021
16 0.11765104604749861 0.33992850803368213 0.060682150608823184 0.0766226841585147
26 0.05940798241201665 0.3199947106080483 0.0623721963664577 0.07827618942018652