21 0.3337587857674089 0.7983883522496653 0.1774592016024071 0.162680552475544
21 0.3904181803480569 0.7341585232540002 0.17888500056564788 0.16120905773721592
16 0.4487767759654642 0.6684571995200072 0.1788850005656478 0.1612090577372161
11 0.5054361705461122 0.6042273705243424 0.18072090263916643 0.16442506299888784
11 0.6212354107441674 0.4743417204255203 0.18255680471268504 0.16764106826055974
11 0.28428434048009377 0.6368901391519554 0.1773225005656478 0.161118052475544
11 0.45263167370365825 0.4448908969032887 0.1773225005656478 0.16111805247554417
6 0.5628084646083806 0.5408242941595134 0.18072090263916643 0.16442506299888784
6 0.6804436068799544 0.40790464932236314 0.18411930471268487 0.1677320735222315
6 0.33859998506074185 0.5725238022637826 0.17236159849212934 0.15772003669052861
6 0.5102090193210655 0.3791440705384598 0.18085760367592557 0.16598756299888784
1 0.739720153534121 0.340686328219206 0.18085760367592557 0.16598756299888784
1 0.39604062964138975 0.5083394758989537 0.17392409849212936 0.15781104195220053
1 0.5678547154568524 0.3126159941736308 0.17392409849212936 0.15781104195220044