20 0.8582387051150479 0.180312053577313 0.08964428298109546 0.10155459172016937
40 0.8002625786516147 0.2094461745184756 0.08649201190385654 0.0968125446422687
40 0.7430404311109428 0.243254158690163 0.08180451190385654 0.09673072402541764
40 0.6905148739293503 0.2754178222449994 0.07866133118569749 0.09355117694751698
2 0.6349097685431561 0.29982353287773644 0.07551815046753826 0.0903716298696163
2 0.5800540969001832 0.3296843567409984 0.07708974082661779 0.09196140340856669
2 0.5283370607958296 0.3571468835263596 0.07393746974937905 0.08721935633066602
37 0.4766291150505557 0.3830469103117208 0.07238406010845858 0.08875458279171564
32 0.4256796934075829 0.4128395503276069 0.07550906010845856 0.0888091298696164
27 0.38178424766230895 0.43860320941821634 0.07081246974937896 0.08716480925276535
7 0.32383084709657484 0.4638310803593789 0.06765110831306051 0.0808602621748646
7 0.2846183561717612 0.4902941688331374 0.07082156010845857 0.08872730925276535
27 0.22977177488786787 0.5185924926963994 0.07549996974937896 0.0872466298696164
22 0.18668030504029304 0.5404362650175336 0.07236587939029934 0.08562958279171565
17 0.12949906411547935 0.5672129991892211 0.07392837939029935 0.08565685633066593