16 0.225 0.75234375 0.1 0.0875
6 0.253125 0.70234375 0.0984375 0.084375
36 0.28203125 0.6515625 0.1 0.0828125
36 0.31328125 0.60390625 0.0984375 0.084375
39 0.34140625 0.55234375 0.1046875 0.0890625
39 0.371875 0.50234375 0.1 0.0828125
39 0.40390625 0.45390625 0.1 0.0859375
14 0.43125 0.4015625 0.103125 0.0875
14 0.4609375 0.34765625 0.0984375 0.084375
14 0.4953125 0.2953125 0.0984375 0.08125
21 0.521875 0.2390625 0.0984375 0.0828125
21 0.55625 0.18515625 0.1 0.0828125
21 0.5890625 0.1328125 0.109375 0.090625
0 0.61953125 0.078125 0.10625 0.0875