37 0.6274273216350992 0.0737907849689405 0.14632585475263546 0.10569973370266399
32 0.5852424802283365 0.11088996819675079 0.15710152866891214 0.14034751834240006
27 0.5436969673767553 0.17069086553118376 0.15866402866891213 0.1403929824490228
34 0.4939078730042431 0.22164796027919195 0.16191636266130088 0.14360891066226814
34 0.4434011956279254 0.2710198229738888 0.16029019566510652 0.1420009465556454
34 0.39833143475351046 0.3213320600417652 0.15710152866891214 0.14034751834240006
40 0.3554780898867068 0.37483749326957544 0.15866402866891197 0.1403929824490227
37 0.30969074600848623 0.42356449828414033 0.15710152866891205 0.14034751834239997
32 0.26533856813787693 0.475461967405328 0.16029019566510644 0.1420009465556454
17 0.21948755726346203 0.5257514724198928 0.16029019566510644 0.1420009465556454
17 0.17676154638904712 0.5761319056477031 0.15553902866891206 0.14030205423577727
12 0.1309105355146322 0.6264214106622681 0.15553902866891206 0.14030205423577727
7 0.08665385813831447 0.6759751297834556 0.15872769566510644 0.1419554824490227
2 0.0592225138029834 0.7263328309579548 0.1184450276059668 0.13391566191590948