25 0.5432075198920929 0.8464554034052714 0.11112050649282175 0.10190914772652385
14 0.539406409907979 0.7955923327884203 0.10317163879807012 0.09396028003177222
14 0.5331933660764892 0.7485946018631437 0.09840231818121907 0.08919095941492117
14 0.5286382796313256 0.6961553944768177 0.10319891233702042 0.09552278003177221
14 0.5224115990303606 0.6499389135515411 0.09683981818121908 0.0891636858759707
28 0.5170070787378211 0.6013923193957398 0.10785913879807012 0.09404210064862326
28 0.5092588084452817 0.5528048149315129 0.0967852711033185 0.0860386858759707
28 0.5038951984611677 0.5019144707757116 0.10470686525911965 0.09242505357072232
3 0.49768215462967796 0.454916739850435 0.09840231818121907 0.08919095941492117
3 0.488330474028713 0.4086457118472578 0.10158186525911965 0.09237050649282175
3 0.48056856696669836 0.3608394573830309 0.09840231818121907 0.08919095941492099
3 0.47523223052153474 0.30838661322722954 0.09209777110331849 0.08595686525911975
18 0.4706498705374208 0.2575099058409034 0.10317163879807012 0.09396028003177204
18 0.4644504634754062 0.2097309249156268 0.10317163879807012 0.09396028003177212
18 0.45903230641339154 0.16196558075982548 0.0952500446422686 0.08757391233702042
23 0.44888573904295137 0.1164621659871731 0.10317163879807012 0.09396028003177212
23 0.4434812187504119 0.06791557183137173 0.1063511858759707 0.09713982710967277