10 0.19022026373200235 0.7968316844408634 0.052281995681063356 0.08710515785015556
0 0.23177670805647632 0.7920762950065594 0.04885660703211538 0.0822356473268119
20 0.2743950046327037 0.7950424003105836 0.050519236581764736 0.08388915258848365
26 0.3175640137320023 0.7894147556146077 0.04885660703211538 0.0822356473268119
21 0.3605525501291969 0.7744576135494677 0.04573160703211539 0.08205363680346807
16 0.4027400501291969 0.7720004714843279 0.04583173658176474 0.08361613680346806
11 0.4445968831026189 0.7625575820500238 0.04895673658176456 0.0837981473268119
6 0.48955892967884623 0.7653871794615401 0.044068977482466035 0.08040013154179633
1 0.5318465592284956 0.7613675373964004 0.04759449568106326 0.08683214206513981
39 0.5760774205795476 0.7634613874387526 0.044369366131413915 0.08508763154179633
39 0.619357051208931 0.780398987481105 0.04583173658176474 0.08361613680346806
31 0.6629766432816517 0.767740092785129 0.04280686613141391 0.08499662628012442
16 0.7078385603082297 0.7721321901966454 0.042606607032115384 0.08187162628012441
39 0.7544935148117365 0.784981529715654 0.04310725478036197 0.08968412628012423
36 0.7978127182355091 0.7770101350196782 0.04613212523071262 0.08830363680346806
31 0.8456692273348079 0.7711094745386868 0.04759449568106362 0.08683214206513981