36 0.8775009644969224 0.5608864975142914 0.07135710085908258 0.1124315334984459
36 0.8159459888071818 0.5548869005336101 0.07275582654882307 0.10937930810555194
36 0.7536097631174414 0.5488509162493758 0.07604460085908257 0.11264985731976367
34 0.6920957310052658 0.5420700692686944 0.0746458751693421 0.11570208271265763
34 0.6288963681603954 0.5375601976809072 0.074400213703953 0.11101458271265763
39 0.567341392470655 0.5315606007002258 0.074400213703953 0.11101458271265781
39 0.5058273603584794 0.5247797537195444 0.077525213703953 0.11116013192686935
39 0.44349113466873896 0.5187437694353102 0.07629026232447203 0.11733735731976366
4 0.38033271540143354 0.5134526478475229 0.07933337516934218 0.1159204065339754
4 0.316433989711693 0.5073438889561828 0.07629026232447185 0.11733735731976366
4 0.25327557044438764 0.5020527673683957 0.07777087516934209 0.11584763192686935
3 0.18612901402195253 0.4981422092628437 0.07933337516934214 0.1159204065339754
3 0.12066778833221203 0.4919606757643976 0.07308337516934213 0.11562930810555194
3 0.05594686906490667 0.48659677956950453 0.07637214947960165 0.11889985731976367