17 0.3716354273359533 0.2809776436509993 0.08772922896477811 0.07707242515463034
22 0.35385770147326834 0.22059825304411582 0.08761996832111638 0.07550992515463033
27 0.3344628452887525 0.16087256667959776 0.09386996832111638 0.0760201081851685
29 0.5987846192508407 0.9540156283582257 0.0897287715394249 0.08344997091226496
29 0.57815504499731 0.8894748962360731 0.08493201089576345 0.08150483363936126
29 0.5588148191346252 0.8289679598715551 0.09107275025210164 0.08045251666989942
24 0.5355683432719401 0.7681421591129507 0.10255655347041018 0.08915783697334109
24 0.5187357583747478 0.7054827913848845 0.10233803218308672 0.08603283697334127
14 0.4986689128338938 0.6441308321415493 0.09630655347041035 0.08864765394280312
14 0.4729147960057162 0.5854574627464931 0.08605746832111638 0.0753823793969957
14 0.45430118982120044 0.5257955492607923 0.09408848960843982 0.07914510818516866
4 0.4319452246021772 0.46347102138100527 0.09408848960843982 0.07914510818516866
4 0.41120638970498485 0.4004927892588526 0.09899451089576328 0.08265274545807219
4 0.3923742622331456 0.3439558757731519 0.10724405347041026 0.08954047424624481