8 0.9453125 0.49453125 0.0453125 0.0953125
13 0.878125 0.50078125 0.05 0.0921875
13 0.81015625 0.50390625 0.05 0.1
23 0.74453125 0.50390625 0.053125 0.103125
18 0.67265625 0.51328125 0.0484375 0.096875
23 0.60390625 0.51640625 0.05 0.0984375
28 0.534375 0.521875 0.0515625 0.1
18 0.46640625 0.52265625 0.05 0.09375
23 0.39296875 0.5265625 0.0515625 0.0984375
28 0.3203125 0.534375 0.0515625 0.103125
38 0.246875 0.5375 0.0546875 0.1015625
41 0.17265625 0.5453125 0.0609375 0.1015625
33 0.09765625 0.54765625 0.0578125 0.1046875