40 0.8037073428524563 0.35 0.14192219764227296 0.146875
40 0.7477929238790957 0.3609375 0.1418585306460784 0.1453125
40 0.691910338403832 0.37109375 0.14348469764227278 0.146875
37 0.6321533364266656 0.38046875 0.14354836463846715 0.1484375
32 0.5730820839552078 0.3921875 0.14511086463846717 0.1484375
22 0.5155733314837498 0.40390625 0.14673703163466154 0.15
22 0.4580964125103891 0.41484375 0.14673703163466154 0.15
22 0.4006513270351255 0.425 0.1499893656270503 0.153125
17 0.3416119080617648 0.4359375 0.15480419961943906 0.15625
12 0.2824769885941124 0.44921875 0.15317803262324475 0.1546875
7 0.22346940311884894 0.459375 0.14829953163466153 0.15
12 0.16530673463977977 0.46796875 0.15005303262324476 0.1546875
7 0.10307864867022462 0.48046875 0.15480419961943914 0.15625
2 0.05871978950614594 0.4921875 0.11743957901229188 0.153125