11 0.09793621136062543 0.4042179733082543 0.09231817599857095 0.13931185079830274
11 0.1506952246021772 0.4184277119395478 0.09242743664223267 0.14087435079830274
16 0.20100122720006725 0.4342954510651329 0.09253669728589439 0.14243685079830276
21 0.2531428814071116 0.4461932731945236 0.09577095792955621 0.14412668479069152
26 0.3028315249704943 0.4597490958182059 0.09577095792955621 0.14412668479069152
31 0.3516296578902152 0.47489925193998533 0.09555243664223267 0.1410016847906915
36 0.39970117113176695 0.489299991559862 0.09398993664223268 0.14093801779449713
39 0.4494990753388114 0.5012933141835443 0.09566169728589458 0.1425641847906915
29 0.497625218902194 0.5149128038034209 0.0956616972858944 0.1425641847906915
29 0.5441888624655766 0.528595960419492 0.08908391535490914 0.137622016805914
29 0.5914791257071285 0.5430285335374658 0.09533391535490914 0.1378766847906915
9 0.6387693889486803 0.5574611066554397 0.09042789406758586 0.13456068380210837
9 0.6853330325120629 0.5711442632715108 0.08919317599857095 0.13918451680591398
9 0.7335684367191073 0.5832012528913875 0.09064641535490914 0.13768568380210838
30 0.7802413409261517 0.5953219095074586 0.08563113342392406 0.13280718281352505
15 0.8244066041677034 0.6098818166178211 0.09053715471124732 0.13612318380210836
10 0.8671186280529171 0.6229428907243781 0.08261539406758586 0.1342423488211363