25 0.7598426982715051 0.15407306411711744 0.14797816191590946 0.1486583183886112
35 0.7355952045397113 0.2092878941892355 0.13515991316955062 0.13742987765916678
22 0.4544538869760987 0.5609101712590621 0.13993834138279587 0.1406639804327085
22 0.48265309481451524 0.5040419222089926 0.13350648495630518 0.1342685100679862
22 0.5062329988128658 0.4449390259324648 0.13511444906292774 0.13586737765916687
13 0.5321566528112163 0.3857815782691662 0.13993834138279587 0.1406639804327085
13 0.5565178068095669 0.3266604981970481 0.13515991316955045 0.13742987765916678
13 0.5815920146479834 0.2698649843293398 0.1351144490629279 0.1358673776591668
40 0.6050127942731545 0.216230838052812 0.1351144490629279 0.1358673776591668
40 0.6277432521115711 0.15948987557187447 0.14476223370266403 0.14546058320625016
26 0.4456051065595047 0.9186863036678815 0.14627926959604132 0.1439344507974308
26 0.47074751055785524 0.8595470398001732 0.14632473370266402 0.1454969507974308
26 0.49200639660951717 0.7997174449104162 0.13672241316955064 0.13746624525034737
26 0.5171488006078677 0.7405781810427079 0.13833037727617317 0.13906511284152784
18 0.5383622225529069 0.6823110861529509 0.13672241316955064 0.13746624525034717
18 0.565757448338012 0.6262422708984717 0.1254666644231918 0.12627417211208342
18 0.5853174420698058 0.5711365435998953 0.13511444906292774 0.13586737765916687