36 0.8456360200268158 0.3843374320831604 0.14828395273377595 0.17972648043270842
36 0.7602612487394922 0.3854803983638201 0.1517367346647612 0.18448671561506957
36 0.6772848577739997 0.38589666603125056 0.15308071337743775 0.18139808320625014
21 0.5910195758430146 0.38858394851631994 0.15308071337743775 0.18139808320625014
26 0.506426054555691 0.38974509859256984 0.15308071337743775 0.18139808320625014
26 0.42027003326836754 0.3908698810776393 0.15318997402109957 0.18296058320625014
26 0.33411401198104407 0.3919946635627086 0.15820525595208473 0.1877571859797918
21 0.2465047513373823 0.39152057845659743 0.15820525595208473 0.1877571859797918
16 0.1602394694063971 0.3942078609416668 0.15653349530842303 0.18615831838861122
6 0.65863912855712 0.5294466442797575 0.14973719209011432 0.178200348023889
6 0.5740456072697966 0.5306077943560075 0.14973719209011432 0.178200348023889
11 0.49023333598247315 0.5317871282278477 0.15129969209011432 0.17823671561506949
6 0.4064756950169805 0.5321852120996878 0.15140895273377614 0.17979921561506948
1 0.32249953276416443 0.5357082959715281 0.15151821337743776 0.18136171561506947