23 0.484096220690294 0.9121426373822723 0.09845608883351815 0.07835072930778501
28 0.49593608420081436 0.8644897094085398 0.1012807001845701 0.07382700361804453
33 0.5136254295127375 0.8102592328142881 0.1014809592838688 0.07695200361804452
28 0.5275587191491345 0.7585772241078608 0.10470608883351815 0.07867827792830404
33 0.5415921383351809 0.7084577154014335 0.10324371838316751 0.08015889077317447
38 0.5556756222960519 0.6591194566950063 0.10324371838316751 0.08015889077317429
34 0.569759106256923 0.609781197988579 0.0983559592838688 0.07678822930778502
34 0.5845737754429694 0.559620745704587 0.1048062183831675 0.08024077792830404
4 0.5978760094038404 0.5103234305757244 0.1048062183831675 0.08024077792830404
4 0.6120095581395362 0.4617664218692973 0.1048062183831675 0.08024077792830404
4 0.6253117921004072 0.41246910674043474 0.10490634793281686 0.08180327792830404
19 0.6378828408361029 0.3639939851891373 0.1048062183831675 0.08024077792830422
19 0.6518661952473247 0.31309322648271 0.10158108883351816 0.07851450361804461
19 0.665268558757845 0.2653584113538476 0.1016812183831675 0.08007700361804462
15 0.6777394779438914 0.21532078980255007 0.10011871838316751 0.07999511646291486
35 0.6934355266795871 0.16668189394099303 0.10334384793281667 0.08172139077317438
30 0.7067377606404582 0.11738457881213067 0.1016812183831675 0.08007700361804462
25 0.7193088093761538 0.06890945726083315 0.09825582973421945 0.07522572930778511