24 0.9386021323119103 0.5910767309326841 0.05701502583555573 0.10159124373179385
41 0.8746487350854519 0.597628259304214 0.058650261017916705 0.10476170783841657
41 0.8130027202678131 0.6025490915158099 0.05701502583555573 0.10159124373179385
3 0.7443981906325352 0.610799512207208 0.05883209897381949 0.11257420783841639
40 0.6795908082237159 0.6142487726320491 0.06177526101791671 0.10485263605166181
2 0.610132293406077 0.6193969253767585 0.06326502583555574 0.10177310015828453
19 0.5384391313619796 0.6293007742814017 0.058722996200277856 0.10788670783841639
14 0.4689078813619797 0.6313239270261111 0.060103658244375066 0.1001196719450391
9 0.39639710172670195 0.6396880079840658 0.060212761017916706 0.10480717194503911
4 0.323940873478195 0.6503958389420206 0.058722996200277856 0.10788670783841639
29 0.2537374762517367 0.6571292237400412 0.06188436379145843 0.10954013605166182
1 0.1756852114340978 0.6625274290711751 0.06337412860909727 0.10646060015828454
1 0.09845056420763945 0.669465402348998 0.06177526101791675 0.10485263605166181