38 0.68125 0.9265625 0.13125 0.11875
38 0.64921875 0.87109375 0.1296875 0.1171875
33 0.6171875 0.81796875 0.134375 0.1203125
28 0.58671875 0.7625 0.1328125 0.11875
23 0.5546875 0.70625 0.1328125 0.11875
18 0.52265625 0.6515625 0.1328125 0.11875
18 0.48984375 0.59609375 0.1359375 0.121875
8 0.42578125 0.48359375 0.1328125 0.11875
13 0.4578125 0.540625 0.1328125 0.11875
13 0.39296875 0.4265625 0.134375 0.121875
13 0.3609375 0.37109375 0.134375 0.121875
13 0.32890625 0.315625 0.1328125 0.1203125
3 0.2953125 0.2578125 0.1359375 0.1234375
3 0.2625 0.2015625 0.1328125 0.1203125
3 0.23359375 0.14453125 0.134375 0.11875