35 0.8734375 0.70546875 0.1109375 0.1171875
15 0.8265625 0.66953125 0.109375 0.115625
16 0.784375 0.63046875 0.109375 0.1140625
21 0.7390625 0.59453125 0.109375 0.1140625
26 0.69296875 0.55859375 0.10625 0.1125
26 0.51171875 0.421875 0.109375 0.1140625
31 0.46640625 0.38359375 0.1078125 0.1125
36 0.421875 0.34765625 0.109375 0.1140625
32 0.646875 0.525 0.1109375 0.1171875
37 0.60078125 0.490625 0.10625 0.1125
40 0.55625 0.45546875 0.109375 0.115625
12 0.37890625 0.309375 0.1078125 0.1125
17 0.33359375 0.275 0.1109375 0.1171875
22 0.29140625 0.23828125 0.1109375 0.1171875
27 0.2484375 0.20078125 0.10625 0.1109375
27 0.203125 0.1671875 0.10625 0.1125