37 0.8953125 0.615625 0.05625 0.0984375
37 0.8359375 0.61328125 0.0546875 0.0984375
37 0.7765625 0.6125 0.05625 0.1015625
27 0.71484375 0.61171875 0.0578125 0.1015625
27 0.653125 0.6109375 0.0578125 0.1
22 0.5921875 0.60859375 0.059375 0.1015625
22 0.53125 0.6078125 0.059375 0.1
22 0.46953125 0.60703125 0.059375 0.103125
17 0.40703125 0.60625 0.059375 0.1015625
12 0.34609375 0.6046875 0.0609375 0.1046875
7 0.2828125 0.6046875 0.0625 0.1046875
12 0.2203125 0.603125 0.0609375 0.1046875
7 0.15703125 0.60078125 0.0640625 0.1046875
2 0.09453125 0.59921875 0.0578125 0.103125