12 0.95234375 0.5859375 0.059375 0.1125
24 0.88984375 0.58671875 0.0578125 0.115625
24 0.825 0.5890625 0.059375 0.1140625
4 0.759375 0.5890625 0.0640625 0.11875
36 0.69140625 0.58984375 0.0640625 0.1171875
31 0.625 0.5890625 0.0609375 0.1171875
26 0.55703125 0.58984375 0.0640625 0.115625
21 0.48984375 0.590625 0.0640625 0.1171875
16 0.421875 0.590625 0.0703125 0.1171875
16 0.28359375 0.5921875 0.06875 0.11875
11 0.35390625 0.59140625 0.0625 0.1171875
11 0.21328125 0.5921875 0.0671875 0.11875
6 0.14453125 0.59375 0.0671875 0.11875
35 0.07578125 0.59140625 0.065625 0.1171875