23 0.31285991232043436 0.7832490318458161 0.13082196856846862 0.1308219685684687
23 0.3158543256788352 0.7298693207209457 0.13409251778268025 0.13409251778268025
38 0.32749383891340156 0.6267614373463342 0.13580056699689197 0.13729029238978613
38 0.33346770305759066 0.570111177007252 0.13082196856846853 0.13082196856846853
38 0.3457279545053327 0.5139510682397462 0.12435364474715102 0.12584337014004526
38 0.35259223056018063 0.4596081705971112 0.12435364474715094 0.12584337014004507
29 0.3052143862655864 0.8376283167920043 0.1308947431755744 0.13238446856846836
24 0.3189215136443419 0.6780521095960752 0.13409251778268025 0.13409251778268025
14 0.35800316852568737 0.40768179756158196 0.12925946856846854 0.13074919396136267
14 0.36245091997342943 0.3518855618296055 0.12925946856846862 0.13074919396136275
14 0.36920603411761854 0.29519891418697036 0.12435364474715094 0.12584337014004515
25 0.3759975355653606 0.2392935165443352 0.13580056699689197 0.13729029238978613
34 0.381825850495338 0.179518256205253 0.12271837014004516 0.1242080955329393
34 0.39014346463952715 0.12275883395551199 0.1275514193542568 0.1275514193542569
34 0.3961173287837163 0.06610857361642979 0.1275514193542569 0.1275514193542569