20 0.071875 0.45625 0.053125 0.0671875
25 0.128125 0.4578125 0.053125 0.0703125
33 0.18203125 0.45703125 0.0546875 0.065625
33 0.2390625 0.45859375 0.0578125 0.06875
33 0.29609375 0.4609375 0.05625 0.06875
3 0.35546875 0.46171875 0.053125 0.0671875
3 0.41171875 0.4625 0.05625 0.0703125
3 0.4703125 0.46484375 0.05625 0.075
36 0.52578125 0.4640625 0.053125 0.0640625
36 0.58359375 0.4625 0.05 0.06875
36 0.6421875 0.465625 0.0546875 0.071875
2 0.70234375 0.46328125 0.059375 0.071875
2 0.7640625 0.4640625 0.0609375 0.071875
37 0.8234375 0.4640625 0.059375 0.071875
37 0.88515625 0.46328125 0.0609375 0.071875
37 0.95 0.4640625 0.059375 0.06875