20 0.7873593154231581 0.7995173195835708 0.10414510818516849 0.09300985376405232
40 0.7591544381521942 0.7539474930055557 0.10765274545807202 0.09782468775644108
40 0.7235196981541339 0.7040085014085127 0.10739765394280312 0.09469968775644091
40 0.6907548666408044 0.6570671758190809 0.10401756242753404 0.09144735376405233
2 0.6637138766427441 0.6067780157429687 0.09894742515463051 0.08656885277546902
2 0.6318578408870492 0.5582423566554396 0.10232751666989941 0.08982118676785796
2 0.6022180093737198 0.511173697073619 0.0956948793969957 0.08487901878308043
37 0.5748581549815732 0.464790786997507 0.0972573793969957 0.08494268577927463
32 0.5419657777106093 0.41941196140807513 0.09738492515463033 0.08650518577927464
27 0.5147494445302898 0.38080971783386575 0.09556733363936125 0.08331651878308026
7 0.4871185231686813 0.3282086412558508 0.08893469636645772 0.07837435079830275
7 0.4603645755942757 0.2934808141835442 0.09725737939699589 0.08494268577927463
27 0.42928978983858085 0.24491332159791807 0.09751247091226496 0.08806768577927473
22 0.4051984566582615 0.2061837440313199 0.09244233363936125 0.08318918479069151
17 0.3775037624178356 0.15436391745330494 0.09582242515463033 0.0864415187830803