33 0.93671875 0.39453125 0.078125 0.096875
33 0.8828125 0.42109375 0.0796875 0.1
33 0.828125 0.446875 0.0796875 0.1
26 0.775 0.47265625 0.08125 0.103125
26 0.72109375 0.4953125 0.0859375 0.1078125
24 0.6703125 0.52109375 0.0875 0.1109375
24 0.6171875 0.54375 0.084375 0.109375
24 0.5640625 0.56796875 0.0859375 0.1078125
29 0.5125 0.5890625 0.0890625 0.109375
29 0.46015625 0.61328125 0.0890625 0.109375
29 0.409375 0.6359375 0.0875 0.1078125
6 0.35859375 0.65859375 0.0890625 0.109375
6 0.30625 0.684375 0.0890625 0.109375
6 0.2546875 0.70625 0.0890625 0.109375
6 0.20390625 0.728125 0.0875 0.10625
35 0.15 0.7515625 0.090625 0.10625
10 0.1 0.7765625 0.078125 0.0984375