20 0.884375 0.4953125 0.078125 0.096875
0 0.93828125 0.51484375 0.078125 0.096875
23 0.8328125 0.48046875 0.071875 0.0921875
28 0.78359375 0.4578125 0.071875 0.0921875
33 0.7296875 0.4390625 0.0703125 0.0953125
19 0.67578125 0.42109375 0.0734375 0.096875
19 0.6265625 0.4 0.075 0.0984375
19 0.57109375 0.38125 0.0796875 0.103125
8 0.51796875 0.36015625 0.0828125 0.1015625
13 0.465625 0.33984375 0.0765625 0.1015625
18 0.41328125 0.32578125 0.06875 0.090625
3 0.3578125 0.303125 0.0734375 0.0921875
3 0.3015625 0.28515625 0.078125 0.09375
29 0.24765625 0.2640625 0.075 0.090625
29 0.19296875 0.2421875 0.075 0.09375
29 0.134375 0.215625 0.0796875 0.0953125