3 0.2578125 0.728125 0.0765625 0.078125
3 0.28828125 0.69296875 0.08125 0.08125
3 0.32109375 0.6546875 0.078125 0.078125
38 0.3546875 0.61640625 0.084375 0.0828125
38 0.390625 0.5796875 0.084375 0.0828125
38 0.42421875 0.540625 0.0765625 0.078125
41 0.4578125 0.50078125 0.08125 0.08125
41 0.496875 0.459375 0.084375 0.0828125
11 0.53046875 0.41796875 0.0828125 0.08125
11 0.56640625 0.37265625 0.0875 0.0859375
11 0.60390625 0.33046875 0.090625 0.0890625
39 0.6421875 0.28515625 0.0875 0.0859375
39 0.6828125 0.23828125 0.0875 0.0859375
39 0.725 0.1953125 0.084375 0.084375
30 0.19247240625 0.7539035796875 0.164470703125 0.7826882562499999 0.194518021875 0.8436766328124999 0.2227108046875 0.8117349703125001 0.19247240625 0.7539035796875
10 0.25424650625 0.775679490625 0.2242100078125 0.719000721875 0.19436352968749998 0.7488973359375 0.22426170625 0.8072461890625 0.25424650625 0.775679490625
8 0.058779696874999995 0.5359839078124999 0.0703691484375 0.5601723015625 0.10003835781249999 0.5273665656250001 0.0867797546875 0.5025513046875 0.058779696874999995 0.5359839078124999
2 0.23497410625 0.207687121875 0.24181404374999999 0.23776946250000003 0.2818306828125 0.22028335000000002 0.2743691109375 0.1901839203125 0.23497410625 0.207687121875
17 0.19855689062499998 0.1887141296875 0.20097241562499998 0.2190743640625 0.23439449531249998 0.2045340046875 0.2339428828125 0.1760397796875 0.19855689062499998 0.1887141296875
17 0.34935537499999997 0.17941068437500002 0.3471347609375 0.1437768328125 0.3077765515625 0.1525506953125 0.30532322343749996 0.185794421875 0.34935537499999997 0.17941068437500002
32 0.37179611874999996 0.0747080859375 0.36474950625 0.0447067390625 0.3205566203125 0.0669250125 0.3288192890625 0.09300597499999999 0.37179611874999996 0.0747080859375
22 0.264952796875 0.080936209375 0.2685478421875 0.1142304078125 0.308685825 0.10007983125 0.3068421546875 0.06595620625000001 0.264952796875 0.080936209375
27 0.2072590625 0.1163735421875 0.199368225 0.14710797343749998 0.233014684375 0.145670321875 0.24181974374999998 0.1178483421875 0.2072590625 0.1163735421875
34 0.27328005 0.062267525000000004 0.26122316093750003 0.03859986875 0.22747131718750002 0.06840538125 0.2371035890625 0.084244346875 0.27328005 0.062267525000000004
26 0.2969568234375 0.1167921984375 0.2983697984375 0.1446147203125 0.3408852671875 0.13320757968750002 0.336432184375 0.098260603125 0.2969568234375 0.1167921984375
31 0.2444598609375 0.14774616875 0.2493685203125 0.180614665625 0.293236740625 0.1649042515625 0.28569795625 0.13351275 0.2444598609375 0.14774616875
8 0.2654149609375 0.0435992953125 0.283348003125 0.07335005781250001 0.314724565625 0.051015128124999996 0.2943129703125 0.0240245578125 0.2941785078125 0.02401358125 0.2654149609375 0.0435992953125