30 0.26953125 0.79609375 0.096875 0.0859375
1 0.29609375 0.7546875 0.0984375 0.0859375
6 0.31953125 0.7109375 0.0921875 0.0796875
11 0.3453125 0.66953125 0.0953125 0.084375
31 0.371875 0.625 0.0875 0.078125
36 0.39765625 0.58203125 0.0921875 0.0828125
39 0.42265625 0.53671875 0.090625 0.08125
16 0.4453125 0.49375 0.090625 0.08125
16 0.47265625 0.45078125 0.0953125 0.084375
26 0.4984375 0.40703125 0.0921875 0.0828125
26 0.52265625 0.3625 0.0921875 0.0828125
26 0.5484375 0.3171875 0.096875 0.0875
19 0.575 0.27265625 0.0921875 0.0859375
19 0.59921875 0.22890625 0.096875 0.0875
19 0.6265625 0.18359375 0.090625 0.0828125