10 0.872343550087496 0.6143302407598712 0.08395792401336308 0.1013293762235353
35 0.8244145800843142 0.5925569336809624 0.08081474267981754 0.0996577488188736
16 0.7757043600811326 0.5708109084532189 0.07609088001272664 0.09636905771188112
16 0.7285657307447237 0.5497915695231447 0.08081474267981754 0.09965774881887376
16 0.679855510741542 0.5280455442954011 0.07767156134627218 0.09798612141421188
6 0.6319265407383604 0.5062722372164922 0.08239542401336308 0.10127481252120454
6 0.5839793894016332 0.48293643013758336 0.07923406134627217 0.09804068511654282
6 0.535287350731997 0.4627529049098399 0.08239542401336308 0.10127481252120454
39 0.4881305400620426 0.4401710659797655 0.07923406134627217 0.09804068511654282
39 0.438639070058861 0.41845232260318754 0.08083292401336309 0.10122024881887359
39 0.38836635005567927 0.3967608610777749 0.08081474267981754 0.09965774881887368
21 0.3412186300524976 0.37496027214770056 0.08239542401336308 0.10127481252120454
21 0.2917180693825432 0.3524602787711225 0.082395424013363 0.10127481252120454
21 0.2429987587125888 0.32993300354337907 0.083957924013363 0.1013293762235353
26 0.1934891073758617 0.30665176016680096 0.08081474267981754 0.0996577488188736
26 0.14319820603913458 0.28339779864138837 0.082395424013363 0.10127481252120454