40 0.5683493922704608 0.8605218051384889 0.13954199710451576 0.11171927088084743
40 0.5663909400369305 0.8019553262157277 0.14125004631872767 0.1148533612399266
40 0.5653228997140589 0.7410405521134268 0.13790672249741007 0.11014768052176756
37 0.5626195847840816 0.6816973683702054 0.14288532092583353 0.11642495159900648
32 0.559952657157657 0.621572934626984 0.14281254631872747 0.11486245159900647
27 0.5572493422276796 0.5622297508837628 0.14288532092583353 0.1164249515990063
37 0.5569261646012551 0.502091681601922 0.14288532092583353 0.11642495159900648
32 0.5550404869748305 0.44196270267916093 0.14622864474715094 0.12113063231716552
27 0.5547173093484062 0.38182463339732015 0.14771837014004524 0.11957722267624522
27 0.5529044063290875 0.320133154474559 0.14779114474715094 0.12113972267624522
22 0.5518727533097689 0.258437130372258 0.1478639193542568 0.12270222267624523
17 0.549351374897556 0.19518769662903668 0.15106169396136265 0.12428290339440444
17 0.5467572218782374 0.13350076288581533 0.15106169396136265 0.12428290339440444
17 0.5426369561624718 0.0710416695016736 0.14452059553293922 0.11799654195808598