30 0.7353017555432902 0.7786807888704299 0.11334709765100222 0.0899216980251019
23 0.7151089274883295 0.7222701025655204 0.10709709765100203 0.0895211798265045
13 0.6963649391668121 0.6696655367109615 0.10383570533113406 0.08463342072720578
18 0.6738738252184739 0.6118425447305261 0.10535274122451135 0.08317105027685515
23 0.6503514086837111 0.5626633675249153 0.10071070533113406 0.08443316162790708
33 0.6301131165221275 0.5078151812200057 0.09423338479802065 0.07622014342931002
28 0.6042014858807421 0.4603486983388688 0.10383570533113406 0.08463342072720578
3 0.5727756411327338 0.4147951688815046 0.09901181301126591 0.0796455320782579
8 0.5572703130777731 0.3580840939276471 0.09735838479802048 0.07642040252860856
13 0.5455348427029442 0.30581019509966634 0.09575042069139794 0.07475777297895929
23 0.52745844411487 0.25706181447028287 0.10066524122451134 0.08287066162790727
23 0.5087371878466638 0.20367599861572402 0.09584134890464338 0.07788277297895929
41 0.49316366363176894 0.14930867366186656 0.09749477711788863 0.08110790252860856
38 0.4798656932569402 0.09713490438353511 0.10383570533113406 0.08463342072720588
33 0.4570790626155546 0.04946816240309959 0.09427884890464319 0.07778264342930993