30 0.8522298060837509 0.26602560772953915 0.06848440637700648 0.08735875889134012
39 0.02850570104079672 0.5098138016954111 0.05701140208159344 0.09419095574818712
39 0.07815273971169304 0.49624576137253945 0.08131195499752561 0.09419095574818712
36 0.14196293419376907 0.4741567456567738 0.08468261646291486 0.09902400496239867
31 0.20009966078802072 0.45571926881613756 0.0767882293077851 0.09709763192686935
31 0.31925245251113477 0.42367736434907693 0.08312011646291487 0.09895123035529281
26 0.25790883876175336 0.4435317919755014 0.07826884215265535 0.0956079065339754
26 0.3772663483726918 0.4075836375084407 0.07498006784239593 0.09233735731976367
26 0.4948975836733707 0.3746877084342742 0.07325379353213642 0.08913958271265772
21 0.4354030749669434 0.3891461606678045 0.07818695499752551 0.09404540653397522
21 0.5546377538451873 0.3555417562007438 0.0750619549975255 0.0938998573197635
16 0.6136785611721335 0.3347969166636605 0.07826884215265544 0.0956079065339753
34 0.6741180941888203 0.31724985173368314 0.06503185775648763 0.08096320967712849
34 0.7352160464728124 0.3020829241072586 0.0699650192218769 0.08586903349844599
34 0.7902687166446289 0.2827186480524107 0.06873006784239592 0.09204625889134022