40 0.4122819005480216 0.9327413397699044 0.13742987765916687 0.13203177088084744
37 0.4304493658787507 0.8742612192583998 0.13263327488562507 0.12731699980360817
32 0.444783316391841 0.8188833728491958 0.1294355397032639 0.12417381908544911
27 0.4575911344961118 0.7650589360809124 0.12783667211208344 0.12260222872636942
22 0.470362585009202 0.7096719993126289 0.13423214247680554 0.12888859016268803
17 0.4894022193178825 0.6551026739806639 0.1294355397032639 0.12417381908544911
7 0.5093315531897227 0.5716361890077787 0.13259690729444457 0.12575449980360814
7 0.5244467537028129 0.5162628877781146 0.12460256933854161 0.11789654800821019
32 0.5600913533422226 0.4032043515755652 0.13259690729444457 0.12575449980360834
27 0.5760423552420836 0.35017934552544105 0.13423214247680554 0.12888859016268786
22 0.5879234529816322 0.29010036357761776 0.12783667211208344 0.12260222872636942
4 0.6243129350298613 0.17548387255460823 0.12144120174736131 0.11631586729005097
4 0.6433162017473611 0.11935204722264328 0.1294355397032639 0.12417381908544903
4 0.6552518508736807 0.06161681527482001 0.1230037017473613 0.11632495764913058