30 0.6849528972749276 0.15869013009226848 0.11820934137714509 0.12007723734881748
0 0.7082068588003402 0.1089810314289956 0.13755954210278443 0.1374829133513628
41 0.3944098421797532 0.8956334100493158 0.13761410580511538 0.13904541335136286
41 0.4214063625981733 0.8412822647199066 0.14090279691210786 0.1437692760184536
23 0.4436881011654279 0.786095325389861 0.13928573320977708 0.14218859468490824
28 0.463653371583848 0.7316623640594972 0.13443454210278444 0.13744655068427178
33 0.48437261015110256 0.6764572433959062 0.1312004146981227 0.13428518801718106
13 0.5067907579741844 0.6251765540658607 0.1344345421027846 0.13744655068427178
8 0.5283458102437699 0.5715430240690422 0.13761410580511538 0.13904541335136286
3 0.5483929262156861 0.5194538127386785 0.1312004146981227 0.13428518801718106
3 0.566904824038768 0.4681276700747693 0.1328174784004535 0.1358658693507266
3 0.5908309081595189 0.41530266207826916 0.13610616950744614 0.14058973201781733
3 0.6100967741314351 0.36320436008113266 0.1328174784004535 0.13586586935072642
33 0.6309797038056824 0.31268673941754155 0.127966287293461 0.13112382535009015
28 0.6496007290334258 0.26448559675363237 0.1327629146981227 0.13430336935072643
23 0.6696751268565075 0.21317763542326856 0.12467759618646852 0.12639996268299925