40 0.86875 0.40802925825214204 0.10625 0.12119332654882306
40 0.81953125 0.4429498128655549 0.1078125 0.122837713703953
40 0.77109375 0.47791131105653256 0.1078125 0.12127521370395282
37 0.72109375 0.5112284220923804 0.109375 0.12448210085908258
32 0.6703125 0.5460670895506635 0.109375 0.12448210085908258
27 0.62109375 0.5794251441640764 0.109375 0.12448210085908258
37 0.57109375 0.6143047551999243 0.109375 0.12448210085908258
32 0.521875 0.6500065598133371 0.1125 0.1277708751693421
27 0.47265625 0.6849271144267499 0.1140625 0.12941526232447204
27 0.42265625 0.7205879754625979 0.1140625 0.12785276232447185
22 0.37109375 0.7561669493433161 0.115625 0.12949714947960161
17 0.31953125 0.7925271732240343 0.115625 0.1310596494796016
17 0.2671875 0.8272839535271876 0.115625 0.12949714947960161
17 0.2140625 0.862781040252776 0.1109375 0.12612648801421217