37 0.746875 0.13984375 0.1171875 0.096875
37 0.70625 0.19453125 0.11875 0.1
37 0.67265625 0.25546875 0.1203125 0.1015625
32 0.63359375 0.3078125 0.125 0.10625
27 0.5953125 0.36640625 0.128125 0.1109375
22 0.55703125 0.4234375 0.1265625 0.1078125
22 0.5171875 0.48046875 0.1265625 0.109375
22 0.48125 0.53828125 0.1265625 0.1078125
17 0.4390625 0.59609375 0.1296875 0.1125
12 0.39765625 0.65546875 0.134375 0.115625
12 0.31640625 0.775 0.1328125 0.115625
7 0.35703125 0.71484375 0.1328125 0.1140625
7 0.27265625 0.83515625 0.13125 0.1140625
2 0.23359375 0.89609375 0.125 0.1078125