39 0.8919954077358249 0.25275818560207874 0.1448018012176462 0.1507394490629279
39 0.8591668033436782 0.29934602909644575 0.1595020300058188 0.158961126022532
39 0.8241857675879833 0.3482094264308787 0.15950203000581914 0.158961126022532
31 0.7867972089534712 0.39622337760537774 0.15950203000581914 0.158961126022532
31 0.7492811045613246 0.44267482877987663 0.15781198424818452 0.15735316191590928
31 0.7119563188056297 0.4914700299543756 0.1611920757634536 0.1605690901291547
21 0.672877714413483 0.5378760170222519 0.16106453000581897 0.15900659012915472
21 0.6362704057789709 0.5859127002500621 0.15950203000581897 0.158961126022532
21 0.6012893700232761 0.634776097584495 0.1611920757634536 0.1605690901291547
11 0.5653357656311293 0.6812730128656167 0.16288212152108805 0.16217705423577727
11 0.5265122527542518 0.730803999933493 0.1661346672787225 0.1638304824490227
11 0.4884699898773741 0.7803577190546805 0.16782471303635713 0.1654384465556454
1 0.4504914998793138 0.8306926881758683 0.16782471303635713 0.1654384465556454
1 0.41213037260834984 0.8763401572970558 0.1561219384905499 0.15574519780928675