9 0.8119252704629213 0.25962575040977554 0.14052888939893543 0.1388527923897862
9 0.7712044177377646 0.3137652868037057 0.13389625212603207 0.13387419396136274
9 0.7326359963761561 0.36567023510829466 0.1389663893989356 0.13878001778268034
8 0.6231169594125132 0.5208949284504849 0.1289536606107628 0.13053087014004525
8 0.5860472651720874 0.5720914013621796 0.13220620636839725 0.13223891935425697
8 0.5496312751740271 0.6217617615774274 0.13233375212603188 0.133801419354257
22 0.6933500978933648 0.4183200461093306 0.12024834030732112 0.11922949710451594
22 0.6589430180470253 0.4735319309316841 0.1289536606107628 0.13053087014004525
12 0.5116527851759667 0.6713593471855692 0.1254460233378591 0.12569782092583354
12 0.47848934093554085 0.7227377566150286 0.1271360690954939 0.1273330955329392
12 0.44279082805866327 0.7716632541338292 0.11686824879205204 0.11595894789030403
23 0.40787356518178564 0.8206251389561828 0.1254460233378591 0.12569782092583354
23 0.3691775980625426 0.8709675872607716 0.1338962521260319 0.13387419396136266
23 0.3373215623068478 0.919293771297337 0.13051616061076282 0.13060364474715094