39 0.90234375 0.60390625 0.05625 0.1046875
39 0.83984375 0.60390625 0.0578125 0.10625
39 0.778125 0.60703125 0.059375 0.1078125
36 0.715625 0.60546875 0.059375 0.1078125
31 0.65234375 0.6046875 0.0609375 0.10625
26 0.58828125 0.603125 0.059375 0.1078125
21 0.525 0.6046875 0.0625 0.109375
16 0.4609375 0.6046875 0.0625 0.1109375
26 0.3984375 0.60546875 0.0625 0.1109375
21 0.33359375 0.60625 0.0640625 0.109375
16 0.26796875 0.60546875 0.0640625 0.109375
11 0.2015625 0.6046875 0.0671875 0.1078125
6 0.1359375 0.60703125 0.0609375 0.109375
1 0.06875 0.6046875 0.0609375 0.1109375