26 0.46015625 0.06171875 0.078125 0.0546875
26 0.47421875 0.128125 0.078125 0.0515625
36 0.4875 0.19296875 0.0796875 0.0515625
16 0.50234375 0.25859375 0.075 0.05
16 0.51875 0.33203125 0.0828125 0.0515625
6 0.53125 0.3875 0.0828125 0.0515625
36 0.54375 0.44140625 0.0796875 0.05
31 0.55625 0.50859375 0.078125 0.0515625
6 0.56796875 0.5671875 0.0765625 0.046875
1 0.58515625 0.63671875 0.075 0.046875
26 0.5984375 0.70703125 0.08125 0.0546875
1 0.61796875 0.78046875 0.0828125 0.0515625
21 0.628125 0.85234375 0.0765625 0.0484375
36 0.646875 0.93359375 0.0796875 0.0484375