39 0.5880309510349739 0.12035087555006316 0.14254454274124875 0.11328786167271768
36 0.5786074842284531 0.18265987456147997 0.16236013527271603 0.1281143656270504
31 0.5605310678368506 0.24539995509382767 0.15551813942190088 0.12004719764227278
31 0.5427506493706558 0.3042337856261753 0.15551813942190088 0.12004719764227278
26 0.5234077309044608 0.3630039491623286 0.1591167361025528 0.12642453163466155
21 0.5076158649277768 0.4266207801889679 0.16908373195336796 0.13461903361182798
16 0.49164640019584827 0.49258136121560714 0.1625969336130419 0.13123936562705046
11 0.47267033463408276 0.5568521082498575 0.17052783278320494 0.13312020060802218
6 0.4543571199021542 0.6227171887822053 0.16404103444287887 0.12974053262324467
11 0.4391689051702257 0.6887096033069418 0.16404103444287887 0.12974053262324467
6 0.42157774085321575 0.7553877673373866 0.1672844336130419 0.13143036661563362
1 0.4039273769511242 0.8228471813678315 0.15719903859206372 0.12167336463846716
1 0.38898761595346204 0.8959026793906653 0.15262993776222675 0.1230448636498842
1 0.36303949997677804 0.9486961210642578 0.16200493776222674 0.10260775787148439