32 0.3015625 0.2765625 0.0796875 0.0796875
32 0.33515625 0.3140625 0.0890625 0.0859375
32 0.36875 0.35546875 0.0890625 0.0875
27 0.403125 0.3953125 0.0828125 0.08125
27 0.43515625 0.43359375 0.08125 0.08125
27 0.46484375 0.471875 0.08125 0.0796875
17 0.4921875 0.51328125 0.08125 0.0796875
17 0.53203125 0.5484375 0.08125 0.0796875
20 0.71953125 0.73828125 0.0953125 0.0953125
30 0.68359375 0.69609375 0.0953125 0.0953125
34 0.6390625 0.66484375 0.071875 0.0703125
34 0.6078125 0.62421875 0.0765625 0.075
34 0.5765625 0.58515625 0.075 0.0734375
29 0.26875 0.2359375 0.0890625 0.0875
29 0.2375 0.19296875 0.090625 0.0890625
29 0.1953125 0.15703125 0.090625 0.0890625