40 0.465625 0.8938962667054049 0.13125 0.11083335099579195
37 0.45390625 0.8341492444728864 0.1328125 0.11245041469812271
32 0.4390625 0.7745113496450295 0.1328125 0.11401291469812272
27 0.425 0.7148461729660072 0.1328125 0.11557541469812271
27 0.4109375 0.6528372462869849 0.1359375 0.11568454210278442
22 0.39765625 0.5915822877567972 0.1375 0.11886410580511537
17 0.3859375 0.5287102655242786 0.1390625 0.11891866950744615
12 0.3703125 0.4667559025475872 0.1390625 0.11891866950744615
12 0.35625 0.4047469758685649 0.1421875 0.12371529691210785
12 0.340625 0.3404488628918734 0.14375 0.1237698606144387
12 0.32421875 0.27695928176634743 0.146875 0.12700398801910043
2 0.31015625 0.21026285508732512 0.14375 0.1253323606144387
2 0.29609375 0.14669142840830282 0.1453125 0.12694942431676956
2 0.2828125 0.08231146987811509 0.1421875 0.12215279691210787