26 0.4393021553945834 0.17052931940233032 0.08295927678548623 0.0748557240254177
26 0.438103984516771 0.2197889797107558 0.07805357123840277 0.06539890340856669
26 0.441556946047778 0.26740431940233034 0.08448540919430556 0.07332049756436802
23 0.4520775251699655 0.31645942816862827 0.08128767401194459 0.07014095048646736
23 0.45556685429215305 0.3656372678602028 0.07656380642076392 0.06849662986961631
23 0.4613999334143406 0.41477419724335174 0.08775587955902786 0.0796250446422686
33 0.4633449463321185 0.4647605604738766 0.08604790919430556 0.0733477711033185
33 0.46846951063666714 0.5170361266265008 0.08775587955902786 0.0796250446422686
28 0.455643508736806 0.5704065884770537 0.08452177678548622 0.07488299756436803
28 0.4537004554501742 0.6212423855549545 0.08448540919430556 0.07332049756436802
28 0.451811953550313 0.6744219326328551 0.08768314437666688 0.0765000446422686
28 0.4530666354460423 0.7283281826328551 0.08132404160312508 0.07170345048646745
29 0.45564873441986187 0.8392656826328551 0.06875130642076392 0.06836026217486477
29 0.4475102325200007 0.8925543238665572 0.07020470364722228 0.06370003571381488
29 0.46141038478045215 0.9524923855549545 0.07663654160312508 0.07162162986961604