23 0.6435364357792748 0.090625 0.12365235870696818 0.1203125
28 0.6251021121670093 0.13671875 0.12527852570316256 0.121875
33 0.6022667900376185 0.18984375 0.12846719269935694 0.1234375
28 0.5832103839158391 0.23984375 0.1301570266917457 0.1265625
33 0.5649352277940596 0.28984375 0.13178319368794006 0.128125
38 0.5450339046760858 0.33828125 0.1301570266917457 0.1265625
34 0.5274763315581119 0.38671875 0.12690469269935695 0.1234375
34 0.5076068419382352 0.4359375 0.13178319368794006 0.128125
4 0.4892361853221642 0.48359375 0.13178319368794006 0.128125
4 0.4700842787060931 0.53125 0.1301570266917457 0.1265625
4 0.45174545558811924 0.5796875 0.13178319368794006 0.128125
19 0.43415604897204824 0.62734375 0.13178319368794006 0.128125
19 0.4150996428502687 0.67734375 0.12846719269935694 0.1234375
19 0.39672898623419767 0.725 0.1301570266917457 0.1265625
15 0.3783901631162238 0.7734375 0.1300933596955513 0.125
35 0.3600195065001527 0.82109375 0.13334569368794008 0.128125
30 0.34086759988408166 0.86875 0.1301570266917457 0.1265625
25 0.32405944326801056 0.91640625 0.1252148587069682 0.1203125