33 0.22442236191123138 0.6471548301665319 0.18641130935708983 0.18036476458147632
28 0.28214450258595825 0.586120390274804 0.18957267202418074 0.18358069279472175
23 0.3398848245942306 0.5235234503830761 0.18957267202418074 0.18358069279472175
33 0.397625146602503 0.4609265104913483 0.18957267202418074 0.18358069279472175
28 0.45457512794400257 0.3991335526529317 0.19117153469127163 0.18675115690134447
23 0.5107438592855023 0.33736332686782655 0.18957267202418074 0.18358069279472175
38 0.5684932719605472 0.2739851369760987 0.19277039735836254 0.1899216210079671
33 0.6270421159691377 0.2090217150310595 0.19749426002545328 0.19318301332783516
28 0.6863540286441829 0.14559806103270895 0.1959135786919081 0.19157504922121243
38 0.44042007924891297 0.6088495334526018 0.1864294906906352 0.18192726458147632
38 0.4989325605904126 0.5470111115075627 0.18172380935708982 0.18022837226160834
13 0.5558734512651394 0.48599940366914607 0.1848669906906352 0.1818818004748536
13 0.6104615012730937 0.4258371419906636 0.18959085335772627 0.18514319279472174
13 0.6666484139481387 0.3625044162055585 0.18802835335772627 0.18509772868809904