16 0.7179620580415399 0.8123761742441463 0.1049523271096728 0.11009205223856355
21 0.6774421980574259 0.7637649338550847 0.1049523271096728 0.11009205223856355
26 0.6518206351512127 0.7112507654922906 0.10180005357072233 0.10836577792830404
16 0.6128360016281483 0.6641201379480993 0.10018300649282175 0.10515889077317446
21 0.5793201181050841 0.6167029053609537 0.1033625535707225 0.10844766508343398
26 0.544968437504119 0.5724516163513732 0.10336255357072233 0.10844766508343398
26 0.5113434598252534 0.5312843837642278 0.0954136858759707 0.10022572930778502
36 0.4769917792242885 0.48703309475464723 0.10018300649282175 0.10515889077317446
31 0.4425446412369974 0.44825055574506656 0.10177278003177222 0.10680327792830421
31 0.41044125324970615 0.40934518600279135 0.0954136858759707 0.1002257293077852
36 0.3783651388013653 0.3688773162605162 0.09859323295387146 0.1035145036180447
39 0.3462617508140742 0.32997194651824097 0.10177278003177204 0.10680327792830413
6 0.31574813636573335 0.289422189620836 0.10177278003177204 0.10680327792830413
6 0.28840043222581807 0.24636490841317152 0.10177278003177212 0.10680327792830413