15 0.8921875 0.5171875 0.053125 0.0734375
30 0.94921875 0.51484375 0.0453125 0.0703125
14 0.0890625 0.56484375 0.0546875 0.0625
14 0.15234375 0.56015625 0.0625 0.071875
22 0.2140625 0.55625 0.05625 0.0625
22 0.2734375 0.5515625 0.0546875 0.0671875
36 0.33359375 0.55078125 0.0609375 0.0640625
36 0.396875 0.546875 0.053125 0.0640625
33 0.4546875 0.5453125 0.0515625 0.0609375
33 0.51171875 0.53984375 0.0484375 0.0671875
23 0.56640625 0.53515625 0.05 0.06875
23 0.6203125 0.53359375 0.0515625 0.0609375
17 0.67890625 0.53046875 0.046875 0.0578125
17 0.73359375 0.528125 0.046875 0.0609375
18 0.78828125 0.52265625 0.0453125 0.0640625
18 0.84296875 0.52265625 0.0515625 0.0640625