26 0.7412024145562057 0.8525837624360136 0.13805759263643722 0.13360479534115868
31 0.6853986954350182 0.8074073812737776 0.13001777210332383 0.1253828595655097
36 0.6278051557807172 0.7699616129564119 0.1444894490629279 0.1401823439616777
39 0.5712201866595296 0.7247442882166111 0.13644962852981452 0.13196040818602892
21 0.5170016995916533 0.6788685442095048 0.13966555674305994 0.13524918249628842
26 0.455683766363843 0.6349680580043149 0.15409176959604132 0.14848616689245625
31 0.40151074340258947 0.5875298139972086 0.13966555674305994 0.13524918249628842
6 0.34563882812146784 0.5446971828349727 0.14127352084968256 0.1368935696514182
11 0.2963124295333936 0.4920358502932558 0.14770537727617325 0.1434711182719372
16 0.22775865782578125 0.45479812188998175 0.1493133413827959 0.1451155054270668
31 0.1737220271843957 0.4026723778828756 0.15409176959604132 0.14848616689245625
36 0.1083841836900287 0.36247342378986114 0.14609741316955055 0.14182673111680746
39 0.060561763790053555 0.3103886233603198 0.12112352758010711 0.13952724672063965
30 0.03590274458972366 0.27860967887824384 0.07180548917944732 0.12284435775648764