14 0.6402309299221377 0.853125 0.10343801779449713 0.084375
14 0.6137029220134724 0.815625 0.10493685079830276 0.0828125
34 0.5865209980971958 0.78125 0.11306768577927465 0.090625
34 0.5598974896942387 0.74140625 0.10825285178688589 0.0875
34 0.535649564789379 0.70234375 0.10825285178688589 0.0875
38 0.5120873893902276 0.6609375 0.10500051779449712 0.084375
38 0.49161838049297907 0.61875 0.09693334980971961 0.078125
38 0.46271478908621644 0.58046875 0.10662668479069151 0.0859375
8 0.4360912806832594 0.540625 0.10005834980971962 0.078125
8 0.41490468878220527 0.5 0.10005834980971962 0.078125
8 0.3937817638773454 0.4609375 0.100122016805914 0.0796875
3 0.3656594224705829 0.42265625 0.09862318380210837 0.08125
3 0.33747341406762593 0.3828125 0.10024935079830274 0.0828125
3 0.31319365566466895 0.34296875 0.10656301779449713 0.084375
3 0.29125764726171194 0.303125 0.09862318380210837 0.08125
5 0.26225855536065773 0.2625 0.10994268577927464 0.090625
0 0.2365117974519924 0.225 0.10500051779449712 0.084375