30 0.453125 0.94140625 0.1109375 0.0921875
23 0.47578125 0.88515625 0.10625 0.090625
13 0.4984375 0.83359375 0.1046875 0.084375
18 0.521875 0.77421875 0.1046875 0.084375
23 0.53828125 0.71953125 0.1015625 0.084375
33 0.5609375 0.66484375 0.09375 0.0765625
28 0.575 0.61015625 0.1046875 0.084375
3 0.5828125 0.553125 0.0984375 0.0796875
8 0.6109375 0.5 0.096875 0.0765625
13 0.6375 0.453125 0.0953125 0.0734375
23 0.6578125 0.4046875 0.1 0.0828125
23 0.68046875 0.35078125 0.0953125 0.0796875
41 0.70625 0.3 0.0984375 0.08125
38 0.73203125 0.25078125 0.1046875 0.084375
33 0.746875 0.19921875 0.09375 0.078125