33 0.2511621160764892 0.7205974512211668 0.15379893019392785 0.13872328243518836
28 0.293754765020829 0.6497332941641308 0.1570057508107789 0.14362930372251181
23 0.3364019610430694 0.5757441371070948 0.1554159772718286 0.14195754307885
33 0.37745938352635955 0.5034267406937205 0.1570057508107789 0.14362930372251165
28 0.4192844192401745 0.4318359639585155 0.1570057508107789 0.14362930372251181
23 0.46112309172346466 0.3594639372233104 0.15859552434972918 0.14530106436617346
38 0.5022077877457052 0.2855840408099361 0.15862279788867967 0.14686356436617345
33 0.5464447573068959 0.20992312310923839 0.16180234496658025 0.150207085653497
28 0.5891055900986115 0.13515271605220242 0.16336484496658024 0.1503163462971587
38 0.45473317532925445 0.636135697866972 0.1538534772718286 0.14184828243518838
38 0.4973394610430694 0.5644902908099361 0.14911143019392786 0.1383955005042031
13 0.5383832467568844 0.4929541443965618 0.15226370373287815 0.14017652179152656
13 0.5786321457012242 0.4222538783050185 0.1554432508107789 0.14352004307885
13 0.6196895681845144 0.3499364818916443 0.1538807508107789 0.1434107824351883