37 0.9344244274170276 0.5619229495797514 0.08954199710451576 0.11782497091226496
37 0.8781573107916391 0.5736737794260909 0.08797949710451576 0.11769742515463033
37 0.8219629687733564 0.5869871092724303 0.08968754631872748 0.12094997091226496
27 0.7642061267550737 0.6001728933611352 0.09125004631872749 0.12107751666989941
27 0.7056680347367911 0.6132949045710229 0.0911772717116218 0.11951501666989942
22 0.6478748054149556 0.6256994386597278 0.09288532092583353 0.12276756242753387
22 0.5908992133966728 0.63894899562725 0.09281254631872767 0.12120506242753386
22 0.5323611213783902 0.6520710068371376 0.0945205955329392 0.12445760818516849
17 0.4738594166636606 0.6659742680470253 0.09288532092583353 0.12276756242753403
12 0.4160661873418249 0.6783788021357303 0.09615587014004526 0.1261476539428031
7 0.3568196199306482 0.6929995404668006 0.09771837014004507 0.12627519970043757
12 0.29750027791236555 0.706057778797871 0.09615587014004516 0.1261476539428031
7 0.23736329859053 0.7182709942501241 0.09928087014004516 0.126402745458072
2 0.17882520657224732 0.7313930054600117 0.09288532092583343 0.12276756242753387