32 0.17501528223514146 0.2735608351145898 0.13321062307124434 0.1317621285298145
32 0.22969348781838236 0.31193902500631765 0.12177247532299776 0.12363137978345566
32 0.28671544340162336 0.35038541105797955 0.12509773442229638 0.1268473079967011
6 0.3368563433093382 0.3862834586298393 0.12383562307124425 0.13148934389007838
6 0.38772842844222855 0.42298548825501053 0.12686049352159506 0.13001777210332363
6 0.44157531925064486 0.46212219609342703 0.12197273442229636 0.12675637978345566
26 0.4930784600590611 0.5011907077719095 0.12031010487264701 0.12514841567683313
26 0.5444314065430034 0.5426029694503921 0.12197273442229636 0.12675637978345583
26 0.5999909916758936 0.5794413913954312 0.11894786397194572 0.1282279515702104
26 0.6497313733850113 0.621589438967291 0.11874760487264702 0.1251029515702104
16 0.7019156346437784 0.6622431826990849 0.11542234577334831 0.12188702335696497
16 0.7548811459025453 0.70291965848419 0.11854734577334831 0.12197795157021041
16 0.8101403423864877 0.7444455804292293 0.12197273442229636 0.12675637978345583
1 0.308663887264672 0.5208714072970558 0.12333497532299775 0.12367684389007838
1 0.3594859076227376 0.5583546869222269 0.1185473457733485 0.12197795157021041