38 0.42032219206062466 0.4284236400191814 0.14407992116215293 0.1508921185055307
38 0.3582209291428468 0.47948730803824463 0.1472412887533335 0.15250916558343128
38 0.298463416225069 0.5305100657488824 0.14724128875333342 0.15250916558343128
28 0.7405457327138192 0.32599847484278716 0.1360492156150695 0.1413807508107789
28 0.6823689035916316 0.37621270901447457 0.13924695079743063 0.14456029788867966
28 0.6233926406738538 0.4272218299556371 0.1424446859797918 0.14773984496658024
13 0.5621089953472566 0.4767093612052252 0.1424446859797918 0.14773984496658024
13 0.504713416225069 0.5269099586074375 0.1408458183886113 0.14615007142762995
13 0.44575533710288145 0.5771378295486 0.14404355357097226 0.14932961850553053
13 0.38445350798069394 0.627406610798188 0.14404355357097226 0.1493296185055307
8 0.32544087747173556 0.6799782317393508 0.1424446859797918 0.14773984496658024
3 0.5382747178961802 0.3264053981368562 0.14248105357097246 0.14930234496658024
3 0.48004333738722194 0.37896338230854354 0.1424446859797918 0.14773984496658024
3 0.2664464307583675 0.7317686026805132 0.14724128875333342 0.15250916558343128