30 0.14296875 0.7140625 0.0953125 0.0921875
1 0.18203125 0.6796875 0.096875 0.09375
6 0.2203125 0.64375 0.090625 0.0859375
11 0.25859375 0.609375 0.0953125 0.090625
31 0.29921875 0.57265625 0.0875 0.0828125
36 0.3390625 0.5359375 0.0921875 0.0890625
39 0.37734375 0.4984375 0.090625 0.0859375
16 0.4140625 0.46328125 0.090625 0.0859375
16 0.4546875 0.4265625 0.0953125 0.090625
26 0.49375 0.390625 0.0921875 0.0890625
26 0.5328125 0.35390625 0.0921875 0.0890625
26 0.57265625 0.31640625 0.096875 0.09375
19 0.61328125 0.278125 0.09375 0.0890625
19 0.65234375 0.2421875 0.096875 0.09375
19 0.69296875 0.2046875 0.0921875 0.0875