8 0.2320402671875 0.83687693125 0.273650484375 0.8318863656250001 0.2554513921875 0.7823738796875 0.21833438749999998 0.792183771875 0.2320402671875 0.83687693125
22 0.30989300000000003 0.9378907546875 0.3125291765625 0.906392165625 0.25843063437499997 0.8933350328125 0.256050675 0.9250636515625 0.30989300000000003 0.9378907546875
1 0.354991403125 0.9302865718750001 0.3499387125 0.9710229703125 0.395905075 0.9822869390625 0.3984027375 0.93935440625 0.354991403125 0.9302865718750001
38 0.1525945578125 0.8724299078125 0.16461753750000002 0.8792688921874999 0.1756946125 0.8409021671874999 0.1408974734375 0.8264433265625 0.13716182500000001 0.8506442328125001 0.1525945578125 0.8724299078125
3 0.2935055953125 0.8276702921875 0.29331838125 0.865505828125 0.34761101562499996 0.871271615625 0.3519211375 0.832168965625 0.2935055953125 0.8276702921875
39 0.095568809375 0.6161478046875 0.125636428125 0.6411637703124999 0.1582741453125 0.5987356609375001 0.12444145 0.5719157359375 0.095568809375 0.6161478046875
33 0.09791242343749999 0.69981864375 0.132587009375 0.6965754359375 0.12436537343750001 0.6462915859375 0.08968745624999999 0.6505512375 0.09791242343749999 0.69981864375
2 0.4664651078125 0.9777529218750001 0.5011853671875001 0.9580054609375 0.461311021875 0.918841621875 0.425163896875 0.9387344671875001 0.4664651078125 0.9777529218750001
37 0.21840372968750002 0.746538140625 0.23108154218750002 0.7842973109375 0.28170043125 0.77729444375 0.26931043125 0.73971995625 0.21840372968750002 0.746538140625
36 0.5141058484375 0.8930490890625 0.5586141 0.865283621875 0.50607041875 0.8196502390625 0.46266400937499996 0.8491232125 0.5141058484375 0.8930490890625
23 0.2564355734375 0.8893355453125 0.2893750953125 0.87875019375 0.265018625 0.8340427953124999 0.23126452187500002 0.8487969171874999 0.2564355734375 0.8893355453125
31 0.1760313375 0.8027649390624999 0.21047077656250002 0.7971648609375 0.1956440234375 0.749028534375 0.160982846875 0.755862528125 0.1760313375 0.8027649390624999
12 0.12027884062500001 0.816725796875 0.1546148765625 0.825401896875 0.162879590625 0.7832302171875 0.1260441171875 0.7709562546875001 0.12027884062500001 0.816725796875
6 0.172178690625 0.80909215625 0.1797560875 0.8441657921875001 0.22734107812499998 0.84315155 0.22090531093750002 0.8079442515625 0.172178690625 0.80909215625
27 0.31077555 0.948474159375 0.35064580156249997 0.957317265625 0.3538807046875 0.9160608640625 0.3144925375 0.9066612218750001 0.31077555 0.948474159375
27 0.3536054421875 0.8884515890625 0.39693545625 0.8966914234375001 0.4008428796875 0.84923914375 0.3571433609375 0.8421716109374999 0.3536054421875 0.8884515890625
16 0.4164446609375 0.9411502796875 0.4200544828125 0.9033900546875 0.36135259531249997 0.894449865625 0.3576888078125 0.928458634375 0.4164446609375 0.9411502796875
16 0.293867125 0.8668017515625 0.293133946875 0.899665590625 0.3504839015625 0.9114454125 0.35216214375 0.8733915375000001 0.293867125 0.8668017515625
12 0.205267353125 0.9177221843750001 0.2511915953125 0.9311127625 0.2532652359375 0.900197659375 0.20913946718749998 0.8882730875 0.205267353125 0.9177221843750001
12 0.331238346875 0.78080994375 0.3683999 0.7612110765625 0.333827578125 0.7138544546875 0.29977376875 0.7328099671875 0.331238346875 0.78080994375
28 0.0202232609375 0.5678301078125 0.00334753125 0.575391740625 0.0035811984375 0.6155558562500001 0.007387629687499999 0.6275640015625 0.038306276562500005 0.6182473500000001 0.0202232609375 0.5678301078125
28 0.2761625 0.8262608671875 0.3262539703125 0.8147048781249999 0.31234354375 0.777035675 0.26067153125 0.7926433734375 0.2761625 0.8262608671875
41 0.25316497031249996 0.73574123125 0.29951174062499997 0.707267471875 0.27423383281249997 0.6712245015625 0.22790887031249998 0.7020183984374999 0.25316497031249996 0.73574123125
41 0.2611284109375 0.6697711281250001 0.26236183281250003 0.6270598609375 0.20828240468749998 0.6250299640625 0.2074566546875 0.6651958140625001 0.2611284109375 0.6697711281250001
24 0.161443453125 0.75292444375 0.184413784375 0.7305909453125 0.1488883953125 0.69263245 0.127614540625 0.7165292265625001 0.161443453125 0.75292444375
4 0.636367159375 1 0.6199493656249999 0.9741923640625 0.5661801703125 0.988708003125 0.5736584015624999 1 0.636367159375 1
9 0.11340197656249999 0.7619332562500001 0.139515521875 0.7473990515625 0.11091248281249999 0.7067596796875 0.087681965625 0.7224378640625 0.11340197656249999 0.7619332562500001
9 0.4534378859375 1 0.47005990937500003 0.9845545343750001 0.43028925156250003 0.959806025 0.399243534375 0.9907537390625001 0.4143436859375 1 0.4534378859375 1
19 0.2681486796875 0.9480744453125001 0.2676788109375 0.9777732968749999 0.31783604374999996 0.98699643125 0.3164336765625 0.9582785828124999 0.2681486796875 0.9480744453125001
19 0.46568259375 0.9185954828125 0.49377685312499997 0.8884244890625 0.43599255000000003 0.85752165 0.4104644515625 0.8876039609375 0.46568259375 0.9185954828125
21 0.524654771875 0.9661945718749999 0.5667976484375 0.9506709546875 0.520750415625 0.9043064031249999 0.4859926609375 0.921477696875 0.524654771875 0.9661945718749999
21 0.3295782265625 0.6819389421875 0.3633049515625 0.6479642937500001 0.313991865625 0.607584159375 0.28123125312499997 0.6438927734375001 0.3295782265625 0.6819389421875
29 0.33135861875 0.8154175296874999 0.36964454999999996 0.8376954046874999 0.4055058140625 0.7978948328125 0.36206305 0.7734909046875 0.33135861875 0.8154175296874999
29 0.37946588281250004 0.766319875 0.413025771875 0.8009185921875 0.46204772343749995 0.7659756437499999 0.426958478125 0.7311634375 0.37946588281250004 0.766319875
36 0.8152125 0.7943682359375 0.8496464265625001 0.8431515421875 0.96230001875 0.8061421171875001 0.9271749546875 0.751845525 0.8152125 0.7943682359375
36 0.7786540750000001 0.7443670499999999 0.8130879999999999 0.7931503546875 0.9249182671874999 0.7506052999999999 0.889988321875 0.6984063890625001 0.7786540750000001 0.7443670499999999
31 0.741865409375 0.6953857078125 0.776299334375 0.7441690109375 0.8879204046875 0.6980486109374999 0.8520104171874999 0.6459240109375 0.741865409375 0.6953857078125
26 0.7031964515625 0.6437449140625 0.7388727390625001 0.694631053125 0.851042446875 0.6441777265625 0.8148652453125 0.5887808609375 0.7031964515625 0.6437449140625
21 0.6697728453125 0.592142778125 0.7054491328125 0.6430289171875 0.8152944812499999 0.58747215625 0.777960515625 0.533321996875 0.6697728453125 0.592142778125
16 0.6327951203125 0.5408875156249999 0.66728335 0.59228321875 0.7765133375 0.5332861109375 0.7384182859374999 0.47615205781250003 0.6327951203125 0.5408875156249999
11 0.5941830671874999 0.4894245828125 0.6286712984375 0.540820284375 0.7372531796875 0.47468699062499997 0.6989509218750001 0.4194727875 0.5941830671874999 0.4894245828125
6 0.5584075015625001 0.4375821375 0.59289573125 0.48897784062499994 0.6976911640625 0.41919843749999997 0.6617606796875 0.3656281765625 0.5584075015625001 0.4375821375
36 0.5217472843750001 0.3861950515625 0.556235515625 0.4375907546875 0.657811784375 0.3654075015625 0.621275053125 0.310606715625 0.5217472843750001 0.3861950515625
31 0.4844685765625 0.33480749374999996 0.52038535 0.3842057390625 0.6191907703124999 0.30988191718749997 0.582031328125 0.25454599375 0.4844685765625 0.33480749374999996
26 0.4470791921875 0.2831045703125 0.4829959625 0.3325028171875 0.5817059515625 0.2529112046875 0.5440922171875 0.198042721875 0.4470791921875 0.2831045703125
11 0.41297758125 0.22795825781249998 0.4495084828125 0.2793167875 0.5457877156250001 0.1946922703125 0.5077326015625 0.1407200984375 0.41297758125 0.22795825781249998
11 0.3778883546875 0.174831265625 0.4138051265625 0.22422950937500002 0.50746791875 0.13916072031249999 0.46817411093750005 0.08276237812500001 0.3778883546875 0.174831265625
11 0.33910425 0.122935525 0.37831441093749996 0.17201408125 0.46686170000000005 0.08077111718749999 0.42859233750000003 0.0268198875 0.33910425 0.122935525
25 0.4281927859375 0.026538181249999997 0.42363912812500004 0.019731309375 0.34538646562499997 0.0160866328125 0.3036259125 0.06867407343750001 0.340542421875 0.12092086718749999 0.4281927859375 0.026538181249999997