20 0.4921003826676194 0.12839433528200464 0.09590236188449897 0.060110551039618446
40 0.48845657659931907 0.19173478486708614 0.09332366510280768 0.06768625269929238
40 0.4873204114965114 0.25290908320741223 0.09310514381548422 0.06456125269929239
12 0.48384049639370375 0.3139057827924937 0.08954310124083734 0.05807445435896632
12 0.483540211612727 0.37435803071790125 0.08183986188449896 0.05904495850815117
19 0.4824040465099193 0.4355323290582273 0.08162134059717552 0.055919958508151166
19 0.48288501172894255 0.4960437765687164 0.07715236188449896 0.05868976099766208
34 0.4827486179134583 0.554152274494124 0.07671531930985206 0.05243976099766208
34 0.48094046345431235 0.6137048732493685 0.07984031930985207 0.052676559337988135
9 0.48047628770784295 0.6765008711747761 0.07515281930985207 0.052321361827499045
9 0.47955864389235875 0.7345501695151022 0.07816855866619044 0.050995660167825106
4 0.47791438039870543 0.7917590182703467 0.07693384059717552 0.055564760997662076
4 0.47755946529589777 0.8529925161957543 0.0767153193098519 0.052439760997662434
29 0.47284483212407535 0.9091833166106728 0.08027736188449897 0.058926559337988495
29 0.4725445473430986 0.9696355645360801 0.08474634059717552 0.05615675684847723