0 0.9915945077513335 0.33987619400023616 0.01681098449733298 0.11153751785690744
31 0.961865357758392 0.3248648486266188 0.07626928448321593 0.11079322402541765
31 0.9111620970585805 0.3102080592593559 0.08780237884037305 0.11391822402541774
31 0.8523940418110261 0.29481093020051846 0.08458637357870132 0.11230117694751698
21 0.7942252260401279 0.27627516437220584 0.08302387357870131 0.11227390340856669
16 0.7345849155309018 0.25932917208284356 0.08789338410204497 0.11548072402541773
11 0.6773338576525114 0.24312351948505584 0.08458637357870132 0.11230117694751698
19 0.6210460602974648 0.23002923011779294 0.08449536831702939 0.11073867694751698
19 0.5620959945265666 0.21150710105895548 0.08284186305535748 0.10914890340856669
19 0.5025921919098482 0.19690485876959327 0.08127936305535748 0.10912162986961631
21 0.4470856445548016 0.18379693263285515 0.081097352532014 0.1059966298696163
21 0.3888258235222316 0.16369866680454254 0.07962585779368574 0.10753185633066602
26 0.33074801301300527 0.14672540097622996 0.07797235253201391 0.10594208279171564
21 0.27349695513461497 0.1305197483784422 0.07953485253201382 0.10596935633066598
16 0.21555565251789646 0.1158902325501296 0.0764098525320139 0.10591480925276531