4 0.920001519391219 0.49728107541466426 0.15999696121756202 0.16562030298213629
4 0.8639152515818797 0.49863297525637973 0.1710162641334943 0.16722826708875882
4 0.8008387194697042 0.5006979289381611 0.17109815128862388 0.168790767088759
19 0.7368990502023987 0.5011776505666312 0.17109815128862388 0.16879076708875881
19 0.6730412680902231 0.5032198721951013 0.17603131275401313 0.1736146594086268
19 0.6099237924004826 0.5045035758768828 0.16937187697836437 0.16562030298213629
9 0.5450800424004825 0.5026168154520414 0.16937187697836437 0.16562030298213629
9 0.480441010288307 0.5046363050272002 0.17438692559888339 0.17200669530200424
9 0.41572009102100155 0.505093294602359 0.16937187697836437 0.16562030298213629
41 0.35029980890882595 0.5070900521242063 0.17438692559888347 0.17200669530200408
41 0.28471575248639086 0.5059618096460538 0.17438692559888347 0.17200669530200408
3 0.21699266395178013 0.5086716210079671 0.17109815128862396 0.16879076708875881
3 0.15231268826203959 0.5099098605831258 0.17109815128862396 0.16879076708875881
3 0.0977889625722991 0.511443616851332 0.1510313127540132 0.17288723370266404