36 0.90546875 0.596875 0.0578125 0.109375
36 0.8421875 0.596875 0.0578125 0.109375
31 0.7796875 0.596875 0.059375 0.10625
31 0.715625 0.596875 0.0625 0.10625
31 0.65078125 0.59609375 0.0625 0.10625
31 0.58671875 0.5953125 0.0609375 0.10625
26 0.5203125 0.59765625 0.0609375 0.1140625
21 0.45625 0.59765625 0.0625 0.109375
11 0.390625 0.596875 0.065625 0.109375
11 0.3234375 0.59921875 0.0671875 0.1125
11 0.25625 0.59921875 0.065625 0.1125
11 0.1890625 0.59921875 0.0640625 0.1125
6 0.11953125 0.596875 0.0671875 0.1078125
1 0.05 0.59609375 0.0609375 0.115625