5 0.5363847755741358 0.9113261570675475 0.15261825973923263 0.1613663203356502
22 0.5413410568237239 0.851465904992955 0.12877165665497756 0.1361528327832051
22 0.5439672248427871 0.790646804163118 0.12877165665497756 0.13615283278320475
22 0.5349019164008008 0.7273772095570583 0.13195120373287814 0.139514631123531
14 0.5452860373419633 0.6702751045780365 0.12400233603812652 0.13111013527271584
14 0.5487207288999769 0.6079527033332811 0.12400233603812652 0.13111013527271584
14 0.5356809866106147 0.5482933608018138 0.12400233603812652 0.13111013527271603
12 0.5413912443212524 0.4900548083123029 0.12877165665497756 0.13615283278320495
12 0.5455253652624149 0.43247910665262895 0.13195120373287814 0.139514631123531
12 0.5450128965120031 0.37220445748246594 0.1366932508107789 0.14299482863402008
37 0.5492015645310664 0.311503755822792 0.14148984496658024 0.14960002614450918
37 0.5517731854722289 0.25380965499295505 0.13195120373287814 0.139514631123531
37 0.5550987828744411 0.19773725374819956 0.12877165665497756 0.13615283278320495
24 0.5545726773545541 0.13824385457803653 0.13195120373287814 0.139514631123531
24 0.5568851996756885 0.09539350374819955 0.14247960064862308 0.11690592531467217