10 0.76953125 0.36953125 0.0875 0.09375
15 0.72578125 0.39140625 0.0828125 0.090625
30 0.81484375 0.3515625 0.08125 0.0875
20 0.85546875 0.3328125 0.0734375 0.084375
27 0.68359375 0.40859375 0.071875 0.08125
27 0.64140625 0.42890625 0.0765625 0.0875
27 0.59921875 0.4515625 0.0765625 0.0875
34 0.5578125 0.47421875 0.071875 0.08125
34 0.51328125 0.49453125 0.06875 0.078125
34 0.471875 0.51640625 0.0671875 0.075
34 0.42890625 0.53515625 0.071875 0.08125
24 0.384375 0.5578125 0.0734375 0.084375
24 0.33828125 0.57890625 0.084375 0.09375
24 0.29296875 0.60078125 0.071875 0.08125
32 0.2484375 0.62578125 0.084375 0.0921875
32 0.2015625 0.64609375 0.0890625 0.09375
40 0.15390625 0.6671875 0.0890625 0.0953125
40 0.10703125 0.690625 0.0921875 0.096875
40 0.05859375 0.7109375 0.090625 0.096875