36 0.05733006388566697 0.53671875 0.11466012777133394 0.1421875
36 0.10060759385013603 0.51015625 0.14824050542706693 0.1453125
36 0.16067531264247153 0.48203125 0.14824050542706696 0.1453125
31 0.21996178143480707 0.45390625 0.14996677973732647 0.1484375
31 0.2791663630720128 0.42734375 0.1515292797373265 0.1484375
31 0.3399743882867835 0.4 0.15161116689245616 0.15
26 0.3999602199239893 0.3734375 0.1499667797373264 0.1484375
26 0.46002793871632475 0.3453125 0.1548180540475858 0.1515625
16 0.5192325203535306 0.31875 0.153255554047586 0.1515625
16 0.5793002391458661 0.290625 0.153255554047586 0.1515625
16 0.6401082643606368 0.26328125 0.15975121551297528 0.15625
6 0.7025197331529723 0.23515625 0.15317366689245623 0.15
6 0.7641499519453079 0.20703125 0.15810682835784534 0.1546875
6 0.8256982835825136 0.18046875 0.15489994120271575 0.153125