39 0.54765625 0.9078125 0.1796875 0.13125
36 0.5171875 0.81953125 0.1796875 0.1359375
36 0.46328125 0.6375 0.18125 0.1359375
31 0.490625 0.72890625 0.184375 0.1390625
31 0.43359375 0.546875 0.18125 0.1375
31 0.3765625 0.365625 0.1796875 0.1359375
26 0.40546875 0.4578125 0.1796875 0.134375
26 0.346875 0.2734375 0.184375 0.140625
21 0.31875 0.18203125 0.18125 0.140625
11 0.6421875 0.6953125 0.1765625 0.134375
11 0.6140625 0.6046875 0.1765625 0.134375
11 0.58515625 0.5171875 0.1765625 0.1328125
6 0.55859375 0.4265625 0.178125 0.1359375
6 0.5296875 0.3359375 0.18125 0.1375