35 0.8279872930195132 0.2876406845768419 0.09794941818411544 0.09840529121570665
25 0.7907767980340783 0.3284571321512476 0.08186977711788863 0.08150483363936126
5 0.7623191774218225 0.3645063313926432 0.08347774122451135 0.08319487939699588
0 0.7300462350228122 0.3971116662399525 0.0883016335443795 0.08826501666989942
26 0.7023698644105565 0.4332246383601654 0.07860838479802049 0.07656224212409217
26 0.6723724758516122 0.46836504184392647 0.08186977711788863 0.08150483363936126
26 0.6408580513992905 0.501815399570053 0.08191524122451135 0.08306733363936125
26 0.6109061269469688 0.5353933030538142 0.07865384890464319 0.07812474212409218
9 0.4935331073509275 0.6667712356253104 0.08186977711788863 0.08150483363936126
9 0.46199595084529455 0.7010028433514369 0.08191524122451135 0.08306733363936125
9 0.43204402639297285 0.734580746835198 0.07709134890464338 0.07799719636645772
17 0.5250475318032493 0.6333208778991837 0.07543792069139812 0.0747446506088231
17 0.5533460280423255 0.6027404286577881 0.07382995658477523 0.07305460485118864
17 0.5810223986545813 0.5666274565375753 0.07222199247815268 0.07136455909355419
40 0.40291881604727386 0.7666599231977763 0.08030727711788863 0.0813772878817268
40 0.3729441595416409 0.8010190766815375 0.08186977711788863 0.08150483363936126
34 0.3437507530360079 0.8354420030441159 0.07543792069139794 0.0747446506088231
34 0.31386702474362027 0.8666761565278769 0.07865384890464337 0.07812474212409234
34 0.2847190823446099 0.8995365828904553 0.07382995658477531 0.07305460485118828