26 0.6484375 0.04504531640618263 0.0796875 0.0718287683452643
26 0.62265625 0.10826565322376816 0.08125 0.07035727360693614
36 0.59765625 0.16987798741051774 0.08125 0.07035727360693618
16 0.571875 0.23231707422810324 0.0765625 0.06695925782192065
16 0.5421875 0.30201492419986836 0.0859375 0.07375528939195171
6 0.51953125 0.35567825049411017 0.0859375 0.07375528939195171
36 0.49765625 0.4069523241575161 0.08125 0.06879477360693613
31 0.47265625 0.4709084083442656 0.0796875 0.0702662683452644
6 0.45 0.5276967346385074 0.078125 0.0654877630835923
1 0.42109375 0.5934428319794367 0.0765625 0.06695925782192055
26 0.39453125 0.660614921427858 0.084375 0.07366428413027996
1 0.3625 0.7304492792921311 0.0859375 0.0721927893919517
21 0.3390625 0.7997831082172088 0.0796875 0.06714126834526439
36 0.30546875 0.8775209713431537 0.0796875 0.06714126834526439