35 0.83046875 0.19375 0.1078125 0.1140625
39 0.12421875 0.64609375 0.096875 0.103125
39 0.1734375 0.59921875 0.0953125 0.1
39 0.2234375 0.55703125 0.0890625 0.0953125
4 0.26875 0.5125 0.09375 0.1
4 0.31875 0.4703125 0.0953125 0.1015625
14 0.3671875 0.43125 0.09375 0.0984375
14 0.41484375 0.3890625 0.090625 0.096875
34 0.4625 0.34765625 0.084375 0.090625
34 0.5125 0.30546875 0.084375 0.090625
19 0.559375 0.26640625 0.078125 0.084375
19 0.6078125 0.228125 0.0796875 0.084375
19 0.65703125 0.18359375 0.08125 0.0890625
1 0.70078125 0.13828125 0.09375 0.1