39 0.11486075118713424 0.44933530393940346 0.15615437476889077 0.16929721950581325
39 0.17368182172024763 0.4527078350582901 0.15289298244902275 0.16437292116548718
1 0.23714492814673838 0.45416266866668753 0.14329066191590928 0.15585002614450919
1 0.29996317689309715 0.4603642018601666 0.14485316191590938 0.1559684253146722
1 0.36027855126627656 0.4612745838088902 0.1528929824490227 0.16437292116548735
31 0.42211096153283323 0.46050406658745074 0.16419419530200408 0.1777017153566284
26 0.48954851411925804 0.4640066522704407 0.1658021594086268 0.17938261452679144
21 0.5514718525990601 0.46636113504900123 0.16258623119538135 0.17602081618646537
11 0.6173923692921075 0.47154461990215424 0.16258623119538154 0.17602081618646537
6 0.6855202436652869 0.47186300600006276 0.16419419530200408 0.1777017153566284
1 0.7515089565182682 0.4793902408532157 0.160978267088759 0.17433991701630233
39 0.8187873847315137 0.4774240765362057 0.16419419530200408 0.1777017153566284
36 0.8885459552646271 0.4799678134639511 0.17223401583511766 0.18610621120744356
31 0.9356804018867795 0.48195544333808227 0.12863919622644104 0.18421182448483506