39 0.786074664596746 0.47025932813525184 0.1342766083532208 0.1707820266917457
36 0.7055866439185815 0.4498248113293378 0.1324957845319034 0.1660308596955513
31 0.62122876054397 0.43001237703293793 0.13264133374611511 0.1691558596955513
31 0.5392146271693585 0.41029544323082956 0.13107883374611512 0.16909219269935694
26 0.45638285649119403 0.38976542593062397 0.13122438296032685 0.17221719269935692
21 0.3750771985094767 0.3685178256266129 0.13115160835322098 0.17065469269935693
26 0.28986529052775933 0.34711105783211577 0.13442215756743262 0.17390702669174568
21 0.20458060793893612 0.32414179003761856 0.131078833746115 0.16909219269935694
16 0.1194050872607717 0.3035162722431214 0.13264133374611503 0.1691558596955513
11 0.6181487640586267 0.5647866250557716 0.1324957845319034 0.1660308596955513
11 0.5369158806840151 0.5451015247517603 0.13100605913900906 0.16752969269935694
11 0.45564661000585077 0.5246351744477493 0.12937078453190337 0.16590352570316255
1 0.3736324766312392 0.504918240645641 0.1342766083532209 0.1707820266917457
1 0.29232681864952187 0.4836706403416297 0.13264133374611503 0.1691558596955513