15 0.4710688248806222 0.9238231394016332 0.162376003628197 0.0877919960216353
28 0.4600519685273527 0.858824848066497 0.1653918762235353 0.08470335868872639
23 0.4481447347694215 0.796942466064588 0.16555556733052795 0.08939085868872639
18 0.43941706471382125 0.7335339467297699 0.1623760036281972 0.0877919960216353
41 0.4259746128070555 0.6708521333943154 0.16717263103285873 0.09097154002227156
38 0.41412194275145514 0.6074072513924064 0.17029763103285872 0.09100790268936265
33 0.40065220899352383 0.5455066880569519 0.16711806733052798 0.08940904002227175
38 0.3910887252355927 0.48365157805536113 0.16717263103285873 0.09097154002227156
33 0.37923605517999237 0.4202066960534522 0.1622668762235353 0.0846669960216353
28 0.3703719758685649 0.360704426718634 0.16550100362819703 0.08782835868872621
23 0.3592187102594683 0.29961238538349766 0.1607043762235354 0.08464881468808994
23 0.3481472902038679 0.23617659404836142 0.16221231252120444 0.08310449602163539
34 0.34162696089244043 0.1767015967138615 0.15412699400955027 0.07520108935390812
34 0.3226884771345092 0.11473739871099795 0.15585318511654284 0.07990677068745358
34 0.3170039615254126 0.053708992043270745 0.1621577488188736 0.08154199602163537