25 0.056840589840870884 0.4055589333078167 0.11368117968174177 0.12821252471457925
3 0.7167022728768073 0.33867640570185 0.11422602698730663 0.1183918557412186
33 0.21770776198104405 0.3935576349044223 0.11255426634364492 0.11676568874502422
38 0.273613554555691 0.38956781326932316 0.12570983020561535 0.12665002471457942
41 0.3307376397049849 0.37935982513232125 0.11756954827463009 0.12164418973360744
28 0.49325941903808 0.3632612757403436 0.1259283514929388 0.1297750247145794
18 0.38497167163597007 0.3768688365010278 0.11433528763096837 0.1199543557412186
18 0.6070705467620208 0.34909529946633977 0.11099176634364483 0.11670202174882985
23 0.44271311581977135 0.36903643186212304 0.11422602698730663 0.1183918557412186
23 0.660960371267653 0.3403224773369491 0.12091306956195354 0.1248965237259961
8 0.7732089989915938 0.3260928340667509 0.11935056956195353 0.12483285672980182
18 0.11052904650991931 0.4025095291632036 0.12927187278026228 0.1330273587069682
18 0.16659873005005885 0.3961759575281046 0.12080380891829186 0.12333402372599611
13 0.5500557222563887 0.3577407876033417 0.1243658514929388 0.12971135771838496
13 0.8284974325317332 0.3197274289335546 0.12269409084927715 0.12808519072219057