25 0.6091045638691959 0.04706820800643073 0.08628449247815269 0.07152507475773369
30 0.5866923547771381 0.09385572669586416 0.08637542069139795 0.07465007475773369
39 0.5618000033652123 0.14549463635079019 0.08485838479802066 0.07610331411407194
39 0.5432485801665319 0.19357150343106927 0.0894549565847754 0.07330609604505715
39 0.5238022467012947 0.24560925083317922 0.08793792069139794 0.07475933540139543
39 0.49730193118274624 0.298919921131767 0.08490384890464338 0.07766581411407199
18 0.4724550438774431 0.348996330786693 0.08637542069139811 0.0746500747577337
18 0.44593199630558333 0.40308825108528074 0.08315949247815269 0.07130655347041034
18 0.4233833948936575 0.4545632697747141 0.08642088479802065 0.07621257475773362
13 0.399871687055241 0.5123429187859785 0.08655727711788871 0.08090007475773361
13 0.37486567537675847 0.5678880784409046 0.09602320533113406 0.08468063861970414
13 0.34979146753834195 0.6257769880958305 0.09133570533113407 0.08435285668871888
23 0.3207882776466141 0.6847202993599109 0.09450616943775678 0.08613387797604233
23 0.2948646236482636 0.7450075893366679 0.08977320533113406 0.08424359604505724
23 0.26661995170322433 0.8046775202789173 0.09620506175762475 0.09093063861970414
33 0.23669911949162845 0.8683629618648286 0.09625052586424747 0.09249313861970379
33 0.21231523343996658 0.9293222411979236 0.092761813011266 0.07977461733238052