25 0.090625 0.4140625 0.0875 0.1140625
35 0.17421875 0.42265625 0.0796875 0.1171875
40 0.6625 0.4546875 0.071875 0.10625
40 0.58359375 0.45078125 0.071875 0.1046875
40 0.49921875 0.4421875 0.0671875 0.1
34 0.5671875 0.62578125 0.0625 0.1140625
34 0.4796875 0.6234375 0.0703125 0.1140625
33 0.39140625 0.61484375 0.0640625 0.1203125
33 0.29765625 0.61015625 0.0671875 0.121875
33 0.20703125 0.6015625 0.0671875 0.121875
23 0.9015625 0.475 0.0734375 0.10625
23 0.8203125 0.46953125 0.0703125 0.109375
23 0.73984375 0.46328125 0.071875 0.103125
8 0.41640625 0.43984375 0.05 0.1078125
8 0.33515625 0.43359375 0.0546875 0.1125
8 0.2546875 0.425 0.05625 0.1125