29 0.2749214121085749 0.35707943454854574 0.09308006242753404 0.09350933540139543
29 0.3195803368041633 0.39713063418022865 0.08982751666989941 0.09172831411407198
29 0.3624216699844827 0.4401975731682498 0.0913900166698994 0.09183757475773362
23 0.18546004150557077 0.2691099049633491 0.10140274545807211 0.10030563861970414
23 0.23364257892825555 0.3141217562041863 0.10127519970043757 0.09874313861970414
33 0.403620754831792 0.4745068711907784 0.08982751666989941 0.09172831411407198
33 0.44515467952738036 0.5143395495351378 0.08969997091226496 0.09016581411407198
33 0.48628999149587243 0.5494300975576664 0.0880099251546305 0.08849405347041035
33 0.5248902348279125 0.5867005046147025 0.08475737939699571 0.08671303218308672
36 0.5612742739175873 0.6222445207062458 0.0829397878817268 0.08347877153942491
36 0.5991570401284448 0.6586790474414509 0.08462983363936125 0.08515053218308673
36 0.6364498749757541 0.6927151938548252 0.0813772878817268 0.08336951089576328
37 0.669182755580698 0.7248610583372141 0.0813772878817268 0.08336951089576328
37 0.7056943404280073 0.7588425744287575 0.08644742515463033 0.08838479282674853
37 0.7401172667905856 0.7895351995548083 0.08800992515463033 0.08849405347041035
30 0.7757838287590777 0.8242433353245208 0.0813772878817268 0.08336951089576346