33 0.95 0.59453125 0.0453125 0.0828125
33 0.89140625 0.59765625 0.0484375 0.0890625
33 0.83203125 0.59921875 0.046875 0.0890625
26 0.77421875 0.6015625 0.046875 0.090625
26 0.71640625 0.6015625 0.05 0.09375
24 0.6609375 0.60390625 0.05 0.096875
24 0.6046875 0.60390625 0.046875 0.096875
24 0.546875 0.6046875 0.0515625 0.09375
29 0.4921875 0.60390625 0.053125 0.0953125
29 0.4359375 0.60546875 0.053125 0.09375
29 0.38125 0.60546875 0.053125 0.0921875
6 0.3265625 0.60625 0.053125 0.0953125
6 0.26953125 0.60859375 0.0546875 0.09375
6 0.21484375 0.6078125 0.053125 0.0953125
6 0.16015625 0.6078125 0.0546875 0.090625
35 0.103125 0.6078125 0.05625 0.090625
10 0.04765625 0.6109375 0.0453125 0.0890625