18 0.12673243110415577 0.4986506025575238 0.0566742052052021 0.061246572208706954
28 0.18559919688917134 0.5029972140920382 0.0601632262518895 0.06751475292686634
21 0.25287770215084315 0.5041688286516146 0.05133425782192056 0.0768352107723885
11 0.317031207412515 0.5053586239293504 0.052714747298576906 0.07371930113146821
19 0.3796677153050228 0.5073387595661656 0.0445382262518895 0.06742384933607007
14 0.45067046004335093 0.505362648228043 0.04931673151356133 0.06901362041330898
9 0.5180854731975305 0.5088780127876195 0.04931673151356151 0.06901362041330898
4 0.5876622258283665 0.5092547418085764 0.055657736775233245 0.07061248184962743
9 0.6558129863517103 0.5119843111886132 0.06365224729857707 0.07378293364502539
19 0.7276879863517103 0.5115661546709507 0.061907736775233244 0.07064884328594587
24 0.7990547521367257 0.5158400433328281 0.07026626834526421 0.08006929508134383
24 0.8702850100292334 0.5177701819947055 0.07008425782192092 0.07694429508134384
29 0.9399527679217414 0.5197094110156625 0.05529371572854558 0.06436248184962742