33 0.5182036794636758 0.9365408899941492 0.0913340720082724 0.06515842721213971
33 0.5316025607892672 0.8788546685301967 0.0976204346753633 0.06857452564056317
33 0.5442020107813128 0.8196423343697967 0.09760225334181775 0.06701202564056316
26 0.556828732773677 0.762773750209397 0.0991829346753633 0.06864730024766903
26 0.567111704766041 0.7060143279596559 0.10234429734245402 0.07191784946188058
24 0.578984448758723 0.6515258811028091 0.10546929734245403 0.07206339867609249
24 0.5892765114178597 0.5955477088530682 0.1054329346753633 0.0689383986760923
24 0.600331642743451 0.5379706492997742 0.10236247867599957 0.07348034946188076
29 0.6090884774029058 0.48440900165713907 0.10394316000954511 0.07511562406898661
29 0.6209430400620427 0.4283580548002922 0.10238066000954511 0.07504284946188075
29 0.6312623747214975 0.37472363255055113 0.1008181600095451 0.07497007485477489
6 0.6415726187141797 0.3203079603008102 0.10394316000954511 0.07511562406898661
6 0.6542084313733163 0.26422062614041036 0.10396134134309029 0.07667812406898662
6 0.6629561753659985 0.20987772849777525 0.10394316000954511 0.07511562406898661
6 0.6724851693586806 0.1554984435515872 0.1008181600095451 0.07497007485477489
35 0.6827772320178174 0.09952027130184618 0.10083634134309047 0.07653257485477485
10 0.6962124760104995 0.04495904983789346 0.0960215720082724 0.06537675103345729