30 0.8873589280712695 0.5403822759679917 0.055705654678545005 0.08845457386326175
1 0.8366140407383604 0.5426208859521057 0.05576019867918127 0.09314207386326193
6 0.7866958567393147 0.5487793827056948 0.051018154678545 0.08837275324641088
11 0.7367413100731784 0.5518128794592839 0.054143154678545004 0.08842730032431163
31 0.6836799447405875 0.5563543291349724 0.05094542934436319 0.08212275324641087
36 0.6329532387412238 0.5601554391190863 0.055669292011453916 0.08532957386326175
39 0.5806913047421783 0.5662730255642499 0.05254429201145392 0.08527502678536117
16 0.5315543707431328 0.5724451590873143 0.05408861067790856 0.08373980032431164
16 0.47926516474376923 0.5762189955324779 0.055669292011453916 0.08532957386326193
26 0.4277662994111783 0.5807877187471167 0.057213610677908554 0.08379434740221221
26 0.37627652474536005 0.5861376919617554 0.05565111067790855 0.08376707386326174
26 0.3232242500795418 0.5914603916374439 0.06039315467854491 0.08853639448011279
19 0.27094413474695084 0.5960154780826075 0.05875792934436319 0.08225912094116268
19 0.21945436008113264 0.6013654512972463 0.06037497334499946 0.08697389448011297
19 0.16561174474854168 0.6058932642034595 0.0571954293443631 0.0822318474022122