5 0.11015625 0.52421875 0.05 0.0921875
9 0.1703125 0.5234375 0.0484375 0.0859375
9 0.2296875 0.5234375 0.0453125 0.0875
9 0.28828125 0.5234375 0.0453125 0.084375
14 0.34921875 0.5203125 0.046875 0.084375
14 0.40859375 0.5203125 0.04375 0.078125
6 0.4671875 0.51953125 0.0484375 0.0859375
11 0.525 0.51796875 0.05 0.0828125
16 0.5828125 0.51953125 0.05 0.0875
21 0.6421875 0.5171875 0.0515625 0.0828125
26 0.70078125 0.5171875 0.05 0.0859375
31 0.76015625 0.515625 0.0484375 0.084375
31 0.8171875 0.51484375 0.0453125 0.08125
36 0.87578125 0.5125 0.05 0.08125
39 0.93359375 0.5140625 0.0515625 0.0828125