38 0.44084084746818064 0.38364290330380096 0.11394739258219673 0.15368380937615383
38 0.363954120873929 0.40959293646179307 0.11707239258219664 0.15388406847545255
38 0.28858895070211243 0.4362240900701358 0.11863489258219673 0.15398419802510172
28 0.7683583378572422 0.4039218183277942 0.11033106965141819 0.14410855027685515
28 0.6953778612629906 0.429621527611663 0.1120573439616777 0.1473336798265045
28 0.620793941091174 0.45620261644518106 0.11370173111680729 0.14899630937615385
13 0.5455516016520521 0.4804900200535238 0.11222111827193722 0.1504586798265045
13 0.4724892379026707 0.5077522293373926 0.11370173111680745 0.14899630937615385
13 0.39872751130841905 0.5335020033960861 0.11690861827193721 0.15075906847545256
13 0.3234032847141674 0.5593519070044287 0.11542800542706697 0.1522214389258032
8 0.24795622738722117 0.5875455606127715 0.11370173111680745 0.14899630937615385
3 0.5892683813893786 0.32974954041158944 0.11386550542706679 0.15212130937615384
3 0.5153428804848674 0.35862431447028287 0.11378361827193721 0.15055880937615385
3 0.17333136363783974 0.6149078994462895 0.11863489258219673 0.1539841980251019