0 0.9421875 0.28828125 0.09375 0.0984375
31 0.91953125 0.33828125 0.11875 0.1
31 0.88671875 0.38671875 0.11875 0.1
31 0.853125 0.4375 0.115625 0.096875
21 0.821875 0.4890625 0.115625 0.096875
16 0.78828125 0.54140625 0.1203125 0.1
11 0.75625 0.59140625 0.1171875 0.0984375
19 0.7234375 0.6390625 0.115625 0.096875
19 0.69140625 0.69140625 0.1140625 0.0953125
19 0.65625 0.7421875 0.1140625 0.0921875
21 0.6234375 0.7890625 0.1109375 0.09375
21 0.59296875 0.84296875 0.1125 0.0921875
26 0.5609375 0.89375 0.109375 0.0890625
21 0.52890625 0.94375 0.1109375 0.090625
16 0.4953125 0.97421875 0.1078125 0.0515625