37 0.11484375 0.72109375 0.11875 0.115625
37 0.15625 0.6734375 0.115625 0.1125
37 0.196875 0.62421875 0.1203125 0.1171875
27 0.23984375 0.57421875 0.1203125 0.1171875
27 0.28203125 0.5234375 0.11875 0.115625
22 0.32578125 0.47421875 0.121875 0.11875
22 0.36796875 0.42421875 0.121875 0.11875
22 0.409375 0.37265625 0.125 0.1203125
17 0.45234375 0.321875 0.125 0.1203125
12 0.4953125 0.27265625 0.128125 0.121875
7 0.53828125 0.2203125 0.128125 0.1234375
12 0.58203125 0.16953125 0.1265625 0.121875
7 0.6265625 0.11796875 0.128125 0.1234375
2 0.6703125 0.0671875 0.1234375 0.11875