11 0.2184557970141224 0.24725461863463782 0.16408391535490924 0.13617495202099902
11 0.2515525202789173 0.28746144796309264 0.16408391535490924 0.13617495202099902
16 0.2829774829000504 0.32924895862509285 0.16731817599857096 0.13777381468808994
21 0.31691008648667623 0.36866544728677486 0.1706616972858944 0.14093517735518085
26 0.34849894007330195 0.40810920794877503 0.1706616972858944 0.14093517735518085
31 0.3792519133380968 0.44834330927754806 0.16742743664223267 0.13933631468808994
36 0.40927826692472263 0.4878052512730937 0.16408391535490913 0.13617495202099902
39 0.4418122614768409 0.5248961712683211 0.16742743664223275 0.13933631468808994
29 0.4718386150634667 0.5643581132638669 0.16742743664223275 0.13933631468808994
29 0.5020288596155851 0.6014763052594125 0.1607403940675857 0.1330135893539081
29 0.5313285935240417 0.6401660879217308 0.16419317599857094 0.13773745202099902
9 0.5605736971106674 0.6796371205840492 0.1607403940675857 0.1330135893539081
9 0.5899826916627858 0.7167644032463676 0.1623028940675857 0.13303177068745367
9 0.6201729362149042 0.7538825952419133 0.1624121547112475 0.1345942706874535
30 0.6511444307670226 0.7909916965706862 0.1572876121366006 0.1282897266868172
15 0.6782643056409718 0.8273650012333228 0.16241215471124731 0.1345942706874535
10 0.7054388108367519 0.8629570558959594 0.15728761213660042 0.1282897266868172