26 0.8306797252482395 0.5820124379108218 0.057425180836358794 0.0716516015172088
26 0.7825141392786844 0.5906222923029685 0.04954901384016441 0.06945137272903601
26 0.7346032212939069 0.5929821466951151 0.05599001482874755 0.07464905575957417
23 0.6845713877958097 0.5896819324508099 0.05592634783255335 0.07308655575957416
23 0.6374098863129349 0.5928868097217739 0.052610346843970035 0.06814396424430509
23 0.5871870518262545 0.5942740954774688 0.0623036818249421 0.07672173879011232
33 0.5384312168452826 0.5981326769907982 0.0560536818249421 0.07621155575957417
33 0.4849560483662135 0.602389871231224 0.0623036818249421 0.07672173879011232
28 0.43637662692139473 0.6211559756233707 0.05755251482874755 0.07477660151720862
28 0.38661670745374244 0.6304195342578828 0.05599001482874764 0.07464905575957417
28 0.3345130379860901 0.6394917742559432 0.060741181824942016 0.07659419303247787
28 0.2816917855146322 0.6469377413751862 0.05748884783255326 0.0732141015172088
29 0.17380103106600792 0.6592946069772205 0.0537271778706093 0.05733401000193972
29 0.122223943613578 0.6746806198540981 0.0507295118629981 0.060203918486670636
29 0.06128644361357801 0.6697063353063513 0.05567167984777566 0.06683655575957417