33 0.06159492867294121 0.716219221505869 0.12318985734588242 0.12858974672063966
33 0.10039390500184395 0.6840961182719372 0.14102312307124434 0.13508540818602874
33 0.147128005094129 0.6520549021931351 0.14102312307124434 0.13508540818602893
26 0.19234966996123876 0.6191505489592033 0.14268575262089364 0.13672979534115867
26 0.23966476095422515 0.5902752764579662 0.15089877081949093 0.1433892311168073
24 0.2832237962716856 0.5588515360689045 0.15422402991878953 0.14667800542706697
24 0.3281450724898473 0.5306346828349727 0.15089877081949102 0.14338923111680746
24 0.3748291078073077 0.49937471675617057 0.15089877081949093 0.1433892311168073
29 0.41891906925064487 0.47189816994467393 0.15598678901808824 0.14988489258219673
29 0.46315922501845586 0.44207787313317726 0.15266152991878953 0.14659611827193722
29 0.5073493160114424 0.4130388263216805 0.15109902991878954 0.14651423111680745
6 0.5507581570044288 0.3839588359326189 0.15598678901808824 0.14988489258219673
6 0.5958296275470645 0.35339823269868714 0.15266152991878953 0.14659611827193722
6 0.6407509037652263 0.3251813794647552 0.15266152991878953 0.14659611827193722
6 0.684109679983388 0.2968826390756937 0.14933627081949102 0.1433073439616777
35 0.7298122062015497 0.2687067294193268 0.1527616594684389 0.14815861827193721
10 0.7734213062938349 0.2365017390302652 0.13759773442229636 0.1302341338757694