39 0.80078125 0.590625 0.08125 0.1375
36 0.72109375 0.58984375 0.08125 0.1359375
31 0.6390625 0.5890625 0.0796875 0.1375
31 0.5578125 0.58671875 0.078125 0.1375
26 0.47734375 0.5875 0.0796875 0.140625
21 0.396875 0.5875 0.0796875 0.1390625
26 0.31328125 0.58671875 0.08125 0.140625
21 0.23046875 0.58828125 0.078125 0.1375
16 0.14609375 0.5875 0.0796875 0.1375
11 0.6375 0.44921875 0.08125 0.1359375
11 0.5578125 0.4484375 0.078125 0.1359375
11 0.478125 0.44765625 0.0765625 0.1359375
1 0.3984375 0.446875 0.08125 0.1375
1 0.31796875 0.446875 0.0796875 0.1375