29 0.7640625 0.4671875 0.05 0.0640625
29 0.70390625 0.4671875 0.046875 0.0640625
29 0.64375 0.4640625 0.05 0.0625
23 0.88828125 0.47265625 0.05625 0.0671875
23 0.82421875 0.471875 0.05625 0.065625
33 0.5890625 0.465625 0.0484375 0.0625
33 0.5328125 0.46328125 0.0484375 0.0625
33 0.47890625 0.46484375 0.0453125 0.0625
33 0.425 0.4625 0.0421875 0.0625
36 0.37421875 0.46015625 0.04375 0.0578125
36 0.321875 0.45859375 0.04375 0.0609375
36 0.271875 0.4578125 0.0390625 0.0625
37 0.22578125 0.45625 0.040625 0.059375
37 0.17578125 0.4546875 0.0453125 0.0625
37 0.1296875 0.45546875 0.0453125 0.0625
30 0.08046875 0.453125 0.0359375 0.0625