25 0.18593530805478398 0.6577416581860289 0.10006338606495561 0.1203744549975255
19 0.2429347360843523 0.6412811765033946 0.0998082945496865 0.11724945499752568
19 0.3010342785080069 0.6287678883983252 0.0951207945496865 0.11700379353213641
19 0.35919759381047883 0.6170358502932558 0.0966832945496865 0.11708568068726599
14 0.41579840911295085 0.6052219250330566 0.09148561151914833 0.1105900192218769
14 0.47324424729423986 0.5942301933504222 0.09461061151914833 0.11075379353213641
14 0.5275650854755292 0.5830746873575284 0.08498052000387926 0.10713747060135788
9 0.5809133550203665 0.5695344877870697 0.08810552000387925 0.10730124491161738
9 0.6367329203228385 0.5576796189493057 0.08823306576151388 0.10886374491161739
9 0.6900811898676757 0.544139419378847 0.08848815727678297 0.1119887449116174
34 0.7428395280489649 0.5329020262308235 0.08667056576151388 0.10878185775648763
34 0.7986590933514369 0.5210471573930594 0.08667056576151388 0.10878185775648745
34 0.8513536586539088 0.5090285142450359 0.08160042848861018 0.10384869629109836
29 0.9073007697140152 0.4987361454072718 0.0744576081851683 0.09258364767057933
29 0.957253810386091 0.4874578086816833 0.08549237922781786 0.10582063206674715