24 0.45240231645317036 0.10047147501237197 0.11137383723582168 0.08081398801421238
24 0.46220404244906527 0.16087670850402858 0.10980224687674216 0.07916960085908267
24 0.4735637232654204 0.22198130484055545 0.11293633723582168 0.08089587516934209
14 0.48648590408177556 0.2830040140219525 0.1129454275949012 0.0824583751693421
14 0.49864047043674997 0.34172391678091457 0.11137383723582168 0.08081398801421233
14 0.5092143560735654 0.40365070669500625 0.11293633723582168 0.08089587516934209
37 0.5213689224285398 0.4623706094539683 0.11137383723582168 0.08081398801421251
37 0.5319518984244347 0.5227348993680601 0.11136474687674217 0.07925148801421251
37 0.5448877147794093 0.581413858549457 0.1113920179539809 0.08393898801421233
32 0.5554616004162246 0.6433406484635489 0.1129545179539809 0.08402087516934209
27 0.5660400312325796 0.7044861883776405 0.1129454275949012 0.0824583751693421
7 0.5766230072284746 0.7648504782917322 0.11450792759490121 0.08254026232447202
7 0.5887639380448297 0.8259141310506942 0.10981133723582168 0.08073210085908258
7 0.599337823681645 0.887840920964786 0.10823065651766246 0.077525213703953