39 0.8415198191511106 0.7449560481662337 0.11362870174736131 0.12143898801421234
36 0.7971165089306245 0.703518820667471 0.11206620174736112 0.12135710085908258
31 0.7519501325057286 0.6612593995911433 0.11526393692972228 0.12464587516934209
26 0.7075831898764232 0.6182596720923804 0.11526393692972228 0.12464587516934209
21 0.6616719310427079 0.574396807438488 0.11526393692972228 0.12464587516934209
16 0.615724304617812 0.5320964427845954 0.11686280452090295 0.12629026232447202
16 0.5705942957840968 0.4882745217082677 0.11686280452090295 0.12629026232447185
11 0.5246830369503817 0.4444116570543752 0.11682643692972228 0.12472776232447202
6 0.4779723443210761 0.40128909882291774 0.11842530452090294 0.1263721494796016
6 0.4336417692829511 0.35672687132415487 0.12006053970326391 0.12957903663473136
6 0.3862043780404164 0.3112196195151326 0.12162303970326391 0.1296609237898611
11 0.3387488030022915 0.26649361770611024 0.12165940729444458 0.13122342378986113
6 0.29053016175975677 0.22094542231952313 0.12322190729444457 0.13130531094499087
1 0.24229333672163184 0.17617847693293592 0.11846167211208343 0.12793464947960165