41 0.2006974735353765 0.7480555872007938 0.17086907981717356 0.1853621250424089
41 0.2755005744449993 0.7044990493591786 0.17086907981717356 0.18536212504240906
41 0.35335590074751627 0.6626141389222251 0.17243157981717366 0.18541668874473985
38 0.4320652516571391 0.6191940103364371 0.1741396290313853 0.18859625244707062
33 0.5091757152632089 0.5765005680483182 0.17741017824559718 0.1918303798517325
28 0.5855413161728318 0.5329985939090338 0.17741017824559702 0.1918303798517325
28 0.6641778924753486 0.49114096532324575 0.18224322745980875 0.195119070958725
28 0.7437412679920773 0.4461856185886231 0.178972678245597 0.19188494355406327
28 0.8232318689017001 0.4027927718540004 0.18380572745980855 0.19517363466105592
3 0.28688549235151417 0.5272644267638403 0.17243157981717355 0.18541668874473985
3 0.363214705957584 0.484543702624556 0.17243157981717355 0.18541668874473985
23 0.4395075322601009 0.44260422848527164 0.17406685442427944 0.1870337524470706
18 0.5166543831697237 0.39912953619715275 0.17243157981717355 0.18541668874473985
13 0.5923115086864523 0.3540377802067029 0.17562935442427943 0.18708831614940155