40 0.18671875 0.6799925479100143 0.1140625 0.13347609621281223
37 0.24609375 0.6623692315550398 0.1140625 0.13347609621281223
32 0.30546875 0.6463084152000652 0.1171875 0.13661927693097126
40 0.365625 0.6318146440246306 0.11875 0.13975336729005097
37 0.42421875 0.6141867824901162 0.1203125 0.14288745764913066
32 0.484375 0.5965680113146815 0.11875 0.13975336729005078
22 0.54375 0.578163444959707 0.11875 0.13819086729005078
22 0.60390625 0.5628884237842723 0.1203125 0.14132495764913067
17 0.6640625 0.5460509026088375 0.121875 0.1413340480082102
12 0.725 0.5292179266129426 0.121875 0.1413340480082102
7 0.7875 0.5123940409761273 0.1234375 0.1413431383672897
2 0.84921875 0.49478436015977223 0.125 0.14603972872636942
2 0.91015625 0.47717013416387727 0.1203125 0.13819995764913068
2 0.95703125 0.4579115949362659 0.0859375 0.13643746974937904