37 0.790625 0.2734375 0.103125 0.1078125
32 0.73046875 0.31640625 0.10625 0.1109375
27 0.671875 0.35859375 0.0984375 0.10625
12 0.615625 0.3984375 0.1078125 0.1140625
7 0.553125 0.440625 0.096875 0.1046875
2 0.49296875 0.4765625 0.0953125 0.103125
7 0.43359375 0.521875 0.0828125 0.0890625
7 0.37734375 0.5609375 0.0890625 0.096875
40 0.53515625 0.3015625 0.0921875 0.096875
37 0.48125 0.34140625 0.090625 0.0984375
32 0.4296875 0.37890625 0.0953125 0.103125
24 0.371875 0.415625 0.0875 0.0953125
24 0.3171875 0.4515625 0.0890625 0.096875
24 0.26484375 0.48671875 0.0875 0.0953125
10 0.21171875 0.528125 0.0953125 0.103125
5 0.15859375 0.56640625 0.0953125 0.1015625