11 0.9283131919956851 0.4457043949601645 0.09866322930778537 0.09647784639736087
21 0.8552065626424715 0.45641222591811914 0.09060506784239593 0.09156302586424729
36 0.798792788332212 0.4611739337565357 0.10343261646291495 0.09817673871722885
1 0.7321818204443877 0.46701240828799967 0.10491322930778502 0.09665970282385157
16 0.6632680461341283 0.4721378289793977 0.10351450361804453 0.09973923871722903
31 0.5958348846687389 0.4787802855641729 0.092085680687266 0.09004598997087018
11 0.5285245539360443 0.4830789921489481 0.09529256784239593 0.09169941818411545
36 0.46203641678091445 0.48657371668041216 0.09216756784239592 0.09160848997087001
39 0.395466392470655 0.49163094121187606 0.10038950361804462 0.0996483105039836
31 0.3281151181603955 0.49671089779665145 0.09397572930778511 0.09634145407749273
26 0.2585019810052658 0.5002965505413607 0.09076884215265535 0.09468802586424747
26 0.18958820669500626 0.5054219712327587 0.09373006784239583 0.09165395407749273
39 0.11421971449692239 0.5146354983506474 0.09701884215265535 0.09486988229073816
36 0.053323158074487266 0.5156273485089319 0.10343261646291486 0.09817673871722903