15 0.9147589534994097 0.626561072127585 0.08592686562705013 0.15405224801081766
28 0.8503290389746734 0.6156502967854491 0.08449169961943923 0.1571590666772721
23 0.7873661239556452 0.6071014527768586 0.08605419961943905 0.15717724801081764
18 0.7261567099252003 0.5938832901018134 0.08430069863085592 0.1524715666772721
41 0.663130127909978 0.586896946093223 0.08924286661563344 0.15877611067790856
38 0.6010121298871443 0.5767946927514052 0.08937020060802237 0.16190111067790874
33 0.5396117148681162 0.5682640300763602 0.08774403361182799 0.1603204293443632
38 0.47827496684528265 0.558170867401315 0.08924286661563344 0.15877611067790873
33 0.41540755232054616 0.5472782733927245 0.0828018656270503 0.15401588534372693
28 0.35644638779580967 0.5364311327179976 0.08605419961943914 0.15717724801081764
23 0.29507780627487884 0.5271192200429525 0.08117569863085601 0.15243520401018137
23 0.2329598082520452 0.5170169667011347 0.07974053262324476 0.15554202267663583
34 0.17412597771969754 0.5030448260264079 0.07629719764227283 0.1476931600095451
34 0.11243906121779472 0.5015454133513628 0.07785969764227278 0.14771134134309047
34 0.052106397681641436 0.4859925913430905 0.07817803262324474 0.15552384134309047