39 0.58125 0.9546875 0.11875 0.090625
39 0.5546875 0.9015625 0.121875 0.1046875
39 0.5265625 0.84453125 0.121875 0.1046875
31 0.50078125 0.78515625 0.121875 0.1046875
31 0.47578125 0.72734375 0.1203125 0.103125
31 0.44921875 0.66796875 0.121875 0.10625
21 0.425 0.60859375 0.1203125 0.10625
21 0.3984375 0.55078125 0.1203125 0.1046875
21 0.37109375 0.49375 0.121875 0.10625
11 0.34609375 0.43671875 0.1234375 0.10625
11 0.31875 0.37578125 0.1234375 0.109375
11 0.29140625 0.315625 0.125 0.1109375
1 0.2640625 0.25546875 0.1234375 0.1125
1 0.23984375 0.196875 0.11875 0.1015625