18 0.35625 0.39929847863041656 0.0875 0.08739818068726617
18 0.31328125 0.3601441253964847 0.0875 0.08739818068726608
18 0.26640625 0.3196319900503773 0.0890625 0.08748006784239593
21 0.22265625 0.27817483039401036 0.0921875 0.09389384215265535
21 0.17578125 0.24000644504790292 0.0984375 0.10047139077317438
27 0.69375 0.8120796031223902 0.1 0.10055327792830404
27 0.6515625 0.7744468063108935 0.0953125 0.09718261646291496
27 0.6109375 0.7375133723442671 0.0953125 0.09718261646291496
22 0.5671875 0.7023062126879001 0.0921875 0.09545634215265544
22 0.5265625 0.6638102787212736 0.0921875 0.09545634215265544
22 0.4828125 0.6286031190649066 0.0875 0.08896068068726617
40 0.44375 0.5923690479431505 0.0921875 0.09545634215265544
40 0.40078125 0.5579021947092186 0.0875 0.08739818068726599
40 0.3609375 0.5209278171650273 0.084375 0.08567190637700647
15 0.3203125 0.48711938319840087 0.09375 0.0939757293077852
5 0.27890625 0.45178939280933933 0.090625 0.0906869549975255
0 0.23671875 0.4165003459978426 0.0875 0.09052318068726599
35 0.196875 0.37874471845365126 0.1015625 0.10376016508343397