40 0.775 0.87265625 0.115625 0.11875
37 0.72578125 0.83046875 0.115625 0.11875
32 0.67578125 0.78828125 0.11875 0.121875
40 0.62578125 0.74765625 0.1203125 0.1234375
37 0.5765625 0.7046875 0.1234375 0.1265625
32 0.52734375 0.6609375 0.1203125 0.1234375
22 0.478125 0.61796875 0.1203125 0.121875
22 0.42890625 0.5765625 0.1234375 0.1265625
17 0.378125 0.53359375 0.1234375 0.1265625
12 0.32734375 0.490625 0.1234375 0.1265625
7 0.2765625 0.446875 0.125 0.1265625
2 0.22421875 0.403125 0.128125 0.1296875
2 0.17421875 0.3578125 0.1203125 0.1234375
2 0.12265625 0.31484375 0.11875 0.1234375