39 0.8109698371376257 0.1351303988172182 0.1100113251355733 0.11001132513557321
40 0.7572044877033599 0.15966276620546502 0.11630677693097127 0.1178601865718917
9 0.7066232256031114 0.19433320287555259 0.1053056444174139 0.10685905405833437
4 0.6536618520665446 0.22276727508425961 0.10686814441741407 0.10686814441741399
24 0.6046612706844554 0.2605536213952676 0.11787836729005097 0.11943177693097126
29 0.5745879513044188 0.3286996333973201 0.10215337334017516 0.10215337334017516
29 0.50190443022718 0.3244348350945223 0.10216246369925486 0.10371587334017515
19 0.44579987597245385 0.34976208802138853 0.10529655405833438 0.10529655405833438
19 0.39205270725634717 0.3774194554096354 0.10373405405833439 0.10528746369925476
3 0.33599360479701906 0.4105592083365016 0.1084397347764936 0.1084397347764936
3 0.2822691619786114 0.4421228257247485 0.12101245764913057 0.12101245764913067
3 0.226219149878363 0.47682507865161466 0.11158291549465282 0.11158291549465282
41 0.17091857152133594 0.5060540363989411 0.11787836729005097 0.11943177693097126
41 0.11408730942108754 0.5407608345053472 0.11315450585373248 0.11315450585373235
41 0.05955889070498085 0.5684227470731338 0.11322722872636944 0.12565450585373233
10 0.030884444861511106 0.6084346687161066 0.05536927693097134 0.11750566256778665