0 0.7676655533935357 0.8624985662722537 0.10822739926336596 0.09945085475263546
20 0.7874042530252187 0.9108233197322949 0.09808757475773362 0.0881313527754692
33 0.7502706037618527 0.8142693133065041 0.10143109604505725 0.0913836867678576
33 0.7323129254174933 0.7691332268426575 0.09975933540139544 0.08975751977166357
33 0.7104489970731338 0.7238379728883249 0.10299359604505724 0.09144735376405233
24 0.6947258080851126 0.6772348869187697 0.10143109604505725 0.09138368676785795
24 0.6772762281315988 0.6282243839530202 0.10310285668871888 0.09300985376405216
24 0.655139148178085 0.5790228799986874 0.10633711733238052 0.09469968775644091
24 0.6359631772590786 0.5276049600367435 0.10143109604505725 0.09138368676785795
32 0.6134983153745797 0.4737159560824109 0.10143109604505725 0.09138368676785795
32 0.5917600731682497 0.4190775356261754 0.11302415990702741 0.1012043557412186
32 0.5724202112837509 0.3653158656642314 0.11469592055068922 0.10283052273741297
16 0.5496275674682666 0.3067393617098987 0.11302415990702741 0.1012043557412186
16 0.5293425646182751 0.2506021082498576 0.11480518119435104 0.10439302273741298
29 0.5019170511246218 0.19261585330694173 0.11313342055068923 0.10276685574121865
29 0.4789605163436449 0.13169559935260905 0.11480518119435104 0.10439302273741302
29 0.4549495799535138 0.06683726190017915 0.12239915990702759 0.10158635771838498