37 0.89296875 0.659375 0.096875 0.1
32 0.8234375 0.62734375 0.1 0.1046875
27 0.7546875 0.59765625 0.090625 0.103125
12 0.6890625 0.56796875 0.1 0.1109375
7 0.61875 0.53359375 0.0890625 0.1
2 0.5546875 0.49921875 0.0890625 0.0984375
7 0.48359375 0.4703125 0.0765625 0.0875
7 0.41875 0.43984375 0.08125 0.0921875
40 0.72578125 0.4515625 0.0875 0.090625
37 0.6625 0.42421875 0.08125 0.09375
32 0.60078125 0.39765625 0.0890625 0.0984375
24 0.53828125 0.365625 0.08125 0.0921875
24 0.4765625 0.33515625 0.08125 0.0921875
24 0.4171875 0.30703125 0.0796875 0.0921875
10 0.353125 0.28125 0.0890625 0.0984375
5 0.290625 0.25390625 0.0875 0.096875