39 0.60078125 0.928125 0.15 0.115625
36 0.5703125 0.86953125 0.153125 0.1171875
31 0.54140625 0.81484375 0.15625 0.1203125
1 0.51640625 0.759375 0.15 0.1171875
1 0.4890625 0.7046875 0.15 0.1203125
11 0.46015625 0.65 0.146875 0.1140625
6 0.43671875 0.59765625 0.1453125 0.115625
1 0.41328125 0.54296875 0.140625 0.1109375
26 0.3828125 0.48984375 0.140625 0.109375
26 0.35859375 0.4359375 0.1328125 0.1046875
26 0.334375 0.384375 0.1375 0.10625
31 0.30859375 0.33203125 0.1390625 0.1078125
31 0.28203125 0.28359375 0.1421875 0.1078125
31 0.26171875 0.228125 0.1359375 0.103125
30 0.23359375 0.17890625 0.1375 0.10625
8 0.952533371875 0.41008881875 0.8521529609374999 0.40398405000000004 0.817559965625 0.46246690468749996 0.92360433125 0.4621895328125 0.952533371875 0.41008881875
40 0.9046011171874999 0.301191696875 0.795835896875 0.3214803796875 0.7889652515625001 0.37576179375 0.8988033296875001 0.3534431125 0.9046011171874999 0.301191696875
13 0.7828237046875001 0.17520996875 0.7346525578125 0.22403360781249998 0.8144602750000001 0.252548090625 0.8695439046875 0.19849024531249998 0.7828237046875001 0.17520996875