34 0.8828125 0.49296875 0.0515625 0.09375
34 0.825 0.4921875 0.0515625 0.096875
29 0.7671875 0.49140625 0.0546875 0.096875
29 0.709375 0.48984375 0.0546875 0.096875
29 0.65 0.4890625 0.0546875 0.0984375
24 0.590625 0.4890625 0.053125 0.1
24 0.5328125 0.4890625 0.05625 0.096875
24 0.4734375 0.4890625 0.05625 0.1
37 0.4140625 0.4890625 0.0578125 0.0984375
37 0.353125 0.48828125 0.0546875 0.1
37 0.290625 0.4859375 0.0578125 0.0953125
36 0.22890625 0.4875 0.0578125 0.1015625
36 0.16640625 0.48515625 0.0515625 0.1015625
36 0.10546875 0.4859375 0.0546875 0.103125