26 0.6864686872459869 0.20518978403273955 0.08394563206674696 0.08542624491161739
26 0.6458093877209566 0.23361135515449577 0.07736808344622811 0.07884869629109836
26 0.6112772574632318 0.26470422489677103 0.08394563206674714 0.08542624491161739
23 0.5788022721625529 0.30138867537174086 0.08221935775648745 0.08221935775648763
23 0.5434479483272632 0.33322185153645123 0.07893058344622794 0.07893058344622812
23 0.507970793759279 0.36739877770116147 0.09044129353213641 0.09044129353213633
33 0.47027271992398934 0.3991091231331772 0.0855900192218769 0.08707063206674706
33 0.43010806535600493 0.4330403878324983 0.09044129353213641 0.09044129353213641
28 0.381141620873929 0.4555428296010408 0.08559001922187681 0.08707063206674696
28 0.33809762777133395 0.48462281999010237 0.08394563206674706 0.08542624491161739
28 0.29419049751360915 0.5152243668015991 0.08723440637700657 0.0887150192218769
28 0.2525042865231898 0.5482924943457904 0.08386374491161738 0.08386374491161738
29 0.16666528380965628 0.6166496687014785 0.07243492198083885 0.07391553482570909
29 0.11749412143975586 0.6430583604700211 0.07243492198083885 0.07391553482570909
29 0.0798812567858633 0.6880908994796016 0.08057497060135783 0.08057497060135788