17 0.08500811513547234 0.39380755370890164 0.07768238229073818 0.09611808344622812
12 0.15499400620169917 0.4057885753056277 0.07938127461060622 0.10088747060135787
7 0.21910197030832185 0.4039937019453078 0.07781877461060623 0.10080558344622811
17 0.2875026293212373 0.41527536069716364 0.07313127461060623 0.10055992198083885
12 0.35170152164110535 0.41660548733684377 0.0762108105039836 0.09916119629109836
7 0.41987486012090736 0.42007464608869965 0.07313127461060631 0.10055992198083885
32 0.4841646806540208 0.42452977272837983 0.07473923871722903 0.1022043091359686
37 0.5468010729738889 0.42594178652318976 0.06844377461060631 0.10031426051544959
40 0.6150198755603136 0.43097344527504555 0.07473923871722885 0.1022043091359686
4 0.6824119640401156 0.4344835476044662 0.07634720282385157 0.10384869629109836
4 0.7498495166265404 0.43955614993388686 0.07630173871722885 0.10228619629109836
34 0.8164376230530312 0.4423259458408724 0.06844377461060631 0.10031426051544959
34 0.8870001756394558 0.4472347738600336 0.07005173871722903 0.10195864767057934
34 0.9545059243858148 0.45465112618945425 0.06858016693047446 0.10500176051544959