25 0.1712883792407823 0.3637483617309061 0.15051803846084474 0.14614881303532484
0 0.13297505004278123 0.29758300624651596 0.15051803846084474 0.14614881303532484
40 0.5392206261404103 0.6474678141154794 0.15698636228216217 0.15087267447164338
40 0.4938760469424093 0.5813433652469475 0.15698636228216217 0.15087267447164338
22 0.5298990142725328 0.9482217930382404 0.14044952564056318 0.09766586123992696
22 0.4950724040572851 0.9078104164766115 0.13736306699689216 0.13201359016268804
22 0.4588481137344136 0.8471001754536018 0.137363066996892 0.13201359016268768
17 0.42414993610798907 0.7871620940715128 0.14234166542531543 0.1382908612399268
17 0.38799842039222343 0.7248893530485032 0.14717471463952717 0.14144313231716552
17 0.35493551737290474 0.6633796813073344 0.15051803846084474 0.14614881303532493
17 0.3186384524429273 0.6042319402843248 0.15535108767505648 0.14930108411256365
11 0.4577973058337495 0.5175081242239379 0.15876718610347992 0.1555692648307229
11 0.4178850893321955 0.4521331090986275 0.15698636228216234 0.15087267447164338
11 0.3780456474377473 0.3851955939733169 0.1488827638537389 0.14457722267624523
39 0.27936193672716164 0.5419773799794745 0.14234166542531543 0.1382908612399268
39 0.24235639640429008 0.48127168413600485 0.14070639081820957 0.13671927088084707
39 0.20371558147431265 0.42213757865161466 0.14397694003242129 0.1398624515990063