32 0.26565469355158716 0.6530215002823487 0.07849318114108109 0.07936825256024882
32 0.30947962221146896 0.6154081082172087 0.0851070541766104 0.08754477360693613
32 0.35345010008556244 0.5746697161520689 0.0851070541766104 0.08754477360693613
27 0.3981654406561031 0.534667071456093 0.08183650496239867 0.08423776308359247
27 0.44046425661953775 0.49636343465262484 0.07856595574818695 0.08093075256024881
27 0.4796380725829724 0.4582418083725005 0.07849318114108109 0.07936825256024882
17 0.5182125750641718 0.4162594347232121 0.07849318114108109 0.07936825256024882
17 0.5665794545098419 0.3814980268730566 0.07849318114108109 0.07936825256024882
20 0.8037092351128038 0.19160325603813072 0.09164815260503403 0.09415879465362353
30 0.7565409826316045 0.23408615862661436 0.09321065260503385 0.09424979991529536
34 0.704449789703699 0.26516882963094945 0.06875430810555194 0.07100972099021767
34 0.6627866745260527 0.3065519638035815 0.07366013192686935 0.07597023677523325
34 0.621269108562618 0.34481009797621376 0.07202485731976367 0.07431673151356133
29 0.22246546567749367 0.6937143897166527 0.0866695541766104 0.08763577886860804
29 0.1799483258927414 0.7367055265201208 0.08837760339082217 0.09085178413027997
29 0.12920130914351838 0.772384692262784 0.08837760339082217 0.09085178413027979