32 0.17756685592033358 0.7346627205959052 0.1081591477265238 0.11308533175849825
32 0.23234013067709994 0.6967559820286506 0.09867505357072241 0.1065079495445131
32 0.28633215543386625 0.6588219616102305 0.1018273271096728 0.10817957694917482
6 0.3364724772685333 0.6238765319359835 0.10188187418757347 0.11130457694917481
6 0.38817529910320026 0.5889856659640671 0.10344437418757355 0.11135914065150558
6 0.44220823416839217 0.5533953955456471 0.10029210064862308 0.10968751324684387
26 0.49550082954200947 0.5201215932760616 0.09867505357072233 0.1065079495445131
26 0.5503286513766765 0.4853398547088069 0.09870232710967279 0.10807044954451292
26 0.6043206761334428 0.44740583429038694 0.09872960064862309 0.10963294954451311
26 0.6599979318154856 0.41655762757429776 0.09552278003177221 0.10483632213985139
16 0.7148257536501527 0.3817758890070431 0.09393300649282174 0.10321925843752044
16 0.7696535754848197 0.34699415043978854 0.09711255357072232 0.10645338584218225
16 0.8267842370110612 0.30995050742603014 0.09870232710967279 0.1080704495445131
1 0.45411967329077374 0.6990352777596323 0.1002375535707225 0.10656251324684388
1 0.5050685186643911 0.6656796299365505 0.09708528003177222 0.10489088584218216