26 0.20789100798069393 0.6356703761688456 0.09451502583555564 0.10053633118569749
26 0.2537126542572217 0.6140589965821543 0.09767639342673622 0.10211701190385654
26 0.30115135192052034 0.5901129573545429 0.09934799620027786 0.10681360226293642
6 0.3463554023573606 0.5614657825883121 0.10094686379145842 0.10838519262201593
6 0.3954111514074301 0.5351850837197802 0.09451502583555564 0.10053633118569749
6 0.44125098147954817 0.5127924541330892 0.09295252583555573 0.10052724082661779
11 0.48632774534725653 0.48961402936685827 0.0977127610179167 0.10367951190385671
16 0.5314226930105551 0.46565435460062743 0.09611389342673622 0.10210792154477702
21 0.5773352582650343 0.4401367250139362 0.09931162860909737 0.10525110226293641
36 0.6255915735195134 0.41463273096586456 0.0977127610179167 0.10367951190385671
36 0.6730484549784025 0.38990544173825314 0.0977127610179167 0.10367951190385663
4 0.7189792040284719 0.36360656215156206 0.08811955547083343 0.09424996974937887
4 0.7656730192829511 0.3380934777444108 0.09767639342673622 0.10211701190385672
4 0.8092963859242012 0.31021846261910024 0.09291615824437507 0.0989647408266178
30 0.06301295944371468 0.7168698583130605 0.10418096656500012 0.11309087334017516