25 0.7598459251493063 0.8033129929278081 0.09447865824437507 0.10542305103961844
30 0.7253975367565632 0.7691398250863131 0.09764002583555573 0.1072223493799445
39 0.6900587955902784 0.7303383568298998 0.09923889342673622 0.10890324855010754
39 0.6594075544239937 0.6911816910629971 0.09767639342673622 0.10878484937994451
39 0.6279386956665284 0.6505217248811761 0.0992752610179167 0.11046574855010753
39 0.5886755207046533 0.6112350045501702 0.10080139342673604 0.10902164772027056
18 0.5517924633339588 0.5733331854639198 0.09607752583555573 0.10710395020978147
18 0.5132741707809032 0.5324247655478324 0.09440592306201409 0.10229805103961845
18 0.4794797458190283 0.49272364812125585 0.09764002583555573 0.1072223493799445
13 0.44163360049243094 0.4470685286200869 0.1024002610179167 0.1107025468904336
13 0.4030789403481948 0.4045976087039994 0.11043096656500015 0.12066954274124875
13 0.36603222881718783 0.359664539617749 0.10719686379145835 0.1157452444009226
23 0.3227537010817711 0.3159863172121507 0.11199346656500016 0.1207879419114116
23 0.28332687195958356 0.26966834688114477 0.10716049620027786 0.1141827444009226
23 0.2400119766329863 0.2244276244755464 0.11679006933854179 0.1258306394219008
33 0.19582491232843763 0.17533985165502958 0.11679006933854179 0.1258306394219008
33 0.1665725170018404 0.129033536717964 0.08819229065319449 0.10338695435896632