14 0.85390625 0.60390625 0.0390625 0.09375
14 0.80859375 0.6046875 0.0359375 0.096875
34 0.765625 0.60703125 0.040625 0.103125
34 0.71875 0.60703125 0.0390625 0.1
34 0.6734375 0.60390625 0.0390625 0.1
38 0.62734375 0.6 0.0390625 0.0953125
38 0.58125 0.59296875 0.0359375 0.0890625
38 0.534375 0.59453125 0.0390625 0.0984375
8 0.4875 0.59453125 0.0328125 0.09375
8 0.44296875 0.58828125 0.03125 0.0953125
8 0.39921875 0.58359375 0.034375 0.09375
3 0.35234375 0.58515625 0.0390625 0.0890625
3 0.3046875 0.58515625 0.0390625 0.090625
3 0.25859375 0.5828125 0.0375 0.0984375
3 0.2140625 0.578125 0.0390625 0.0890625
5 0.165625 0.57890625 0.04375 0.0984375
0 0.12109375 0.57890625 0.0375 0.096875