25 0.86171875 0.82265625 0.084375 0.0859375
5 0.8234375 0.78359375 0.08125 0.0828125
41 0.78515625 0.746875 0.08125 0.084375
41 0.74921875 0.7078125 0.08125 0.084375
41 0.71171875 0.67109375 0.08125 0.084375
38 0.671875 0.634375 0.08125 0.084375
38 0.63359375 0.59453125 0.078125 0.08125
38 0.59375 0.55859375 0.0796875 0.08125
38 0.55625 0.5203125 0.0796875 0.08125
33 0.5171875 0.4828125 0.0765625 0.078125
33 0.4765625 0.44609375 0.08125 0.084375
33 0.43984375 0.41015625 0.08125 0.084375
28 0.321875 0.29375 0.0859375 0.0875
28 0.3625 0.3328125 0.084375 0.0859375
28 0.4015625 0.371875 0.084375 0.0859375
11 0.2828125 0.25078125 0.0890625 0.090625
11 0.24140625 0.20703125 0.0890625 0.0921875