2 0.08733458313603273 0.5761898650516798 0.0870573822907382 0.09759449568106326
2 0.15053927678868428 0.5559762970376527 0.09031877461060622 0.10248225478036196
7 0.20767582686782657 0.5291122108250284 0.08076191818411553 0.09563147748246621
12 0.26384927052047813 0.5084480598375791 0.08558581050398359 0.10061936613141409
17 0.32002271417312966 0.48778390885013 0.07754598997087019 0.09230621838316751
12 0.3775995334526019 0.47268863741233025 0.08076191818411553 0.09563147748246603
12 0.4332190476383668 0.4441619216500565 0.07759145407749272 0.09386871838316732
12 0.48925609897115035 0.42818527066260736 0.08071645407749273 0.0940689774824662
27 0.5462335246771133 0.406789934449983 0.07929034639736088 0.09865634793281668
32 0.6031200221698307 0.38851959823735854 0.08085284639736087 0.09875647748246603
37 0.662532126089039 0.3641494563492081 0.06808006175762493 0.08858044108527148
27 0.7177197312618885 0.3504664905869343 0.07446645407749272 0.0936684592838688
32 0.7746744249145401 0.3298524043743099 0.07763691818411544 0.09543121838316741
37 0.8308478685671916 0.3091882533868608 0.07120506175762457 0.0887807001845701