11 0.2025468145687772 0.7309183219592907 0.1547795013526355 0.14931941149637407
11 0.24359907590709517 0.696091711744043 0.1547795013526355 0.1493194114963739
16 0.2823257685789586 0.6595934396181364 0.15792268268618095 0.15102746071058562
21 0.3233689392505038 0.6255480794028888 0.16108404535327187 0.15429800992479753
26 0.362068359922049 0.5913935572769823 0.16108404535327175 0.15429800992479734
31 0.399995621260367 0.556421397847523 0.15794086401972632 0.15258996071058578
36 0.4371325419319122 0.5221941011145106 0.1547795013526354 0.1493194114963739
39 0.477376281269912 0.48967485359570995 0.15794086401972632 0.15258996071058561
29 0.5145132019414572 0.45544755686269756 0.15794086401972632 0.15258996071058578
29 0.5508416006126844 0.42352762282613227 0.1516181386855447 0.14604886228216235
29 0.5871881806174568 0.390045188789567 0.15636018268618096 0.15095468610347992
9 0.6235529419557748 0.3550002547530017 0.1516181386855447 0.14604886228216235
9 0.6598904312937746 0.3222990707164365 0.15318063868554468 0.1461216368892682
9 0.6970000799650016 0.2904155239834241 0.15476132001909004 0.14775691149637407
30 0.7348909786362287 0.2585683645539647 0.14843859468490841 0.1412158130679506
15 0.7680943773074558 0.2265028813031877 0.1531806386855445 0.1461216368892682
10 0.8012795946451373 0.1959998980524107 0.14843859468490805 0.1412158130679506