17 0.2265625 0.5234375 0.05 0.0703125
22 0.1640625 0.525 0.0484375 0.0703125
27 0.1015625 0.528125 0.0453125 0.078125
29 0.93125 0.47734375 0.0578125 0.06875
29 0.8640625 0.48046875 0.05625 0.065625
29 0.80078125 0.48359375 0.0515625 0.0734375
24 0.7359375 0.490625 0.0578125 0.0828125
24 0.671875 0.490625 0.0546875 0.0828125
14 0.6078125 0.49453125 0.059375 0.075
14 0.5453125 0.50390625 0.0484375 0.06875
14 0.4828125 0.50625 0.05 0.0765625
4 0.4171875 0.51171875 0.0484375 0.078125
4 0.3515625 0.515625 0.0515625 0.08125
4 0.2921875 0.51953125 0.0546875 0.0890625