34 0.8346720820505713 0.391589743207828 0.10262195712440061 0.12017040252860856
34 0.7766197501568836 0.41611007942045236 0.10594721622369914 0.12349566162790726
9 0.7223234739387218 0.4432244895072001 0.10438471622369896 0.1233955320782579
9 0.6627587068198586 0.46686344617017533 0.10927247532299766 0.1268209207272058
19 0.6062188101513462 0.49226516193244907 0.10604734577334832 0.12505816162790725
19 0.5489477282576584 0.5168355629198981 0.10760984577334831 0.12515829117755645
29 0.491626581589146 0.5421872139073473 0.10760984577334831 0.1251582911775566
29 0.43503662014580885 0.568370179669621 0.10594721622369914 0.12349566162790708
40 0.37620303825212115 0.5928404511074208 0.11093510487264702 0.12848355027685515
40 0.31726932680878395 0.6188732225452205 0.11426036397194572 0.13180880937615386
32 0.25750430059062224 0.6456371792081956 0.11426036397194572 0.13180880937615386
32 0.19852052437246046 0.6724512006459955 0.11083497532299776 0.12692105027685513
27 0.13870543337947402 0.6999964073089705 0.10937260487264702 0.1283834207272058
27 0.07742797193613696 0.7258789844222964 0.10947273442229637 0.1299459207272058