24 0.41109587799847647 0.8593928814071117 0.10779256784239592 0.09627370248167466
24 0.40051690411775837 0.8087590968782365 0.10935506784239593 0.09638296312533612
24 0.3750122930819104 0.7607257884641475 0.10442190637700657 0.09136768119435104
4 0.4517363246282592 0.5592072111085239 0.12201884215265543 0.10038204827463008
4 0.4427165287212736 0.4936750462578178 0.13172139077317446 0.10728761213660061
39 0.4378486442796774 0.4231822297979573 0.13829893939369348 0.1139746547112475
39 0.41558854195025663 0.3577975304183759 0.14323210085908258 0.11898993664223259
39 0.3942325203535306 0.2900144507169637 0.14660276232447184 0.12389595792955621
36 0.3756164806665815 0.7046396794296402 0.11708568068726617 0.09536676634364483
36 0.3603090632082984 0.6551149268317502 0.10894563206674715 0.08857046312533612
36 0.33907919437053435 0.599777216808507 0.11371501922187681 0.09046074505632137
36 0.3288687126879001 0.5421121822796318 0.12382700361804462 0.10517880891829172
6 0.31725950531552527 0.4814314083944183 0.11889384215265544 0.10016352698730664
6 0.29319124152071535 0.42084346965849867 0.12867827792830405 0.10863159084927698
6 0.27101302634642443 0.35389627027891735 0.13369332654882307 0.11520937278026225
15 0.19067815242027772 0.22329611632397445 0.1367364393936934 0.11386539406758578
20 0.1544374372459868 0.1573322627373487 0.14018898801421237 0.12033391535490923
35 0.22058698043943886 0.2912595124852472 0.1433139880142124 0.12055243664223267