37 0.0784378504056297 0.36985939590917116 0.06539004689043353 0.10404264381548423
37 0.13751685248022216 0.36961374145002523 0.0638275468904335 0.10393338317182241
37 0.19677345331005913 0.3670243369908793 0.06562684523075957 0.10716764381548423
27 0.2583738041398961 0.3642710415662408 0.06718934523075956 0.10727690445914587
27 0.31991495538465153 0.3622989961416022 0.06707094606059653 0.10571440445914596
22 0.3798344070443255 0.36121746136062544 0.06875184523075965 0.10738616510280767
22 0.44065350787416246 0.35851879625781774 0.06863344606059663 0.10582366510280768
22 0.5021946591189179 0.35654675083317927 0.06887024440092268 0.10894866510280768
17 0.5645762599487549 0.35373882508670984 0.06875184523075965 0.10738616510280767
12 0.6253361611935103 0.35182140998390216 0.07055114357108572 0.1106204257464694
7 0.6884990120233473 0.3489588539156019 0.07211364357108571 0.11072968639013112
12 0.7508214132681028 0.34693217816913247 0.07055114357108572 0.11062042574646949
7 0.8138066653426952 0.34641337210083223 0.07367614357108572 0.11083894703379285
2 0.8761290665874508 0.3443866963543628 0.06730774440092233 0.10883940445914594