29 0.08046875 0.4453125 0.06875 0.115625
29 0.14921875 0.44140625 0.071875 0.115625
24 0.2171875 0.4390625 0.0703125 0.115625
34 0.2875 0.43515625 0.075 0.1140625
19 0.35859375 0.43125 0.075 0.1125
14 0.428125 0.42890625 0.06875 0.1125
9 0.49765625 0.425 0.06875 0.115625
4 0.5671875 0.42265625 0.071875 0.1140625
41 0.6375 0.41953125 0.071875 0.115625
3 0.71015625 0.41484375 0.06875 0.1125
40 0.7828125 0.41328125 0.075 0.1140625
2 0.85703125 0.409375 0.06875 0.1125
39 0.92578125 0.409375 0.06875 0.1140625
1 0.98046875 0.40390625 0.0390625 0.115625