40 0.32421875 0.83671875 0.1203125 0.0890625
40 0.33984375 0.7796875 0.1203125 0.0921875
40 0.35546875 0.72109375 0.11875 0.0890625
37 0.371875 0.6640625 0.121875 0.09375
32 0.3890625 0.60546875 0.121875 0.0921875
27 0.40546875 0.5484375 0.121875 0.09375
37 0.4203125 0.48984375 0.121875 0.09375
32 0.4359375 0.43203125 0.1234375 0.0984375
27 0.45078125 0.3734375 0.1265625 0.096875
27 0.4671875 0.3140625 0.125 0.0984375
22 0.4828125 0.25390625 0.125 0.1
17 0.5 0.19296875 0.128125 0.1015625
17 0.5171875 0.13359375 0.128125 0.1015625
17 0.5359375 0.0734375 0.1234375 0.0953125