21 0.563214898362105 0.7940109363658276 0.23804136031120038 0.23001924189573053
21 0.5422649274498401 0.708816889010781 0.24298395182646945 0.23341725768074628
16 0.5195611379011235 0.6211880863940624 0.23804136031120038 0.2300192418957307
11 0.4986111669888585 0.5359940390390159 0.24467399758410407 0.2350707629424182
11 0.45333113364905964 0.36229893380557887 0.248054089099373 0.23837777346576178
11 0.6806578766912358 0.6896636125612474 0.23804136031120038 0.23001924189573053
11 0.6179355097120756 0.4356439704961074 0.23635131455356592 0.2283657366340588
6 0.4760986960765936 0.4507089864222974 0.24467399758410407 0.23507076294241802
6 0.4305635712215256 0.27388888118886034 0.24480154334173854 0.2366332629424181
6 0.6613341786577881 0.6053418204678727 0.23297122303829684 0.22505872611071515
6 0.5961405159209934 0.34962317051022496 0.24311149758410408 0.23497975768074628
1 0.4076684630363571 0.18391632857214188 0.24311149758410408 0.23497975768074625
1 0.6388854806243405 0.5208380178511541 0.23115363152302776 0.22184272084904322
1 0.5741542034934595 0.26125862052434234 0.23635131455356592 0.22836573663405887