31 0.8828125 0.50390625 0.0359375 0.0796875
1 0.8390625 0.5 0.0390625 0.0890625
6 0.7921875 0.4953125 0.0390625 0.0890625
36 0.74375 0.4875 0.040625 0.090625
26 0.69140625 0.484375 0.0421875 0.090625
16 0.63359375 0.4796875 0.046875 0.0953125
36 0.57734375 0.47421875 0.0484375 0.1
11 0.51875 0.46953125 0.0515625 0.103125
16 0.45390625 0.46328125 0.0578125 0.1015625
26 0.38359375 0.45625 0.0578125 0.109375
26 0.30859375 0.446875 0.0609375 0.1125
6 0.2265625 0.440625 0.0640625 0.1234375
11 0.1421875 0.43515625 0.06875 0.125