12 0.7646150711285525 0.8284572610892015 0.13206813231716552 0.15133884364130096
12 0.716708836253863 0.7815983654813481 0.12262949980360816 0.13963606909549392
27 0.6664770320973327 0.737673151237043 0.12894313231716553 0.1510837521260317
27 0.6193611375817228 0.6924405285080069 0.13522949375348398 0.15784393515657005
27 0.5691247882456528 0.6477340642637018 0.1446590359079618 0.1679842097023773
24 0.5219907130118837 0.5993764415346657 0.14152494554888229 0.1661666181871082
24 0.470964023316734 0.5530437044115433 0.13522949375348398 0.15784393515657005
24 0.4183884691602038 0.5089271715307864 0.14152494554888212 0.1661666181871082
29 0.37514246320827543 0.4577634131958367 0.12735336123992677 0.14626870636839745
29 0.3217856590517452 0.4135831074362624 0.12107609016268786 0.1410710233378591
29 0.27152658381797606 0.36497039319195734 0.13051472267624523 0.15277379788366643
14 0.2236158037637468 0.317330247584104 0.11949540944452863 0.13781847758022464
14 0.1718033188890573 0.27015248758216437 0.11952268052176747 0.14250597758022465
14 0.12390162919390764 0.22407484197431105 0.11326359016268786 0.1404332945496865