35 0.2671875 0.509375 0.046875 0.0875
0 0.48125 0.50859375 0.0421875 0.08125
9 0.83671875 0.5078125 0.040625 0.0765625
4 0.7875 0.5078125 0.040625 0.0796875
3 0.7375 0.50625 0.0390625 0.08125
23 0.68671875 0.50546875 0.04375 0.0828125
23 0.6359375 0.50390625 0.04375 0.0765625
28 0.58359375 0.50625 0.0390625 0.078125
38 0.53359375 0.50859375 0.0421875 0.0796875
8 0.428125 0.5078125 0.0375 0.0796875
8 0.37421875 0.5078125 0.04375 0.08125
8 0.32109375 0.509375 0.0421875 0.0875
28 0.209375 0.509375 0.0484375 0.0859375
33 0.15 0.5078125 0.0484375 0.0875
38 0.08984375 0.50703125 0.0453125 0.08125
30 0.9277828156249999 0.1090817734375 0.948592896875 0.15398297968750002 0.9937976656249999 0.1313386140625 0.9754047703125 0.0819550359375 0.9277828156249999 0.1090817734375