19 0.93046875 0.51015625 0.0625 0.1609375
19 0.865625 0.51015625 0.059375 0.1609375
19 0.8 0.51015625 0.059375 0.1640625
14 0.7359375 0.5078125 0.059375 0.165625
14 0.671875 0.5078125 0.0609375 0.159375
14 0.60703125 0.50625 0.059375 0.1578125
9 0.54375 0.50546875 0.0625 0.1578125
9 0.48046875 0.50390625 0.0578125 0.1578125
9 0.41796875 0.503125 0.059375 0.15625
4 0.3546875 0.503125 0.0546875 0.1578125
4 0.2921875 0.50390625 0.0546875 0.1578125
24 0.22890625 0.50078125 0.05 0.1515625
24 0.165625 0.50078125 0.053125 0.1546875
24 0.10390625 0.496875 0.053125 0.1484375