23 0.7028770712532296 0.1133717897775953 0.10757027297895938 0.09552278003177213
23 0.6701658983665555 0.1732513502481766 0.10550712523071262 0.08768300649282175
23 0.6423925493540045 0.22914284010190683 0.09905686613141391 0.08444891233702041
14 0.608168941242155 0.2882684241114385 0.10404475478036197 0.08921823295387146
14 0.5746765183554808 0.348161621351495 0.10071949568106327 0.0860386858759707
14 0.5437781693429299 0.4041076582831259 0.09885660703211538 0.08132391233702041
41 0.5157044316814311 0.46468664813685623 0.10061936613141391 0.0844761858759707
41 0.48319351789405546 0.5214412086074375 0.10550712523071262 0.08768300649282175
41 0.4521449745570306 0.5797309955390684 0.10061936613141391 0.0844761858759707
3 0.4195839959948303 0.6372668060096498 0.10071949568106327 0.0860386858759707
3 0.3859413787836822 0.6995037532497062 0.09543121838316741 0.07658186525911966
19 0.35376113202288473 0.7632759269508123 0.0825307001845701 0.07011367694751698
19 0.3234437739110351 0.822333327112968 0.08439358883351807 0.07482845048646744
19 0.2884389157991856 0.8814725478919747 0.09543121838316741 0.07658186525912