26 0.078125 0.65859375 0.0625 0.0828125
11 0.1203125 0.6390625 0.0625 0.0859375
1 0.1640625 0.61953125 0.0640625 0.084375
36 0.209375 0.59765625 0.0703125 0.0921875
1 0.26015625 0.5796875 0.0703125 0.0875
16 0.31171875 0.55546875 0.0796875 0.0984375
16 0.36640625 0.5328125 0.0796875 0.09375
11 0.421875 0.50390625 0.0796875 0.1015625
31 0.47890625 0.478125 0.0875 0.109375
31 0.5453125 0.4515625 0.0890625 0.109375
6 0.60859375 0.421875 0.096875 0.1140625
26 0.67578125 0.38671875 0.1015625 0.1140625
26 0.7515625 0.3578125 0.1015625 0.11875
31 0.828125 0.32265625 0.1015625 0.121875