35 0.2633098924482227 0.4358302001362856 0.06580800649282174 0.10335737336031983
0 0.475287741068251 0.4395782406162042 0.05944891233702041 0.0967798247398008
9 0.8288354809219811 0.44529049355688033 0.057804591720169184 0.09201043758467105
4 0.7803297970746055 0.4439227453659026 0.05783186525911965 0.09357293758467104
3 0.7310292264577544 0.4418146907524898 0.05788641233702041 0.09669793758467105
23 0.6793849058409034 0.4398294668717716 0.06257391233702041 0.09694359905006031
23 0.6292894484545771 0.4369811058359236 0.06090231818121907 0.09061171189493056
28 0.5776996749156268 0.4381208819552055 0.05626936525911965 0.09349105042954128
38 0.5276996749156269 0.4407412709193575 0.05785913879807012 0.09513543758467105
8 0.42364342045139997 0.437593016735486 0.05470686525911965 0.09340916327441154
8 0.37045023660402415 0.43647093000989756 0.06257391233702041 0.09694359905006031
8 0.3165030762955986 0.43695228686187404 0.06112050649282175 0.10311171189493056
28 0.2069917086008469 0.43487188772095664 0.06893300649282175 0.10352114767057934
33 0.1483025012145207 0.4324739060383223 0.06580800649282174 0.10335737336031983
38 0.08726954382819452 0.4301987550883827 0.06257391233702041 0.09694359905006031