4 0.9128889446651194 0.6694321325502015 0.09439541549465283 0.11804145020978148
4 0.8556849778426067 0.644066202261152 0.10069086729005079 0.1263275468904336
34 0.7961190803019347 0.615752870727347 0.10225336729005097 0.12644594606059661
34 0.734223068299882 0.5899608879487863 0.09911018657189175 0.12308414772027057
34 0.6738713755796704 0.5609255060000627 0.09596700585373234 0.1197223493799445
19 0.613533318398078 0.534233874051339 0.09911018657189175 0.12308414772027057
19 0.5531952612164857 0.5075422421026156 0.09752950585373252 0.11984074855010754
19 0.4928299329576545 0.476163110153892 0.09752950585373235 0.11984074855010754
32 0.4332913064942213 0.45253727862008686 0.11012040944452864 0.1364129419114118
27 0.36979188787631045 0.41983244501168937 0.1038340480082102 0.12968934523075965
22 0.3094492855151783 0.3923595630629658 0.10225336729005097 0.12644594606059653
32 0.245986228333586 0.36590472945456826 0.10854881908544911 0.13473204274124867
27 0.18642487597245377 0.33837264792076316 0.10541472872636941 0.1329327444009226
22 0.1252828428931624 0.3078339655571211 0.1038340480082102 0.12968934523075965