35 0.9104418600197951 0.6863541333100043 0.11033106965141819 0.14170202174882968
30 0.8744634164422301 0.6885997242224754 0.14635045680654812 0.1447288626613009
10 0.8191993843300546 0.6869536525873763 0.1479948439616777 0.14635502965749508
38 0.7617144329505736 0.6830593314465687 0.1479948439616777 0.14635502965749528
38 0.7071088201057034 0.6837251763133725 0.14635045680654796 0.1447288626613009
38 0.6510635379935278 0.6821109381763705 0.14635045680654796 0.1447288626613009
28 0.5965398123037873 0.6812142830431742 0.14478795680654793 0.14466519566510633
28 0.5435785866140468 0.6802539609137835 0.14478795680654793 0.14466519566510652
28 0.4890958045018712 0.6785760557805872 0.14635045680654796 0.1447288626613009
28 0.4353533288121307 0.6776475671492938 0.14635045680654796 0.1447288626613009
41 0.3825149338550847 0.6743434950199031 0.14478795680654793 0.14466519566510633
41 0.3279912081653443 0.6734468398867068 0.14478795680654793 0.14466519566510652
19 0.27494809532047404 0.6740490177573161 0.14635045680654796 0.1447288626613009
19 0.22116467605316864 0.6739017791260226 0.1479948439616777 0.14635502965749528
19 0.1681625067858633 0.673722706996632 0.1447879568065479 0.14466519566510633
24 0.1169275554063823 0.6695737178710468 0.14306168249628842 0.14147652866891214
24 0.06809826690482815 0.6717702292397533 0.1361965338096563 0.1447288626613009
24 0.037938254749698384 0.6601124876427104 0.07587650949939677 0.11026102076024671