31 0.7886763359060126 0.5058838507717679 0.16166022868809904 0.18775563335454457
26 0.7057358037735589 0.47367933076063207 0.16322272868809903 0.18777381468808993
11 0.4965403116911178 0.5579345100652243 0.1600522645814763 0.18617495202099904
36 0.8700998321450889 0.5396326894493584 0.15839883636823088 0.1830317706874535
36 0.6197157357477281 0.44300094808240525 0.16322272868809903 0.18777381468808993
31 0.535189971561963 0.40999699673772405 0.16322272868809903 0.18777381468808993
26 0.4530079573761981 0.3770203173933609 0.16487615690134447 0.1909169960216354
26 0.3693089072970558 0.34558795671545234 0.16809208511458973 0.1940783586887263
21 0.2832433751646022 0.31334707403722556 0.16483069279472176 0.1893544960216354
16 0.1980272891920826 0.28345903202577155 0.16161476458147642 0.1861931333545445
6 0.6639611439027137 0.6215804814210415 0.16483069279472176 0.1893544960216353
6 0.5787223258768828 0.5909111894095874 0.1600068004748536 0.18461245202099902
6 0.4144037616119755 0.5265203307208611 0.16322272868809903 0.18777381468808993
1 0.3291194794795219 0.4942885387094071 0.16483069279472176 0.1893544960216353