2 0.6572252728257547 0.7972584130214084 0.1114556504675381 0.0961716980251019
7 0.6396923391807292 0.738984838067551 0.11142837939029934 0.09148419802510191
12 0.6182622458947834 0.6825240869878169 0.11302724082661779 0.09783432757475126
12 0.5983855622497579 0.6244007063584334 0.1114556504675381 0.09617169802510173
17 0.578517968963812 0.5678398257290498 0.10832156010845857 0.0944089389258032
22 0.5586503756778661 0.5112789450996663 0.10988406010845857 0.09450906847545255
27 0.535666872751 0.4564808235695814 0.11144656010845858 0.0946091980251019
27 0.517366324644594 0.40060106339054863 0.10986587939029935 0.09138406847545255
27 0.4982890717177277 0.3455526179863405 0.10986587939029935 0.09138406847545247
32 0.47843056879086143 0.29055423735695707 0.11144656010845858 0.09460919802510181
32 0.45857661104353503 0.2363371067275736 0.11458065046753826 0.09637195712440043
32 0.437932312937129 0.18060754087301473 0.11300906010845857 0.09470932757475117
19 0.41963631001026275 0.12550903069398195 0.0973295179539809 0.0843330320782579
19 0.3989965570833965 0.07056071483942311 0.09887383723582169 0.08130816162790724