25 0.3671677346025987 0.8749882574553404 0.09817751482874755 0.07308581050398359
30 0.3816414114846248 0.8269144703083219 0.09655134783255326 0.07147784639736088
35 0.400021338366651 0.7789543434278599 0.09817751482874755 0.07308581050398359
18 0.41915068175057996 0.7317981986007095 0.08842051285158128 0.06343802586424747
23 0.4359999421307032 0.683011357613625 0.09492518083635879 0.06986988229073816
28 0.45437986901272936 0.635051230733163 0.09173651384016442 0.06821645407749273
3 0.46963479589475554 0.5870001756394558 0.08861151384016441 0.06812552586424747
8 0.4887641392786845 0.5398440308123054 0.09336268083635879 0.06982441818411544
8 0.5238659925484452 0.44622206294475897 0.09017401384016459 0.06817098997087001
13 0.5063628161607105 0.4918611718785321 0.09017401384016441 0.06817098997087001
13 0.5384351699247629 0.3958045257977404 0.0886115138401646 0.06812552586424747
18 0.5593180142972749 0.3440063450772126 0.08848417984777565 0.06500052586424747
18 0.5751313566926208 0.30144677203681675 0.08848417984777565 0.06500052586424747
23 0.5952329510651329 0.2496258592629776 0.0886751808363588 0.06968802586424747
28 0.6112372944490618 0.20237878622258174 0.0918001808363588 0.06977895407749282
38 0.6344002218253795 0.15221130166198793 0.09505251482874755 0.07299488229073817
38 0.6537205661978917 0.10036765683483742 0.09505251482874755 0.07299488229073817