24 0.4158537145348813 0.929620033935412 0.11910855027685514 0.10443405601527189
24 0.4378078601236596 0.8794018579328668 0.11910855027685514 0.10443405601527189
24 0.4736743113879639 0.8313637999284124 0.11734579117755661 0.1012908746817267
4 0.4450543653654469 0.6201359459341393 0.13200906847545255 0.11082950668363552
4 0.46722855645071837 0.5543018605983667 0.14168445712440042 0.11562609468490823
39 0.48902201573458715 0.48222686592936687 0.15009773442229637 0.1250920013526354
39 0.5243773272702092 0.417800739258458 0.15342299352159508 0.1282533640197263
39 0.5615454626799548 0.3494501812540036 0.16173614126984165 0.13615677068745358
36 0.4843102251753395 0.7750319839274578 0.12692105027685513 0.10452496268299924
36 0.5109518707641177 0.7247592639242763 0.11860790252860856 0.09662155601527189
36 0.5440938402270193 0.6705075685869127 0.12505816162790725 0.09981928134945388
36 0.5665986983388688 0.6116956425843674 0.1336716980251019 0.11241018801718106
6 0.5915474360003676 0.5512939445815039 0.13200906847545255 0.11082950668363552
6 0.628164858887042 0.4915371365770495 0.1404223457733483 0.12029541335136287
6 0.6645016795219627 0.423976919239368 0.14697273442229636 0.12505563868554467
15 0.7710496730435578 0.29626899522600497 0.15009773442229637 0.1250920013526354
20 0.8211986698043552 0.23245139588641434 0.15196062307124442 0.12979768268618094
35 0.7269003524086368 0.36392011923141376 0.15674825262089379 0.13141472668681722