15 0.5907810228282395 0.8881200851927182 0.11416545157021041 0.11158291549465318
10 0.6015881421868541 0.9372842930382405 0.13001777210332383 0.11948631908544911
22 0.4681709899708701 0.08479107299427391 0.1366769490629279 0.13358518052176752
22 0.47612589396922067 0.14334846155795544 0.12220527210332363 0.11944086729005096
22 0.4879643159142599 0.20110187422393794 0.12537573620994635 0.12102154800821019
2 0.49743625580598777 0.25808767242853986 0.13024509263643722 0.1272988190854491
2 0.5045644456977156 0.31508710617176117 0.12537573620994635 0.12102154800821019
8 0.5140136535361322 0.371291654376363 0.11898934389007838 0.11629768657189174
8 0.5210963793212373 0.4267285881195845 0.11894387978345584 0.11473518657189175
8 0.5289148909997199 0.480598476683266 0.11416545157021041 0.11158291549465282
23 0.5343441885715796 0.5329195007855669 0.11090405925034226 0.10687723477649361
23 0.5460462181967507 0.5859854134515494 0.11733591567683313 0.11316359621281205
23 0.5545323196086767 0.6359445068356911 0.12215980799670109 0.11787836729005097
17 0.5615923133404704 0.6906001905789125 0.10286423871722902 0.09901928298109546
17 0.5692517006457736 0.739001329142594 0.09486988229073816 0.09272383118569749
17 0.5761753020576993 0.7889695128858154 0.10286423871722902 0.09901928298109546
17 0.5846614034696251 0.838928606269957 0.10451766693047429 0.10215337334017534