26 0.46884222539871534 0.07109375 0.06370013050895836 0.0515625
26 0.469279289703264 0.1234375 0.06370013050895836 0.0515625
26 0.46895328780340295 0.1765625 0.060538762917777864 0.05
7 0.47026252108590294 0.2328125 0.05879442496187508 0.0421875
7 0.47311607057281274 0.28828125 0.06348192496187507 0.0421875
7 0.4720633700597225 0.34375 0.05723192496187508 0.0421875
7 0.471773735751042 0.3984375 0.0589398953265972 0.0484375
14 0.4723562704203129 0.45703125 0.06035692496187508 0.0421875
14 0.47444675370281286 0.51328125 0.058867160144236055 0.0453125
14 0.47266735457649356 0.57109375 0.062137630508958354 0.0515625
14 0.47326807304135465 0.63046875 0.057304660144236054 0.0453125
21 0.4730693577106256 0.6890625 0.06835126291777786 0.05
21 0.47764906135784785 0.7515625 0.06995013050895835 0.0515625
21 0.4783043312094799 0.81328125 0.06678876291777769 0.05
19 0.47895960106111185 0.875 0.055887630508958355 0.0515625
19 0.4796512385039244 0.93828125 0.055887630508958355 0.0515625