20 0.46875 0.10859375 0.09375 0.0609375
5 0.4640625 0.16171875 0.09375 0.0609375
10 0.4578125 0.2140625 0.090625 0.0578125
2 0.45546875 0.26640625 0.09375 0.0625
7 0.45 0.31953125 0.09375 0.0609375
12 0.44375 0.37421875 0.090625 0.0609375
32 0.44375 0.428125 0.09375 0.0640625
37 0.43828125 0.4828125 0.09375 0.0640625
40 0.4359375 0.5375 0.0921875 0.0625
17 0.43046875 0.59296875 0.090625 0.0640625
22 0.42578125 0.64921875 0.09375 0.0640625
27 0.42265625 0.70390625 0.09375 0.0640625
12 0.4171875 0.76171875 0.0953125 0.065625
12 0.4125 0.81796875 0.096875 0.0640625
12 0.41015625 0.87421875 0.0953125 0.065625
2 0.4046875 0.93203125 0.0984375 0.0671875
2 0.4015625 0.9796875 0.096875 0.040625