5 0.8671875 0.47109375 0.0640625 0.1
9 0.8078125 0.47578125 0.0578125 0.090625
9 0.7484375 0.4796875 0.05625 0.09375
9 0.6890625 0.48359375 0.05625 0.090625
14 0.62890625 0.490625 0.0578125 0.090625
14 0.56953125 0.49453125 0.0546875 0.084375
6 0.5109375 0.49921875 0.0578125 0.090625
11 0.45390625 0.50390625 0.0609375 0.090625
16 0.3953125 0.50625 0.0625 0.0953125
21 0.33671875 0.5125 0.0625 0.090625
26 0.278125 0.51640625 0.0609375 0.0921875
31 0.21875 0.521875 0.0578125 0.090625
31 0.16171875 0.5265625 0.05625 0.0875
36 0.10390625 0.53203125 0.0609375 0.0890625
39 0.0453125 0.534375 0.0609375 0.0890625