12 0.9654977132820359 0.3342334747139141 0.06900457343592806 0.14350777297895928
24 0.9358740259440165 0.36395005552786774 0.1187052236549981 0.1506589389258032
24 0.8795890597621956 0.39817366363971723 0.12026772365499809 0.15075906847545245
4 0.8224044444102114 0.4308848365263914 0.12519202199532414 0.15418445712440043
36 0.7622132282283903 0.4653587685123643 0.1233927236549981 0.15095932757475108
31 0.7041881632913247 0.49733875617386314 0.12351112282516112 0.15252182757475125
26 0.6456186466945854 0.5324938086101867 0.1233927236549981 0.15095932757475125
21 0.5862086805127642 0.5669176758213349 0.12507362282516113 0.15262195712440044
16 0.5267395147458617 0.600560293032483 0.13324132033565023 0.15781010487264702
16 0.40647548155238267 0.6710706570044287 0.13324132033565023 0.15781010487264702
11 0.4673887481491222 0.6357654102436312 0.12339272365499827 0.15095932757475125
11 0.34478096495564314 0.7064259685400509 0.13324132033565023 0.15781010487264702
6 0.28470814794398513 0.7424624005260239 0.13167882033565032 0.15770997532299766
35 0.22349888342183805 0.7738613972868212 0.12675452199532425 0.1542845866740498