25 0.1550283729143608 0.5008789844222964 0.057269884330011324 0.09236677513842757
30 0.20585968768918547 0.5049144447858993 0.05716975478036197 0.09080427513842756
35 0.25689126156330877 0.5120749051495023 0.057269884330011324 0.09236677513842757
18 0.3072417149870814 0.5207478007382805 0.048956736581764734 0.08405362739018099
23 0.35895440931155537 0.5263958258767081 0.05550712523071262 0.08914164558877821
28 0.40998598318567864 0.533556286240311 0.05374436613141391 0.08591651603912887
3 0.460867362735328 0.5383729966039139 0.05354410703211539 0.08279151603912886
8 0.511167751384276 0.5462646421926923 0.05540699568106326 0.08757914558877822
8 0.6108871491325225 0.5604353685954242 0.05364423658176474 0.08435401603912904
13 0.5621993252583992 0.5534251025562952 0.05364423658176474 0.08435401603912887
13 0.6632308991325225 0.5637897085086765 0.05354410703211539 0.08279151603912886
18 0.7190501025562952 0.5728130575212272 0.050419107032115384 0.08259125693983016
18 0.7645628616555938 0.5788418144610576 0.050419107032115384 0.08259125693983034
23 0.8203320003045418 0.5870839134736086 0.05656897748246621 0.08142927513842757
28 0.8697009446290156 0.592581744287562 0.05520673658176491 0.08445414558877821
38 0.9241078423772624 0.6038487137504637 0.058531995681063265 0.08777940468807692
38 0.9752804592054269 0.6113095627630146 0.049439081589146026 0.08777940468807692