29 0.84863268275194 0.812979029848868 0.12187260487264702 0.127852762324472
29 0.797691944010707 0.7713780280398458 0.12343510487264701 0.1279346494796016
29 0.7444074552694739 0.7296541954981288 0.12010984577334849 0.12464587516934209
41 0.6925352722037669 0.6856685001115417 0.12509773442229638 0.12957903663473136
41 0.6391005891380599 0.6416009175698247 0.12177247532299766 0.12629026232447185
41 0.5841034060723529 0.597451447872978 0.12020997532299767 0.12620837516934208
38 0.5308689821059446 0.5565088653312611 0.12177247532299766 0.12629026232447202
33 0.4782155490402375 0.512482226367109 0.12343510487264701 0.1279346494796016
28 0.4255621159745305 0.468455587402957 0.12353523442229637 0.12949714947960161
28 0.37066506245847275 0.4258686177061103 0.12509773442229638 0.12957903663473136
23 0.3155677498431165 0.38015664800926363 0.12509773442229638 0.12957903663473136
18 0.25900806677740945 0.3359252911572872 0.12509773442229638 0.12957903663473136
3 0.20386068938722848 0.2894320714604405 0.12020997532299775 0.12620837516934208
3 0.14656982109634614 0.24594102103089915 0.12676036397194568 0.13122342378986113