38 0.42890625 0.59375 0.1109375 0.1453125
38 0.35390625 0.5765625 0.1140625 0.146875
38 0.28046875 0.5578125 0.1140625 0.1453125
28 0.76015625 0.53984375 0.10625 0.1359375
28 0.6890625 0.52109375 0.1078125 0.1390625
28 0.61484375 0.50234375 0.1109375 0.1421875
13 0.540625 0.4859375 0.1078125 0.1421875
13 0.46875 0.465625 0.1078125 0.140625
13 0.396875 0.44765625 0.1109375 0.14375
13 0.321875 0.4296875 0.1109375 0.14375
8 0.24921875 0.409375 0.1109375 0.140625
3 0.57578125 0.63203125 0.109375 0.14375
3 0.50234375 0.6109375 0.1078125 0.1421875
3 0.175 0.38984375 0.1140625 0.14375