35 0.203125 0.0875 0.0890625 0.1109375
30 0.25390625 0.10625 0.0875 0.1078125
10 0.303125 0.12734375 0.0875 0.109375
38 0.353125 0.15078125 0.0890625 0.1109375
38 0.403125 0.17109375 0.0890625 0.109375
38 0.4515625 0.1921875 0.0875 0.1078125
28 0.50078125 0.21171875 0.0859375 0.10625
28 0.5484375 0.23125 0.0859375 0.10625
28 0.596875 0.2515625 0.0875 0.1078125
28 0.64375 0.27265625 0.0875 0.1078125
41 0.690625 0.29375 0.0859375 0.10625
41 0.7390625 0.3140625 0.0859375 0.10625
19 0.7859375 0.3328125 0.0875 0.1078125
19 0.83515625 0.3515625 0.0875 0.109375
19 0.88125 0.3703125 0.0859375 0.10625
24 0.928125 0.39296875 0.0859375 0.1046875
24 0.96640625 0.409375 0.0671875 0.10625
24 0.9921875 0.43046875 0.015625 0.096875