26 0.8671875 0.321689104793625 0.0828125 0.0966418762235353
26 0.825 0.36005963483069187 0.090625 0.10785219473518967
31 0.78125 0.3999381011654279 0.090625 0.10628969473518968
36 0.74140625 0.4399529767559911 0.0859375 0.10143850362819702
39 0.69609375 0.47587062938839625 0.0859375 0.09987600362819701
21 0.653125 0.5165576275742978 0.0921875 0.10634425843752045
26 0.60859375 0.5587525620578683 0.09375 0.10796132213985139
31 0.5625 0.595424182839108 0.096875 0.1127579495445131
6 0.51796875 0.6360566173226787 0.09375 0.10796132213985139
11 0.46875 0.6694941106992568 0.1015625 0.11917164065150558
16 0.4296875 0.7181300181409853 0.109375 0.12725695916315996
31 0.38046875 0.7531300115175634 0.1125 0.12892858656782166
36 0.3375 0.8000670097034648 0.1125 0.12892858656782166
39 0.290625 0.8406175986335391 0.1125 0.13049108656782166
30 0.24296875 0.8827034057124481 0.1078125 0.12563989546082902