8 0.8911635387094071 0.361355654113699 0.12178518801718105 0.13286781094499087
13 0.837720912714816 0.39837429726172263 0.12494655068427178 0.13615658525525037
13 0.780335674053134 0.4320632225219218 0.13126927601845378 0.14273413387576941
23 0.7252487320575882 0.4619687285148156 0.13602950135263542 0.14922979534115868
18 0.6687447407304061 0.5042923473525797 0.12652723201781732 0.13780097241038014
23 0.6121407520687241 0.5380222161903437 0.12812609468490824 0.1410078595655099
28 0.5548009667409056 0.5756173914505429 0.13443063868554467 0.14602290818602892
18 0.4981697060789054 0.607003510288307 0.1265090506842718 0.13623847241038015
23 0.4377140114178598 0.6452161612382467 0.12968859468490823 0.14108974672063965
28 0.3796202480903595 0.6851141429208809 0.1328681386855446 0.14594102103089918
38 0.318374212762541 0.7225046002932557 0.13601132001909005 0.1476672953411587
41 0.2595173807685862 0.7639241383983253 0.13917268268618094 0.1509560696514182
33 0.19669975477399507 0.8004514586155702 0.14075336401972635 0.15260045680654777