36 0.758576659375 0.6933390546875 0.757817909375 0.7239332625 0.7992032124999999 0.7167784171875 0.80105715625 0.6879237890625001 0.758576659375 0.6933390546875
36 0.6970784609375 0.4638885609375 0.734816740625 0.45069492968749997 0.7224925265625 0.3974869546875 0.6835226203125 0.410724859375 0.6970784609375 0.4638885609375
36 0.6884110046874999 0.5343241671875 0.648056246875 0.544212146875 0.657763875 0.5919430484375 0.6948473203125001 0.5813930390625 0.6884110046874999 0.5343241671875
31 0.7713369375 0.43219056875 0.7633465203124999 0.474254590625 0.8109991531249999 0.47539265156250005 0.819036840625 0.43758062343750004 0.7713369375 0.43219056875
21 0.7386251546875 0.5154659015624999 0.740858765625 0.5518316140625 0.7882102140625 0.54161543125 0.7871528234375 0.5066153625 0.7386251546875 0.5154659015624999
11 0.730125021875 0.599373115625 0.7619968874999999 0.607228803125 0.7809911375 0.563148259375 0.7486317890625 0.5549673359375 0.730125021875 0.599373115625
22 0.8095458109375 0.70306325 0.791008203125 0.730454028125 0.8225033203125 0.7447078406250001 0.8394599765624999 0.7185171546875 0.8095458109375 0.70306325
12 0.8823727546875 0.5823028671875 0.8521600109374999 0.5969275796875 0.862927184375 0.63373571875 0.8920536640625001 0.6172976390625 0.8823727546875 0.5823028671875
41 0.8364296421875 0.43944341875 0.835728590625 0.47686290624999994 0.8806996187499999 0.469855065625 0.8827392843749999 0.432140465625 0.8364296421875 0.43944341875
38 0.7895127328125 0.39016595 0.781303296875 0.4319369734375 0.8294689296875 0.43641500312500003 0.8368215921875001 0.3965700453125 0.7895127328125 0.39016595
28 0.8578540203125 0.6253951062499999 0.825726303125 0.631766115625 0.82834299375 0.6713862703125 0.858605775 0.6630343328125 0.8578540203125 0.6253951062499999
33 0.757480728125 0.6918162859375 0.7240330046875 0.6943929890625 0.7170822390625 0.735090228125 0.748908978125 0.73297443125 0.757480728125 0.6918162859375
33 0.8935769234375 0.4635569640625 0.8763378812499999 0.49905173906250005 0.9124938437500001 0.512126184375 0.9296080546875001 0.48010238281250006 0.8935769234375 0.4635569640625
33 0.797635109375 0.476367978125 0.790625103125 0.5145582531249999 0.8360365078124999 0.5158954171875 0.8428952046875 0.47908231875 0.797635109375 0.476367978125
28 0.69733465625 0.4767700203125 0.680471521875 0.5133389046875 0.7279855296875 0.5290529875 0.7441965328125 0.493625821875 0.69733465625 0.4767700203125
23 0.669787159375 0.6088965296875 0.670763203125 0.6436504249999999 0.7183926859375 0.634926853125 0.71806605 0.602328828125 0.669787159375 0.6088965296875
18 0.7439113234375 0.733870975 0.74012975625 0.7624285671875 0.7835742984375 0.75677285625 0.785770940625 0.7276795109374999 0.7439113234375 0.733870975
18 0.7932773625 0.516406846875 0.7862414171875 0.563571428125 0.819595209375 0.563591609375 0.8278131046875 0.5161655328125 0.7932773625 0.516406846875
8 0.8443927890625 0.4787099078125 0.8400862296874999 0.523698278125 0.8730996203125001 0.520826709375 0.8785659562499999 0.4741145453125 0.8443927890625 0.4787099078125
8 0.6984334078125001 0.5861988859375 0.735578475 0.5815891875 0.735210509375 0.5335970999999999 0.6961481734375 0.5385599015625 0.6984334078125001 0.5861988859375
13 0.8289657 0.5290589828125001 0.8235946125 0.5624461843749999 0.8683204640625 0.5569068765625 0.8716737406249999 0.5234369109375 0.8289657 0.5290589828125001
13 0.8076349828125 0.6040388046875 0.8086523859374999 0.632675734375 0.8486887375000001 0.6264871375000001 0.8512378937499999 0.595655978125 0.8076349828125 0.6040388046875
13 0.8627208875000001 0.646335346875 0.8599541109375 0.6847492265625 0.8883829656250001 0.6774577796875 0.8931444640624999 0.6407530546875 0.8627208875000001 0.646335346875
8 0.8287924734375001 0.6740685515625 0.8291227453125 0.711072546875 0.8584731250000001 0.7016226546875 0.8585974671875001 0.6660031125 0.8287924734375001 0.6740685515625
3 0.619523984375 0.74527528125 0.6547673296875 0.7662339765625 0.6801233375 0.738984871875 0.64525838125 0.71712273125 0.619523984375 0.74527528125
3 0.8871418765625 0.43051286875 0.8897070250000001 0.39171454687499996 0.8433093703125 0.3971080375 0.8414090359375 0.436883434375 0.8871418765625 0.43051286875
19 0.737252303125 0.659308434375 0.731348484375 0.691805209375 0.7741172625 0.6906230953125 0.7820582578125 0.658736896875 0.737252303125 0.659308434375
19 0.7902146890624999 0.6496557515625 0.7963821890625 0.6868051625 0.826477371875 0.6765826765625 0.8227851156250001 0.6398781296875 0.7902146890624999 0.6496557515625
9 0.8170862015625 0.564990096875 0.8164835328125 0.598324984375 0.8579662000000001 0.592205453125 0.8611846140624999 0.5589815234375 0.8170862015625 0.564990096875
4 0.884312540625 0.54425310625 0.8845263093750001 0.5768759218749999 0.92410681875 0.56871638125 0.9267206953124999 0.5364880390625 0.884312540625 0.54425310625
4 0.6754603703125001 0.6938017359375 0.669125959375 0.7238535374999999 0.7134551796874999 0.7249754187499999 0.7208776390625 0.6944941375 0.6754603703125001 0.6938017359375
4 0.67945091875 0.6718675000000001 0.701764978125 0.691337725 0.737290903125 0.6583969125 0.715813159375 0.636532909375 0.67945091875 0.6718675000000001
29 0.7825054703125 0.6173470734375 0.753344909375 0.6058783562500001 0.7300841203124999 0.6483541625 0.7603585453124999 0.658075 0.7825054703125 0.6173470734375
29 0.7651121421875 0.60761985625 0.793988515625 0.6181747890625 0.8154443640625001 0.5773512046875 0.78752646875 0.5647821296875 0.7651121421875 0.60761985625
17 0.6363063109375 0.1733104546875 0.6565143359375 0.1789500859375 0.6997743578125 0.23210839375 0.7344982328125 0.1949147328125 0.6930610640625 0.1395999 0.6713134390625 0.13502575156250002 0.6363063109375 0.1733104546875
17 0.6005829421875 0.212209478125 0.6205042046875 0.21868154374999998 0.665197225 0.26910955468750003 0.6997562890625 0.23241181718749998 0.656136240625 0.17871790625 0.6364621296874999 0.17352693125000002 0.6005829421875 0.212209478125
12 0.5655739671875 0.250339921875 0.584492959375 0.25842793125 0.6309721265625 0.307283809375 0.66575364375 0.2702809515625 0.620546525 0.21891385625 0.6004909265625 0.21197542500000002 0.5655739671875 0.250339921875
7 0.5305385515625 0.2889389234375 0.548392278125 0.2978623890625 0.5961766265625 0.34406739218750004 0.630517590625 0.3074232078125 0.5845408437499999 0.258779265625 0.5655785843750001 0.250335840625 0.5305385515625 0.2889389234375
2 0.496043521875 0.32674260624999996 0.511069059375 0.33551708750000003 0.561291059375 0.38150196875 0.5963329140625 0.34518329062499997 0.5491339421875 0.2984637578125 0.5306173515625 0.28896027968750004 0.496043521875 0.32674260624999996
32 0.46146583750000003 0.364412240625 0.4774029578125 0.37514523906249997 0.5270196015625 0.41766207499999997 0.5612428671874999 0.381750625 0.5108865437500001 0.335542984375 0.4956393671875 0.32667545 0.46146583750000003 0.364412240625
27 0.42732840312500003 0.4017559234375 0.442096996875 0.4128853515625 0.493436134375 0.453890265625 0.5271041921874999 0.41832191874999997 0.4774708875 0.3754919171875 0.4610682375 0.36442250625 0.42732840312500003 0.4017559234375
22 0.39407018125 0.43867623125 0.407581128125 0.4507041171875 0.4608666390625 0.49029332812500004 0.49405698437499995 0.454778715625 0.44202407499999996 0.41310953125000005 0.4276432359375 0.40198385468750003 0.39407018125 0.43867623125
40 0.3595844703125 0.4748619984375 0.3710340265625 0.48656370937500004 0.428079725 0.5265939421875 0.460342315625 0.49057182343749994 0.4079880765625 0.4511631859375 0.39381622968749996 0.4386876828125 0.3595844703125 0.4748619984375
37 0.32531404375 0.5114721078125 0.3369437296875 0.5255457 0.3943694203125 0.5625956859375 0.4267393640625 0.52607048125 0.3712033625 0.4870614953125 0.35973955156250004 0.474923940625 0.32531404375 0.5114721078125
32 0.291304078125 0.5487357859374999 0.3024170453125 0.56383640625 0.3594481234375 0.59859379375 0.3937697875 0.5624547171875001 0.336676678125 0.5253522 0.32537825468750003 0.511940846875 0.291304078125 0.5487357859374999
40 0.25685035 0.5864845921875 0.266225978125 0.6021719015625 0.32659499531249997 0.6349570546875001 0.35991158749999996 0.5986034328125001 0.3022262140625 0.564060596875 0.291500590625 0.5491829390625 0.25685035 0.5864845921875
37 0.221844753125 0.62415604375 0.23122038125 0.6398433531250001 0.2930261765625 0.6714803 0.3267390703125 0.6354490687500001 0.266729071875 0.6021385593749999 0.2568147765625 0.5864437453125 0.221844753125 0.62415604375
32 0.18806369218750002 0.66152920625 0.19679304375 0.67819099375 0.2603378265625 0.7075380375 0.29297147031250004 0.6718513703125 0.230900778125 0.6400657375 0.221550790625 0.6242184187500001 0.18806369218750002 0.66152920625
35 0.1540621546875 0.6985304234374999 0.16221276093749998 0.7164400859375 0.2266376625 0.74475093125 0.2597732875 0.7078449234375 0.196699984375 0.67817399375 0.1875492296875 0.6612196031249999 0.1540621546875 0.6985304234374999
15 0.12001737812499999 0.7364476140625 0.1270099609375 0.7544994875000001 0.19314486250000001 0.78117625625 0.22717415624999998 0.7448874203125 0.1622742234375 0.7165353203125 0.15412130468750002 0.6987700593749999 0.12001737812499999 0.7364476140625
0 0.0867664078125 0.773542078125 0.0921243328125 0.793314090625 0.15962996406250002 0.8185404343749999 0.192909353125 0.7816858625 0.12703171875 0.75472105625 0.11993324062499999 0.7365423375 0.0867664078125 0.773542078125