29 0.09296875 0.30234375 0.0953125 0.125
29 0.15859375 0.3234375 0.0984375 0.1265625
24 0.2234375 0.346875 0.096875 0.1265625
34 0.290625 0.36875 0.1015625 0.1265625
19 0.359375 0.3921875 0.1015625 0.125
14 0.42578125 0.41484375 0.0953125 0.1234375
9 0.4921875 0.4375 0.0953125 0.125
4 0.55859375 0.4609375 0.0984375 0.125
41 0.625 0.48359375 0.0984375 0.1265625
3 0.6953125 0.50625 0.0953125 0.1234375
40 0.7640625 0.53203125 0.1015625 0.1265625
2 0.834375 0.55546875 0.0953125 0.1234375
39 0.89921875 0.58046875 0.0953125 0.125
1 0.959375 0.60078125 0.08125 0.128125