8 0.8470320515624999 0.5412688625000001 0.879967709375 0.5626114390625 0.906326615625 0.5254273453125 0.8741930421875 0.49785800468749997 0.8470320515624999 0.5412688625000001
22 0.9334827078125001 0.47178095156250005 0.9603894796875 0.4542877234375 0.934184865625 0.4069177796875 0.907288128125 0.42408309843750003 0.9334827078125001 0.47178095156250005
1 0.911382459375 0.31674689375 0.8754634546875 0.3409486765625 0.8976073109374999 0.3783687140625 0.93350420625 0.35737759062499996 0.911382459375 0.31674689375
38 0.9857448874999999 0.5492929609375 0.9476609953124999 0.5644171499999999 0.9596781171875 0.5987727640625 0.9792322499999999 0.5880820203125 0.987087340625 0.5557927921875 0.9857448874999999 0.5492929609375
3 0.85554998125 0.41958774375 0.821458075 0.440134025 0.8573971109375 0.4858155203125 0.88768909375 0.4630061546875 0.85554998125 0.41958774375
39 0.7663750234375 0.7240989796874999 0.767884396875 0.765242359375 0.8226855953125 0.75964599375 0.8222855328125 0.722365175 0.7663750234375 0.7240989796874999
33 0.8272338421875001 0.720189796875 0.8540940750000001 0.7431050921875 0.8878084625 0.7071768734375 0.8617608703125 0.6836475562500001 0.8272338421875001 0.720189796875
2 0.816543496875 0.307132953125 0.8568617890624999 0.32164712500000003 0.8600245671875 0.267613796875 0.8207876484375 0.2540606265625 0.816543496875 0.307132953125
37 0.8252214578125001 0.525048534375 0.8036477218750001 0.5569476265625 0.8435286906250001 0.59024425 0.8650549265624999 0.5580215203125001 0.8252214578125001 0.525048534375
36 0.707175184375 0.3343802421875 0.760043315625 0.34842189375 0.7602572046875 0.2839558125 0.708004884375 0.2680683828125 0.707175184375 0.3343802421875
23 0.8817528859375001 0.50289716875 0.916355009375 0.518768353125 0.9316439375 0.47567358750000005 0.9009166343749999 0.4578730359375 0.8817528859375001 0.50289716875
31 0.86091411875 0.6054691046875 0.8898154828125 0.6268107703125 0.9170273171875 0.5872995546875 0.889259759375 0.565372571875 0.86091411875 0.6054691046875
12 0.9103516484374999 0.6088177531250001 0.9254899171875 0.64334704375 0.9658817671875 0.6198273140625 0.9495662062499999 0.5893179468749999 0.9103516484374999 0.6088177531250001
6 0.9145088203125 0.5250771484375 0.8907935734375 0.5511623984375 0.9246786640625 0.5862949937499999 0.9475148843750001 0.5594513671875 0.9145088203125 0.5250771484375
6 0.853850609375 0.242825978125 0.9056681984375 0.2558166625 0.9026088109374999 0.21123869687500002 0.8497897968749999 0.1965331421875 0.853850609375 0.242825978125
27 0.8870170484375001 0.387813221875 0.9061741703124999 0.422476253125 0.9420255843750001 0.39985007031249997 0.922098559375 0.36517009218749996 0.8870170484375001 0.387813221875
27 0.801965775 0.3938087984375 0.8258994171875 0.4302275671875 0.865191128125 0.40476047812499993 0.8424421499999999 0.3679024109375 0.801965775 0.3938087984375
16 0.8647314453125 0.3954260625 0.8943247968750001 0.377493940625 0.8646875515625 0.326593225 0.83213976875 0.3468402609375 0.8647314453125 0.3954260625
16 0.8856356468750001 0.393110140625 0.8541607109375 0.41495556875000006 0.8883510031249999 0.46181669375 0.9150485953124999 0.44242408125 0.8856356468750001 0.393110140625
12 0.94244916875 0.4714169375 0.9627988296875 0.5110948953125 0.9888978328125001 0.4960813703125 0.968500078125 0.4541918671875 0.94244916875 0.4714169375
12 0.73937158125 0.5251952953125001 0.7775261578125 0.5387387328125001 0.7945054359375 0.48649106093750005 0.7537351343750001 0.4710526828125 0.73937158125 0.5251952953125001
28 0.8351441859375001 0.8443521374999999 0.8639056625 0.857247625 0.8914534703125 0.8175619609375 0.8631050578125 0.8004779015624999 0.8351441859375001 0.8443521374999999
28 0.8042810984375001 0.502673525 0.8516875546874999 0.531202096875 0.8680082703125 0.499422746875 0.8249015828124999 0.46959901249999997 0.8042810984375001 0.502673525
41 0.7457067203125 0.59486951875 0.8016027703124999 0.61025605625 0.8114000890625 0.5712324921875 0.7573390734375 0.5544227703125 0.7457067203125 0.59486951875
41 0.7535017109375 0.6713804578125 0.786083646875 0.647627290625 0.7534155046875 0.6053874265625 0.71852833125 0.6303846125 0.7535017109375 0.6713804578125
24 0.8475872203125 0.6740525078124999 0.8810340406250001 0.6752019703125 0.8871613625 0.6282540171875 0.8538130171875 0.6249090109375001 0.8475872203125 0.6740525078124999
4 0.7533337671875 0.1569159328125 0.8012885703125001 0.1876488953125 0.8179679546875 0.135415990625 0.7722627640625 0.10148213749999999 0.7533337671875 0.1569159328125
9 0.8845461421874999 0.6934082015625 0.912764425 0.7009809328125 0.9268501625000001 0.65811523125 0.8975932046875 0.647728790625 0.8845461421874999 0.6934082015625
9 0.8701936343750001 0.3050986671875 0.915873921875 0.30915705 0.9085879734375 0.2663669234375 0.863014971875 0.26084539218749997 0.8701936343750001 0.3050986671875
19 0.96796106875 0.37129494687500003 0.94601394375 0.3897433125 0.9705495234375 0.431436128125 0.9945455875 0.41376944687500006 0.96796106875 0.37129494687500003
19 0.784785884375 0.362939875 0.8260428234375 0.3634660046875 0.813389321875 0.304067809375 0.7703253390625 0.3017085625 0.784785884375 0.362939875
21 0.7647364609375 0.27224255625 0.801944834375 0.287385725 0.8114365156250001 0.23183687343749998 0.7705447953125 0.21026410156250003 0.7647364609375 0.27224255625
21 0.66806641875 0.6042328296874999 0.719181165625 0.606300828125 0.7168013953125 0.5476764171874999 0.6668937578125 0.5434824984375 0.66806641875 0.6042328296874999
29 0.757875184375 0.42152014531250004 0.7678132328125 0.46826454218749997 0.822015803125 0.465413334375 0.813871975 0.42375020625 0.757875184375 0.42152014531250004
29 0.694168875 0.3993035484375 0.6901564265625 0.4462181421875 0.750320675 0.4598173859375 0.755197721875 0.4141568125 0.694168875 0.3993035484375
36 0.49343833125 0.067494634375 0.4326678234375 0.0327856078125 0.3804884703125 0.0288316921875 0.3681842421875 0.0658642796875 0.4778436734375 0.12240075624999999 0.49343833125 0.067494634375
36 0.3687223828125 0.0682758171875 0.350740171875 0.1256182078125 0.4627155296875 0.179607665625 0.4783101890625 0.1247015453125 0.3687223828125 0.0682758171875
31 0.3518541375 0.1273557421875 0.33459430156250003 0.1853736921875 0.44855626875 0.23636534375 0.4641509265625 0.1814592203125 0.3518541375 0.1273557421875
26 0.3338569890625 0.18714455624999998 0.3141690625 0.24734359375 0.43354895937500004 0.29611854375 0.44997953281249997 0.2390235546875 0.3338569890625 0.18714455624999998
21 0.3128352296875 0.24782169999999998 0.29492396875 0.3081151921875 0.41502330625 0.3519913796875 0.43145387968750004 0.294896390625 0.3128352296875 0.24782169999999998
16 0.2958745625 0.3092010703125 0.2760992953125 0.37186390468749997 0.39917903125 0.41026719062500006 0.41681974374999997 0.35373673437500003 0.2958745625 0.3092010703125
11 0.2757195796875 0.3736091640625 0.2576151625 0.43525998125000004 0.38427501875000003 0.4698706796875 0.4019157296875 0.4133402234375 0.2757195796875 0.3736091640625
6 0.25824881718750003 0.4363526765625 0.2398502578125 0.49526248125 0.36714918124999996 0.5276186625 0.3847898953125 0.47108820781249994 0.25824881718750003 0.4363526765625
36 0.2423462609375 0.4982999515625 0.2233768390625 0.5584018390625001 0.3509849703125 0.5857409609374999 0.36862568281249997 0.5292105031250001 0.2423462609375 0.4982999515625
31 0.22420926562500001 0.560374 0.20523453749999998 0.6212583265625 0.335238871875 0.6443183203125 0.3503204671875 0.5879488984375 0.22420926562500001 0.560374
26 0.2041513203125 0.6224890656250001 0.1858566609375 0.6834239328125 0.3193162328125 0.70316833125 0.334397828125 0.6467989125 0.2041513203125 0.6224890656250001
11 0.18203820625 0.6842092562500001 0.1647568015625 0.7449250640625 0.2984236546875 0.7616892265625 0.31465259687499997 0.7036793359375 0.18203820625 0.6842092562500001
11 0.1636926421875 0.746065440625 0.14531505312499998 0.8091635187499999 0.2798092828125 0.8197116140625 0.2948908765625 0.76334219375 0.1636926421875 0.746065440625
11 0.1446154859375 0.8113362234375 0.12749574531250002 0.8721968671875 0.2646766203125 0.8797041078125 0.277274928125 0.8211069375 0.1446154859375 0.8113362234375
25 0.11033905 0.9274898546875001 0.158550734375 0.9401702953125 0.24542105625000002 0.93870065 0.2620972734375 0.8798684921875 0.127541496875 0.8726615140625 0.11033905 0.9274898546875001