1 0.6418062257995032 0.10236467718076314 0.10368860226293641 0.10227955223856364
11 0.6249368883672898 0.15615141847433586 0.10839428298109546 0.10565021370395292
31 0.6127914123713949 0.21643382123329785 0.0989738311856975 0.09734639077317438
1 0.6068323038619428 0.26610627261277886 0.10211701190385654 0.10063516508343388
6 0.5869061441228264 0.3314479895960921 0.10054542154477701 0.09899077792830405
1 0.579416351870153 0.3865073038204433 0.10211701190385654 0.1006351650834338
36 0.5579776891059745 0.4603608836486268 0.10682269262201594 0.10400582654882307
21 0.5373384570599553 0.5373804070543752 0.10681360226293642 0.10244332654882307
31 0.5330327521412993 0.6027597455889859 0.09740224082661779 0.09570200361804453
6 0.5162134116840239 0.6651402368825586 0.09741133118569749 0.09726450361804453
21 0.5018105440993853 0.740143558908826 0.09269656010845857 0.09233134215265544
1 0.4881571102579681 0.8097190745126582 0.10368860226293623 0.10227955223856355
16 0.47366333908253344 0.8690973965389255 0.09583974082661798 0.09562011646291495
26 0.4630939986252579 0.9318054364530173 0.09425906010845857 0.09241322930778502