40 0.5359375 0.75 0.0765625 0.0640625
40 0.5328125 0.7 0.0703125 0.059375
40 0.52890625 0.64921875 0.0734375 0.0640625
12 0.52578125 0.59609375 0.0671875 0.05
12 0.51953125 0.54609375 0.06875 0.05625
12 0.51484375 0.49453125 0.06875 0.0515625
8 0.51015625 0.440625 0.0671875 0.05
8 0.5046875 0.38828125 0.0640625 0.0453125
8 0.50234375 0.33125 0.06875 0.0484375
6 0.49765625 0.27265625 0.06875 0.053125
6 0.49296875 0.21640625 0.0671875 0.0578125
6 0.4890625 0.159375 0.0703125 0.0609375
4 0.4828125 0.09375 0.06875 0.0578125
4 0.48125 0.03515625 0.0734375 0.065625