20 0.6204293954411201 0.8987630980618697 0.11890829117755644 0.10786676634364482
5 0.5919329580564764 0.8536091351886348 0.11890829117755644 0.10786676634364482
10 0.5617738911221833 0.8099084116717383 0.11402053207825791 0.10441398441265974
2 0.5356712685123644 0.7641370897639963 0.11900842072720579 0.10942926634364483
7 0.5063935811277206 0.7189284965689307 0.11890829117755644 0.10786676634364482
12 0.4756034585179016 0.6728293927302035 0.11568316162790708 0.10608574505632155
32 0.4512135302325566 0.624823581466123 0.12067105027685514 0.11110102698730664
37 0.4212046576227376 0.5787791079492266 0.12067105027685514 0.11110102698730664
40 0.39368972933739255 0.5305547753978228 0.11744592072720587 0.1093200056999832
17 0.3629496715023982 0.4836744215590955 0.11744592072720587 0.1093200056999832
22 0.3330909932170532 0.43528619804219904 0.12067105027685514 0.11110102698730664
27 0.3055260001568835 0.3878431154907952 0.12067105027685514 0.11110102698730664
12 0.2741548866463631 0.33856438133023703 0.12233367982650449 0.11277278763096846
12 0.24346489358619347 0.2909027774915097 0.12233367982650449 0.11277278763096836
12 0.2160000300756731 0.24189719494010592 0.12233367982650449 0.11277278763096846
2 0.18462891656515273 0.19261846077954775 0.1256589389258032 0.11611630891829186
2 0.15978840530638574 0.15164389951546736 0.11009449568106336 0.0916954631253362