14 0.94296875 0.5109375 0.0515625 0.0875
14 0.890625 0.51171875 0.0484375 0.0890625
4 0.83828125 0.51328125 0.053125 0.0875
4 0.784375 0.5109375 0.05 0.084375
4 0.73203125 0.5109375 0.05 0.084375
36 0.67890625 0.5125 0.0515625 0.0875
36 0.62578125 0.50859375 0.0515625 0.0875
36 0.571875 0.5109375 0.0515625 0.0890625
1 0.51875 0.5125 0.05 0.0875
1 0.46484375 0.5125 0.053125 0.090625
1 0.4109375 0.5109375 0.0515625 0.090625
6 0.35625 0.51171875 0.053125 0.0890625
6 0.3015625 0.51171875 0.053125 0.0890625
6 0.2453125 0.51171875 0.0546875 0.0875
10 0.1875 0.51328125 0.0546875 0.084375
30 0.13046875 0.51171875 0.0546875 0.0890625
20 0.07578125 0.5109375 0.046875 0.0921875