41 0.757603023983424 0.6873450779270422 0.1610916654253156 0.14020008035608367
38 0.7115049658778723 0.6209076002481766 0.1658519400324213 0.14184440097293455
33 0.6653705204687674 0.553688872569311 0.1627269400324213 0.14178985389503396
23 0.6191633004525567 0.48490764489044536 0.1627269400324213 0.14178985389503396
18 0.5722839923470049 0.4184838039810548 0.16592471463952715 0.1434069009729347
13 0.5261131596343472 0.35048382630218916 0.16926803846084476 0.14814894805083528
23 0.4783434396181366 0.28172987216227385 0.16926803846084476 0.1481489480508354
18 0.431318582298373 0.2121810312528834 0.16763276385373888 0.146559174511885
13 0.38269483767505647 0.1418782138824432 0.16443498924663302 0.14494212743398432
41 0.5493324516098486 0.630775298299012 0.16265416542531544 0.14022735389503396
41 0.5039428688971909 0.562761683850671 0.16436221463952716 0.1433796274339844
41 0.45862606079163903 0.4963105694023303 0.15789389081820956 0.13858303327818292
8 0.41171036538253425 0.4291054784929399 0.1611644400324213 0.14176258035608366
8 0.3655031453663236 0.36032425081407415 0.16443498924663302 0.14494212743398444