14 0.79765625 0.54453125 0.0484375 0.0515625
14 0.73828125 0.54453125 0.0484375 0.0515625
14 0.678125 0.54375 0.0453125 0.05
4 0.38984375 0.5375 0.04375 0.0484375
4 0.334375 0.53828125 0.0421875 0.046875
4 0.27734375 0.53671875 0.040625 0.0515625
17 0.91875 0.54765625 0.05625 0.059375
17 0.85625 0.54609375 0.0546875 0.0546875
2 0.6171875 0.5421875 0.05 0.0546875
2 0.56171875 0.540625 0.046875 0.05
2 0.50390625 0.5359375 0.05 0.0515625
2 0.4484375 0.5390625 0.046875 0.0609375
7 0.225 0.53515625 0.0390625 0.0546875
7 0.16953125 0.534375 0.0390625 0.053125
7 0.1171875 0.53203125 0.040625 0.059375
35 0.0609375 0.53515625 0.05 0.0625