40 0.8611734882113641 0.6908110334709721 0.11845552273741333 0.11379026232447184
37 0.8202009783255322 0.6459832123492157 0.12001802273741298 0.1138721494796016
32 0.7784472184397006 0.6011963348050244 0.12164418973360754 0.11551653663473153
27 0.7374110415576743 0.5548060136832682 0.12170785672980174 0.11707903663473136
27 0.6963111976794538 0.5068531925615121 0.12170785672980174 0.11707903663473136
27 0.6537125207974277 0.46054475859488564 0.12170785672980174 0.11707903663473136
17 0.6111456774134988 0.4150175746282592 0.1248965237259961 0.11880531094499087
17 0.5701095005314727 0.36862725350650294 0.12496019072219049 0.12036781094499087
22 0.528196573155155 0.31993412596231163 0.12658635771838506 0.12201219810012062
17 0.48475297927693434 0.2721041355732501 0.12821252471457925 0.12365658525525039
12 0.44127755190061657 0.2234928951841885 0.1298386917107738 0.12530097241038013
2 0.397802124524299 0.1748816547951269 0.12658635771838486 0.12201219810012062
2 0.3551716141441756 0.12779197082850047 0.1298386917107738 0.12530097241038013
2 0.31097860376405223 0.08078417401700376 0.12821252471457942 0.1236565852552504