25 0.7858945688857577 0.3005219760379119 0.1087615385920639 0.12261768119435104
30 0.7515438022890183 0.3292043509118611 0.10876153859206372 0.12261768119435104
35 0.7132275861071973 0.356832324176656 0.1087615385920639 0.12261768119435104
18 0.6739525211701316 0.38206191711962 0.09867614357108571 0.11258711733238069
23 0.6380984541584735 0.41141628134990754 0.10539974025173784 0.11927415990702758
28 0.6005042883915712 0.4383176349365333 0.10348204274124875 0.11447739926336578
3 0.5646502213799132 0.46767199916682073 0.10012024440092268 0.11113387797604232
8 0.526996856027929 0.49379210275344654 0.1052813410815748 0.11771165990702759
8 0.45253057490904247 0.546868190248529 0.10348204274124875 0.11447739926336578
13 0.4894618898461081 0.5214747063400723 0.10348204274124875 0.11447739926336578
13 0.41763535665262896 0.5786209348006472 0.10180114357108572 0.11280563861970413
18 0.37631253964097094 0.6075928867781186 0.09675844606059654 0.10779035668871888
18 0.3432282751188239 0.6324782722957296 0.0985577444009226 0.1110246173323807
23 0.3011242081071659 0.6613955939513703 0.10336364357108563 0.11291489926336577
28 0.26593299192534486 0.6892420885034886 0.10348204274124866 0.11447739926336595
38 0.2228108765733608 0.7149797798372982 0.10864313942190078 0.12105518119435103
38 0.18160645873186582 0.7455142318147697 0.10864313942190078 0.12105518119435103