26 0.11058771620115918 0.29218802088084717 0.07940019970043757 0.09260565651766246
26 0.16465346286717927 0.3096982286281736 0.08354556576151388 0.10512383723582168
31 0.21950045953319938 0.3272129815550398 0.08341802000387935 0.10356133723582168
36 0.2730400477144886 0.3415936441228264 0.08147288273097572 0.09886474687674199
39 0.3260056799864223 0.3630055566906131 0.0795277454580721 0.09416815651766246
21 0.3824789495312597 0.37974814997655887 0.0848529742462448 0.1020079275949013
26 0.43882467331846253 0.39805324326250474 0.08810552000387925 0.10358860831306052
31 0.49263532846921365 0.4186884510098312 0.09005065727678296 0.10828519867214012
6 0.5489810522564165 0.43699354429577697 0.08810552000387943 0.1035886083130606
11 0.6008465701342638 0.46230716168402386 0.09368584030732094 0.11455337939029953
16 0.6618000455884566 0.47204123086766875 0.1035710233378591 0.12085792154477701
31 0.7152918363451214 0.49658268861499516 0.10669602333785928 0.12087610226293641
36 0.7759264474052279 0.51022300779864 0.1066960233378591 0.12087610226293641
39 0.8344883754347961 0.5301042366232054 0.10682356909549391 0.12243860226293642
30 0.8929865305855472 0.5507667154477707 0.1017534318225902 0.11772383118569749