26 0.6719579859987743 0.9337232205547206 0.10904034200867016 0.1093768452307593
26 0.6487865255319004 0.8697432309276827 0.10894933674699843 0.10781434523075965
36 0.62579707558837 0.8088882413006449 0.10894933674699843 0.10781434523075965
16 0.602716620383168 0.7464707516736071 0.10242632096198286 0.10265324855010753
16 0.5768828915004425 0.6768444132913247 0.11225634727034191 0.11117614357108571
6 0.5573824626035997 0.6224762220046131 0.11225634727034191 0.11117614357108571
36 0.5373737994917723 0.5727363311328197 0.10894933674699843 0.10781434523075965
31 0.5149380863940625 0.5080342910908635 0.10738683674699842 0.10769594606059663
6 0.4945654022355478 0.4520444002190702 0.10233531570031093 0.10109074855010754
1 0.46813243387616604 0.3854838622517064 0.10233531570031093 0.10109074855010754
26 0.44560571551678424 0.3192193222097501 0.11225634727034191 0.11117614357108563
1 0.41664698663405886 0.2493561854871417 0.11225634727034209 0.11117614357108563
21 0.3963275103821694 0.18092549420042997 0.10564232622365459 0.10445254689043351
36 0.3669137551910847 0.10324985747782156 0.10729583148532651 0.10613344606059653