1 0.8180955221299111 0.2126479771111452 0.11466802000387943 0.10559799620027785
6 0.7902095092530337 0.26417476273034657 0.11635806576151389 0.10719686379145843
11 0.768318404860887 0.3124310779848257 0.1045277454580722 0.09600479065319459
14 0.7434936191051922 0.3631038784216661 0.09451501666989941 0.08797408510611113
14 0.7191949918342282 0.41063349506291613 0.0994576081851685 0.09120818787965276
29 0.7023102518361679 0.4626869575438536 0.10127519970043757 0.09436955547083344
29 0.6763853516863867 0.5094716917762842 0.09945760818516866 0.09120818787965276
29 0.6528042015366055 0.5562018746219439 0.10283769970043757 0.09440592306201392
26 0.6346280285080069 0.6020235208984717 0.10440019970043757 0.0944422906531944
31 0.6127369241158602 0.6502798361529509 0.10440019970043757 0.0944422906531944
36 0.593843273966079 0.696900916225069 0.09776756242753386 0.08960932028847228
39 0.5721594636645769 0.738107797683958 0.09269742515463034 0.08481271751493065
39 0.551767086393613 0.7855464953472564 0.10114765394280312 0.09280705547083343
39 0.5305296862438318 0.8322221268061455 0.10114765394280312 0.09280705547083343