18 0.27867001079734166 0.18879685517951453 0.1030830320782579 0.10421574855010748
28 0.3158102629568099 0.2279651763403574 0.1131589389258032 0.11586364357108563
21 0.3548436821428564 0.27398714874595576 0.10993380937615385 0.11406434523075956
11 0.39324604565337673 0.3177245707366356 0.1098336798265045 0.11250184523075957
19 0.4308671591638971 0.361521192312397 0.0999580320782579 0.10397895020978147
14 0.4695501249261708 0.4130119147179953 0.10328329117755644 0.10734074855010753
9 0.5109272941122173 0.45885628836834924 0.10328329117755644 0.10734074855010753
4 0.5498105189737896 0.5072220107739476 0.1082711798265045 0.11238344606059662
9 0.5911376233850113 0.5538476344243014 0.11980945712440061 0.12258724025173784
19 0.6322144039221097 0.6043795080746552 0.11482156847545255 0.11754454274124874
24 0.6765663787836822 0.6523308333846829 0.13144786397194572 0.13435353444287887
24 0.7185245388704299 0.7012410074499552 0.12978523442229636 0.13267263527271583
29 0.7605327637320023 0.7493699315152276 0.10484579117755644 0.10745914772027057