23 0.21974644764050297 0.8023992591235624 0.1384193920444809 0.15248822780418295
23 0.25703221346881555 0.7424672294545682 0.13208757142762995 0.147327131123531
23 0.28969866314450404 0.6867966472960633 0.12252165665497756 0.1356792361025528
14 0.3270253392812421 0.6292083676270692 0.13049779788867957 0.14564623195336796
14 0.36511962864850506 0.5707796383729936 0.12570120373287813 0.13904103444287888
14 0.3993485783241935 0.5149906570443255 0.12254893019392785 0.1372417361025528
41 0.43272809415250607 0.455354625300739 0.12413870373287832 0.13892263527271584
41 0.4685195438281945 0.39944724480190796 0.12893529788867966 0.14552783278320494
41 0.5042700831954574 0.34119611430307684 0.12413870373287814 0.13892263527271584
3 0.5408427828711458 0.2852295342191643 0.12570120373287813 0.13904103444287888
3 0.5788961619299833 0.2244570549650887 0.11460006249917623 0.12883724025173765
19 0.6161137439109201 0.1606187752960946 0.10344437418757338 0.11550844606059658
19 0.650301783278183 0.10248604396742658 0.10659664772652384 0.11730774440092259
19 0.6899585726454459 0.054178767834528394 0.11460006249917605 0.10835753566905679