5 0.30086979038555733 0.8943183898855656 0.16773288708777753 0.14126295496493207
41 0.30909168496620537 0.8269806955610918 0.15583847983046278 0.12962454811738694
41 0.3262784764365756 0.7637297239387217 0.15244007775694426 0.12629928901808823
41 0.3237973168701866 0.7032928716869684 0.15230337672018504 0.12473678901808824
33 0.32926535834055687 0.6407928716869684 0.14380737153638865 0.11642364126984166
28 0.3392841987741678 0.5795549830380204 0.1487682736099071 0.11984902991878954
23 0.34128548765263994 0.521161492137319 0.14394407257314795 0.11798614126984149
13 0.34668517860463055 0.459442742137319 0.1419714694628702 0.11319851172019231
8 0.36033686696472306 0.40107952961424775 0.1419714694628702 0.11319851172019231
3 0.36183030791671367 0.33961110348837104 0.13374886635259237 0.10801036397194572
34 0.37093119731356544 0.27998577961424775 0.13035046427907382 0.10468510487264701
34 0.37143833671041715 0.22091116826319573 0.13829966531583313 0.1067482526208936
9 0.3767013266256485 0.16075491826319574 0.12538956220555536 0.10125971622369909
9 0.38607561809601876 0.09800459438907244 0.12824116013203693 0.09833497532299773
9 0.3926277059377316 0.04413897170081167 0.1217177580585183 0.08827794340162334