41 0.40078125 0.17421875 0.1671875 0.1453125
41 0.440625 0.2515625 0.16875 0.1484375
41 0.48515625 0.33046875 0.16875 0.1484375
38 0.52890625 0.41015625 0.1703125 0.1515625
33 0.571875 0.4875 0.1734375 0.153125
28 0.6140625 0.56640625 0.1734375 0.153125
28 0.65703125 0.64453125 0.1765625 0.1578125
28 0.7015625 0.72578125 0.1734375 0.1546875
28 0.7453125 0.80625 0.1765625 0.159375
3 0.3546875 0.40234375 0.16875 0.15
3 0.396875 0.4796875 0.16875 0.1484375
23 0.4390625 0.55625 0.1703125 0.15
18 0.48046875 0.63515625 0.16875 0.15
13 0.52265625 0.7140625 0.1703125 0.153125