5 0.5705224772724412 0.9273675380976332 0.14439541549465282 0.1167948636498842
41 0.5779355223537851 0.862029039580508 0.13340337334017516 0.10697419467652339
41 0.5736161818965095 0.7985567885919249 0.13182269262201593 0.10378552768032882
41 0.5895820703619952 0.7405997085538688 0.13181360226293642 0.10222302768032883
33 0.5993070491865605 0.6808254605310351 0.1224022408266178 0.09559102570316255
28 0.601214982831586 0.6215141275272295 0.1286613311856975 0.09740819368794007
23 0.6116984857584523 0.5656779630024931 0.1255363311856975 0.09728085969555131
13 0.6206422145830175 0.5058718814815621 0.12394656010845857 0.09252969269935693
8 0.620206398228043 0.446465047983465 0.12394656010845857 0.09252969269935693
3 0.6314802415139888 0.3890982169568257 0.11611587939029935 0.08908635771838505
34 0.6365086299794745 0.33069546794540894 0.11297269867214013 0.0858340237259962
34 0.6485546329063407 0.27492297041686686 0.12235678903121965 0.08777852570316255
9 0.6574847261922866 0.217460638895936 0.1113829275949012 0.08108285672980182
9 0.6601875453759315 0.1558373893902276 0.11137383723582168 0.07952035672980177
9 0.6659835483027978 0.09981022387690798 0.10511474687674198 0.07770318874502424