41 0.11978157727078106 0.5314359945577044 0.23956315454156213 0.2505903101589517
41 0.20193325513090232 0.5471849909295073 0.25102221181534745 0.25387900126594437
41 0.28663491024114535 0.5637425191524758 0.2526574469977086 0.25705856496827517
41 0.3720996315557981 0.5810540155242785 0.25585518218006964 0.26029269237293706
38 0.45680128666604114 0.5976115437472469 0.26221428495361127 0.2651984471822605
33 0.5430836255718745 0.6133332582678845 0.2590529173624308 0.26352681977759856
28 0.630873913090937 0.6313441590861911 0.2606517849536113 0.26514388347992934
23 0.7179193182011799 0.6478198417556632 0.2654120201359724 0.268432574586922
18 0.8065090395158327 0.6650222107228044 0.2702086229095141 0.27328376569391466
28 0.3225393087018747 0.3962177132546931 0.2526574469977086 0.25705856496827534
23 0.40724096381211766 0.4127752414776615 0.25425631458888914 0.2586756286706061
18 0.4927602365135413 0.4277429878494644 0.2542199469977085 0.2571131286706061
8 0.5775164430105552 0.4419567660724327 0.25425631458888914 0.2586756286706061
8 0.6637805981207983 0.45845973059307027 0.26065178495361147 0.2651438834799295