39 0.11001334293469009 0.5353646059523813 0.15590690097293466 0.16918769586563337
39 0.16851163554836388 0.5336507140642308 0.15270008035608368 0.16429993676633484
1 0.23172470170098808 0.5337997108250283 0.14316143912238158 0.1543241594684389
1 0.29407469723676116 0.5292111428110011 0.14475121266133195 0.15598678901808824
1 0.3549440133893853 0.5292099452473246 0.15270008035608368 0.16429993676633484
31 0.416635489850435 0.5316025624584728 0.16385576866768634 0.17750084361388013
26 0.4837138956946337 0.5296581330933936 0.16544554220663663 0.17916347316352949
21 0.5453371883083074 0.5281445003045417 0.16223872158978558 0.17427571406423076
11 0.6108258206135557 0.5245374413898133 0.16223872158978558 0.17427571406423076
6 0.678740023535655 0.5257680767995587 0.16385576866768653 0.17750084361388013
1 0.744982632301953 0.520648582659655 0.1606489480508353 0.1726130845145814
39 0.8121564955324778 0.5241729032945758 0.16382849512873604 0.1759383436138801
36 0.8823599013766765 0.5224287330287952 0.17177736282348768 0.18425149136212654
31 0.9329466879045656 0.520514582041346 0.13410662419086883 0.1840116594684389