20 0.0825161634685955 0.6757638587301583 0.09218934523075958 0.10853199568106327
40 0.14089734853152994 0.6440341949427828 0.09687684523075957 0.10883238433001133
40 0.1989825356690568 0.6162107811554073 0.09375184523075956 0.10863212523071261
12 0.2557420211469097 0.5853624969176809 0.08702824855010753 0.10198160703211538
12 0.3122647082844366 0.5576392126799548 0.08499215186945541 0.09563147748246603
19 0.37113114542196346 0.5297657341177546 0.08174875269929238 0.0938687183831675
19 0.4283758829744088 0.5027736351052037 0.08151195435896633 0.0907437183831675
34 0.4832768705268542 0.4759317304171267 0.07670605518880329 0.08888082973421944
34 0.5390183076643811 0.4482585109542251 0.07838695435896632 0.0905434592838688
9 0.5979439443869895 0.419603782392025 0.07502515601864027 0.08721820018457009
9 0.6528449319394347 0.39276187770394805 0.0751435551888033 0.0887807001845701
4 0.7069646694918801 0.36597003779069576 0.07983105518880329 0.08908108883351806
4 0.764268606629407 0.33819668877814485 0.07670605518880329 0.08888082973421944
29 0.8162221929370969 0.3092112931893666 0.08331125269929238 0.09396884793281676
29 0.8735261300746238 0.28143794417681567 0.08354805103961845 0.09709384793281668