19 0.228125 0.19609375 0.1140625 0.1265625
19 0.28203125 0.234375 0.1125 0.1265625
19 0.3359375 0.27109375 0.115625 0.128125
4 0.39296875 0.3078125 0.115625 0.128125
4 0.45 0.34453125 0.11875 0.13125
14 0.50625 0.3828125 0.1171875 0.128125
14 0.56328125 0.4203125 0.11875 0.13125
14 0.6203125 0.45703125 0.1203125 0.1328125
34 0.67734375 0.4953125 0.1203125 0.1328125
34 0.73515625 0.53359375 0.1234375 0.134375
34 0.7953125 0.57109375 0.125 0.1359375
24 0.85625 0.61171875 0.121875 0.1328125
24 0.9140625 0.6515625 0.11875 0.1328125
24 0.95703125 0.69296875 0.0859375 0.1328125