39 0.8948719499873647 0.4931469110156625 0.07831887978345584 0.11449883723582169
36 0.8367184691876947 0.5052020043016083 0.07827341567683277 0.11293633723582168
31 0.7761985063347131 0.5180519831261736 0.07992684389007856 0.1160704275949012
26 0.7164143293751091 0.5324599167711991 0.07992684389007838 0.1160704275949012
21 0.6550903844688163 0.5460956907753042 0.07992684389007856 0.1160704275949012
16 0.5945704216158348 0.5589456695998695 0.08148934389007838 0.1160795179539809
16 0.534027726709542 0.5725768984244348 0.08148934389007838 0.1160795179539809
11 0.4726810497499379 0.5869939224285398 0.08300637978345585 0.1145261083130606
6 0.41059858689695644 0.5998529916121849 0.08305184389007839 0.1160886083130606
6 0.35001042788404096 0.61504672043675 0.08470527210332382 0.11922269867214012
6 0.28632000092443677 0.6294773799794745 0.08626777210332381 0.11923178903121964
11 0.22343355601814405 0.6431222443426592 0.08787573620994645 0.12080337939029935
6 0.15898461111185125 0.6567761990649236 0.08783027210332377 0.11924087939029934
1 0.09531691620555846 0.6704256086076481 0.08461434389007841 0.11609769867214012