35 0.5546875 0.25625 0.0984375 0.0625
0 0.53671875 0.46796875 0.0921875 0.05625
9 0.50625 0.8203125 0.0875 0.0546875
4 0.5109375 0.771875 0.0890625 0.0546875
3 0.51640625 0.72265625 0.0921875 0.0546875
23 0.521875 0.671875 0.0921875 0.059375
23 0.528125 0.621875 0.0859375 0.0578125
28 0.53046875 0.5703125 0.0890625 0.053125
38 0.53203125 0.5203125 0.090625 0.0546875
8 0.5421875 0.41640625 0.0890625 0.0515625
8 0.546875 0.36328125 0.0921875 0.059375
8 0.55 0.309375 0.0984375 0.0578125
28 0.56015625 0.2 0.0984375 0.065625
33 0.56640625 0.14140625 0.0984375 0.0625
38 0.57265625 0.08125 0.0921875 0.059375