25 0.37564205019309016 0.86581454586338 0.14199039406758568 0.13356825081077872
3 0.2974220311746806 0.210170292209932 0.13028806956195355 0.12243983603812651
33 0.36222367842123404 0.7006259224865854 0.13028806956195355 0.12243983603812651
38 0.3551649312712256 0.6453480872592378 0.13875613342392407 0.13195120373287814
41 0.3442545644430481 0.589357185879266 0.13363159084927706 0.1256193831160271
28 0.32576628041837596 0.4297191331193225 0.1436621547112475 0.13515802434972918
18 0.341774056649378 0.5355600300350674 0.13028806956195363 0.12243983603812651
18 0.30779716644018995 0.3184503965120031 0.1269445482746301 0.11926028896022585
23 0.33248082014303126 0.4787606051161453 0.13028806956195355 0.12243983603812651
23 0.2997386480028581 0.26631119805413067 0.13697511213660052 0.12879893019392785
8 0.28255078402467215 0.15502882467733609 0.1353033514929388 0.1272091566549775
18 0.3719268243304052 0.8073571635581317 0.14700567599857095 0.13833757142762976
18 0.3648680771803968 0.7520793283307841 0.13708437278026225 0.13036143019392804
13 0.3188167939120293 0.37287879789197487 0.14199039406758568 0.1335682508107789
13 0.275382776231002 0.10131348944998846 0.14031863342392406 0.13197847727182857