36 0.720542015625 0.1733806953125 0.7511880796875 0.17006315156250001 0.7380718765625 0.13019673437499998 0.70900399375 0.1322029328125 0.720542015625 0.1733806953125
36 0.50040269375 0.2645281046875 0.4817856140625 0.22906119062500002 0.4304572203125 0.24828743437499998 0.44929630156249994 0.28496318593750003 0.50040269375 0.2645281046875
36 0.571956834375 0.263715909375 0.5876522375000001 0.3022027015625 0.6338916453125 0.2862850171875 0.61800774375 0.2511126203125 0.571956834375 0.263715909375
31 0.45804367656249995 0.195501425 0.501181975 0.197791984375 0.49543822187500003 0.1506421578125 0.45653707031249996 0.1477398984375 0.45804367656249995 0.195501425
21 0.5458846421875 0.21669717500000002 0.581859325 0.209661328125 0.5648262125 0.16431749843750001 0.5300447890625 0.17001178125 0.5458846421875 0.21669717500000002
11 0.630860834375 0.21392962187500003 0.6341003296875 0.181451209375 0.5873606703124999 0.1685758390625 0.5838669296875 0.20157826406249998 0.630860834375 0.21392962187500003
22 0.7228893953125 0.1218188 0.7529048281249999 0.13646181875000002 0.7625847765625 0.10350469375 0.7339954171875 0.0902614390625 0.7228893953125 0.1218188
12 0.591842575 0.066040134375 0.6108015640625 0.0938946140625 0.6459858374999999 0.07838353125 0.6253737218750001 0.05184139375 0.591842575 0.066040134375
41 0.4558853359375 0.1303382609375 0.493335484375 0.1260567484375 0.47984833125000004 0.0826342890625 0.44191036875 0.085634778125 0.4558853359375 0.1303382609375
38 0.41347422656250005 0.1831600484375 0.4563517015625 0.185705559375 0.45386755624999997 0.137605903125 0.41303620781249994 0.1356494359375 0.41347422656250005 0.1831600484375
28 0.6383933671875 0.08449550781250001 0.6493906859374999 0.1153355703125 0.688558365625 0.1074893921875 0.675853096875 0.07875192812500001 0.6383933671875 0.08449550781250001
33 0.7191803375 0.1746639546875 0.726581071875 0.20731016093750002 0.7682050734375 0.20875698125 0.761498396875 0.1776482609375 0.7191803375 0.1746639546875
33 0.47170299375 0.0707707296875 0.50961966875 0.0830560078125 0.5174495828125 0.04565874375 0.48301535781249993 0.033035300000000004 0.47170299375 0.0707707296875
33 0.49834109375 0.1636931578125 0.5374714078125 0.165531571875 0.53224995 0.1205657546875 0.494516059375 0.11869354531250001 0.49834109375 0.1636931578125
28 0.5132228796875 0.2625635171875 0.552157371875 0.27433530156249997 0.5609821687500001 0.2253850859375 0.5232813921874999 0.2141047484375 0.5132228796875 0.2625635171875
23 0.649077346875 0.2721736890625 0.6836248046875 0.26659235 0.66804135 0.22077593750000002 0.6355519453125 0.2254302734375 0.649077346875 0.2721736890625
18 0.7631147687500001 0.1824581703125 0.79216446875 0.182392615625 0.7802472765624999 0.1402959953125 0.7508916546875 0.14199592187500001 0.7631147687500001 0.1824581703125
18 0.53893360625 0.1626700453125 0.587025053125 0.1633413828125 0.5822298671875 0.13044270625 0.533706778125 0.1286403890625 0.53893360625 0.1626700453125
8 0.49392814218750003 0.11726600937500001 0.5394534359375001 0.1155346375 0.5318210984375 0.0833559921875 0.484407821875 0.08417259218749999 0.49392814218750003 0.11726600937500001
8 0.622286803125 0.2469370703125 0.6123231140625001 0.21091445156250002 0.5644746328125 0.21765537343750002 0.5750675578125 0.25552202031250004 0.622286803125 0.2469370703125
13 0.54640951875 0.1257901125 0.580509203125 0.12665041875 0.5685232124999999 0.0832746046875 0.5346322328124999 0.0844154125 0.54640951875 0.1257901125
13 0.624327515625 0.1368634578125 0.652763571875 0.13205425625 0.6408065453125 0.093389865625 0.6096654890625001 0.09497306718750001 0.624327515625 0.1368634578125
13 0.6585914921875 0.0769125421875 0.6973323921875 0.074536253125 0.68595038125 0.04746660625 0.6486274375 0.0476484125 0.6585914921875 0.0769125421875
8 0.691170696875 0.1066896140625 0.7280572453125 0.1014461546875 0.71438781875 0.07375448125 0.6788174812500001 0.07836557968749999 0.691170696875 0.1066896140625
3 0.7924555296875 0.30362264687499996 0.8082865828125 0.2660776796875 0.7774281765625 0.24469102031249998 0.760640753125 0.2819828578125 0.7924555296875 0.30362264687499996
3 0.4396502328125 0.0815089140625 0.4005547265625 0.08413515625 0.41263653749999996 0.12917920624999998 0.4526112953125 0.125767425 0.4396502328125 0.0815089140625
19 0.689654178125 0.1989349359375 0.7229420265625001 0.200438996875 0.7155875578125 0.15841433437500002 0.682615025 0.154819915625 0.689654178125 0.1989349359375
19 0.672373446875 0.14798229375 0.7085624078125 0.136962396875 0.6940143171875001 0.10863882031250001 0.6579120296875 0.11715832500000001 0.672373446875 0.14798229375
9 0.583987946875 0.13273142031250001 0.6173469953125 0.12889570781249998 0.6052500921874999 0.0887956734375 0.571624159375 0.090036796875 0.583987946875 0.13273142031250001
4 0.5535845015625 0.069183675 0.58611495 0.06463736249999999 0.57225650625 0.0266844890625 0.53971155625 0.0283895421875 0.5535845015625 0.069183675
4 0.7330034249999999 0.2552946921875 0.7639130749999999 0.2575483640625 0.7586329765625 0.21367848750000001 0.7271375718749999 0.21040877500000002 0.7330034249999999 0.2552946921875
4 0.7105344234375 0.25427391250000003 0.7267464296874999 0.22967858593749998 0.6887388015625 0.1990180046875 0.6700167890625 0.22310662187500002 0.7105344234375 0.25427391250000003
29 0.6412386734375 0.159879428125 0.6340015265625001 0.1901639078125 0.6797554406249999 0.2074605234375 0.685087190625 0.17630975625 0.6412386734375 0.159879428125
29 0.6340408937500001 0.17832674531249998 0.640407009375 0.148443990625 0.5965627828125 0.1327079671875 0.5880479484375 0.1619130734375 0.6340408937500001 0.17832674531249998
17 0.2686703125 0.29267211249999997 0.22653364531250003 0.2633677640625 0.1773054375 0.3115873703125 0.1758796453125 0.33364439375 0.219146190625 0.363083109375 0.22185773125 0.34240295625 0.2686703125 0.29267211249999997
17 0.3105936546875 0.32185731562500003 0.268975771875 0.29264961093749997 0.2216805765625 0.34280671875 0.21933976406250003 0.362900659375 0.2631293015625 0.393146596875 0.26671310937500003 0.372638640625 0.3105936546875 0.32185731562500003
12 0.3536370578125 0.3505394140625 0.3116825125 0.32115285781249997 0.2669388703125 0.3725660296875 0.26290897343749997 0.39326845312500003 0.306242146875 0.422607634375 0.311583546875 0.4028734390625 0.3536370578125 0.3505394140625
7 0.39537475781250003 0.3799689046875 0.3538418125 0.3509691875 0.3119273046875 0.40277952343749995 0.30623740312500003 0.422603621875 0.34982648125 0.4520324828125 0.35615555468750004 0.4332379015625 0.39537475781250003 0.3799689046875
2 0.43777522968750004 0.40940070781250004 0.3964659921875 0.3796664609375 0.3566487171875 0.4324264953125 0.3498364203125 0.45195192500000003 0.39253897968749996 0.481030053125 0.399127659375 0.4650446453125 0.43777522968750004 0.40940070781250004
32 0.47881497343749996 0.43839620312500005 0.438030375 0.409415190625 0.3991798578125 0.4652212140625 0.392530296875 0.48143758593749997 0.4351296171875 0.5101269640625 0.44354151406250003 0.49298220156249994 0.47881497343749996 0.43839620312500005
27 0.5198233484375 0.4667041046875 0.4794613609375 0.43822508281249994 0.4438777328125 0.4928691328125 0.4351972625 0.510517740625 0.47733135625 0.5388329828125 0.48630763750000006 0.522788025 0.5198233484375 0.4667041046875
22 0.5608598734375 0.49398870937500006 0.5206204890625 0.46597370312499997 0.48654192343749997 0.5228301531249999 0.477513403125 0.5384921796875 0.5189835859375 0.5667281234375 0.5290382015625 0.551804146875 0.5608598734375 0.49398870937500006
40 0.6018255359375 0.5215013671875 0.56121354375 0.4944688265625 0.5294376546875 0.551341775 0.519031678125 0.5669770656249999 0.5600798734375 0.5959315203125 0.5701065359374999 0.5830839906249999 0.6018255359375 0.5215013671875
37 0.6426262015625 0.5499644578125 0.601496571875 0.522892896875 0.5705789359375 0.582850825 0.560119309375 0.5957703375000001 0.601568625 0.624866196875 0.6139366875000001 0.61152579375 0.6426262015625 0.5499644578125
32 0.683598071875 0.579622403125 0.6425720687500001 0.5505745937500001 0.6137821109375 0.61181489375 0.6020272109375 0.6247405734375 0.64367210625 0.653457128125 0.6571398625 0.6404898609375 0.683598071875 0.579622403125
40 0.724635821875 0.607192040625 0.68354078125 0.5791640203124999 0.6573911828125001 0.640648278125 0.6440900453125 0.6532038859375 0.6863238703125 0.6824212609375 0.7006280296875 0.6710895171875 0.724635821875 0.607192040625
37 0.7659365796875 0.6354462796875 0.7251061078125 0.60698455625 0.7005221203125 0.6705977609375 0.6862882359375 0.6824617734375 0.7289780968749999 0.7119399671875 0.743282259375 0.7006082250000001 0.7659365796875 0.6354462796875
32 0.8066455921875001 0.6628940015625 0.7663148484375 0.635450921875 0.7435503640625 0.700893884375 0.729082796875 0.7122216046875 0.7711578125 0.7402905843750001 0.7865279187499999 0.72946674375 0.8066455921875001 0.6628940015625
35 0.8486536625 0.691186134375 0.8070334015625 0.6634100078125 0.786524384375 0.729560784375 0.770923065625 0.74083913125 0.8129981140625 0.768908084375 0.8296972968749999 0.7584892078125 0.8486536625 0.691186134375
15 0.88984570625 0.7193784140624999 0.8487124375 0.6906388640625 0.829783478125 0.75841593125 0.81322875625 0.7688179015625 0.8557589015625 0.7974465000000001 0.8727672125 0.7881508515625 0.88984570625 0.7193784140624999
0 0.9319780265625001 0.7474677187500001 0.8903883531250001 0.719542965625 0.8729852234375001 0.7880999453124999 0.8558655937499999 0.7975168953125 0.8975839140625 0.8253113421875 0.9165451171875001 0.8173993140625001 0.9319780265625001 0.7474677187500001