21 0.2040591255444797 0.6408955306333652 0.1630378254152828 0.15646927068745348
21 0.2678701041066799 0.5831642992918656 0.1630378254152828 0.15646927068745348
21 0.33084976789405546 0.5262234086171386 0.16137519586563354 0.1548885893539083
16 0.3931483112310804 0.4677291086091845 0.1646003254152828 0.15648745202099903
16 0.4570093545681052 0.4092166272676848 0.16802571406423078 0.16121131468808994
11 0.5201392126799548 0.34993198659295793 0.16802571406423078 0.16121131468808994
11 0.5848315707918044 0.2906291645846856 0.16802571406423078 0.16121131468808994
11 0.6494738641288291 0.23210759257641325 0.16802571406423078 0.16121131468808994
6 0.3630243129291234 0.6819825126114116 0.16303782541528272 0.15646927068745367
6 0.42517266194167436 0.6258319626034574 0.16460032541528272 0.15648745202099903
6 0.48747120527869914 0.5673376625955033 0.16460032541528272 0.15648745202099903
1 0.5497196838408994 0.5096246125875491 0.16460032541528272 0.15648745202099903
1 0.6135807271779242 0.4511121312460495 0.16470045496493207 0.15804995202099903
1 0.6773917057401245 0.3933808999045499 0.16460032541528272 0.15648745202099903