30 0.4809175400342319 0.9118354731975306 0.0910813569862416 0.06299979991529554
1 0.4873783603599847 0.8613272389825462 0.09420635698624161 0.06318181043863902
6 0.4977181488345721 0.8118277679217414 0.08935516587924912 0.0582212946536238
11 0.5057141873091595 0.7621917889684287 0.09102679328391083 0.06143729991529536
31 0.5145733213372432 0.7102575626459521 0.08310516587924913 0.057857273606936134
36 0.523377891662996 0.6598858363234753 0.0879563569862416 0.0628177893919517
39 0.5337722438399142 0.6088238652626705 0.08628472958158007 0.059601784130279965
16 0.5441120323145017 0.5593243942018656 0.08633929328391084 0.06116428413027997
16 0.5521626344914198 0.5081259152485531 0.0879563569862416 0.0628177893919517
26 0.5617484548171726 0.45779969155691236 0.08644842068857236 0.06428928413027997
26 0.5713888388452564 0.4059109678652716 0.08639385698624161 0.0627267841302798
26 0.58102922287334 0.3540222441736308 0.09124504809323426 0.06768729991529536
19 0.5906696069014237 0.30213352048199005 0.08494048439090349 0.06576077886860805
19 0.6002554272271764 0.2518072967903493 0.08968254809323425 0.06759629465362353
19 0.609950374957591 0.19835607309870854 0.08488592068857255 0.06419827886860796