8 0.50625 0.90625 0.1109375 0.0765625
8 0.52265625 0.84375 0.1140625 0.0796875
8 0.53359375 0.77734375 0.109375 0.075
38 0.54921875 0.71328125 0.1109375 0.0796875
38 0.56171875 0.64921875 0.1078125 0.075
38 0.5765625 0.58515625 0.109375 0.075
35 0.5921875 0.52109375 0.1109375 0.0796875
38 0.60546875 0.45625 0.10625 0.0765625
28 0.62109375 0.39375 0.1109375 0.0765625
33 0.63203125 0.33046875 0.103125 0.075
23 0.64921875 0.26796875 0.10625 0.0796875
18 0.659375 0.2078125 0.10625 0.078125
19 0.6734375 0.14296875 0.103125 0.075
19 0.6859375 0.0828125 0.096875 0.0703125
4 0.0393868296875 0.3726085328125 0.07565881875 0.4188605015625 0.16069605625 0.380356340625 0.12439566875000001 0.33076897656250004 0.0393868296875 0.3726085328125
9 0.18262624375 0.21930924375 0.11677358906249999 0.204079090625 0.08490684062500001 0.27634034375 0.149894921875 0.288805275 0.18262624375 0.21930924375
9 0.0088398765625 0.31813904375 0.0387982 0.3646723078125 0.1196972390625 0.324594728125 0.0843099375 0.2794319796875 0.0088398765625 0.31813904375