0 0.4926488022695855 0.0399381778239197 0.120952395460829 0.0798763556478394
10 0.49003966824150175 0.07460906231081452 0.11966271397248321 0.12303458667404979
7 0.4827703160645836 0.12652201573458716 0.09858632213985138 0.0998579025286086
7 0.47781743203649985 0.17906602483388578 0.10505457694917482 0.10650842072720587
7 0.47119292060375456 0.23483516348283376 0.11475695916315978 0.11648419802510182
8 0.4621155317663474 0.2938794964562557 0.1099057680561673 0.11149630937615385
8 0.4539012384824366 0.350530014654853 0.10505457694917482 0.10650842072720579
8 0.44557781779386413 0.4103055328534502 0.1099057680561673 0.11149630937615385
33 0.4357737426587878 0.4678374306016968 0.11475695916315995 0.1164841980251019
33 0.4296849445655536 0.5305877544758202 0.11804565027015243 0.12137195712440044
33 0.4220336464723194 0.5934382078995928 0.11966271397248338 0.12303458667404979
22 0.41198403467675426 0.6580013556478393 0.11319445916315996 0.11638406847545255
22 0.40271567288118926 0.7225144386212614 0.11319445916315977 0.11638406847545255
37 0.3955728062763007 0.7931273272702093 0.12451390507947586 0.12802247532299765
37 0.38864819448073556 0.8574902159191572 0.12936509618646852 0.1330103639719457
37 0.37787189638750135 0.9205409284422285 0.12246033175849816 0.11385984577334866