1 0.606121415014768 0.9271866481368563 0.08868057063492074 0.06866027110331814
11 0.5954354364525678 0.8702781290621328 0.09669332973421944 0.07192163879807012
31 0.5899678840162442 0.809367902601083 0.08555557063492074 0.06860572402541756
1 0.5890574236526414 0.7585457422926576 0.0887807001845701 0.07022277110331832
6 0.5783516586932466 0.6891235864484588 0.08701794108527139 0.06707049756436803
1 0.5747970596806956 0.6336548364484589 0.08731832973421945 0.07175799756436803
36 0.5642717674234049 0.554844043834785 0.09336807063492074 0.06874209172016936
21 0.5521839751661142 0.47606052476006167 0.09180557063492074 0.06871481818121908
31 0.5548595897563687 0.40796904383478505 0.08681768198597287 0.06394549756436803
6 0.5452354634459219 0.3432207512211113 0.0854554410852714 0.06704322402541774
21 0.5395979302879298 0.26745313799058645 0.08056768198597286 0.0638364034085667
1 0.5348918414544117 0.19401563799058646 0.0903432001845701 0.0702500446422687
16 0.5262492242432636 0.13237870860743745 0.08369268198597286 0.06389095048646735
26 0.5228750979328167 0.0675213218379623 0.08369268198597286 0.06389095048646734