23 0.40359531151081773 0.06860261817148024 0.09307497060135787 0.07915395407749282
23 0.41035324457293304 0.1331508514784328 0.09414614767057934 0.06982441818411553
23 0.4141908955228727 0.19388376299863075 0.08781426051544958 0.06808006175762475
14 0.42255227216255287 0.2576052821989606 0.09274742198083885 0.07290395407749281
14 0.4300505116471033 0.32291203345260183 0.09102114767057934 0.06973348997087019
14 0.437013162597043 0.3835540167595545 0.08921298620519007 0.06500052586424747
41 0.4398648456591583 0.4482159103330637 0.08937676051544959 0.06812552586424747
41 0.4475268594539682 0.510397661586705 0.09406426051544958 0.06826191818411545
41 0.4528041796712133 0.5734288590002802 0.09085737336031982 0.06660848997087002
3 0.4612064998884583 0.6363691282006101 0.09102114767057934 0.06973348997087
3 0.46784160221787896 0.7032611115075627 0.0874048247398008 0.06026756175762475
19 0.47205106739216995 0.7717837909744493 0.0747410504295413 0.0567788489046432
19 0.47728744403185014 0.8355962383880247 0.07342421189493073 0.06142088479802084
19 0.48638912709396537 0.9000762755350429 0.08888543758467123 0.0587505258642473