39 0.69609375 0.81328125 0.0921875 0.090625
36 0.684375 0.7453125 0.0953125 0.0890625
36 0.6671875 0.684375 0.09375 0.084375
31 0.65 0.62421875 0.0921875 0.0828125
31 0.634375 0.5625 0.09375 0.078125
31 0.6203125 0.50234375 0.0921875 0.078125
26 0.603125 0.44296875 0.090625 0.078125
26 0.5890625 0.38203125 0.09375 0.075
21 0.57421875 0.32421875 0.09375 0.075
21 0.5609375 0.26484375 0.090625 0.0765625
16 0.54453125 0.20546875 0.09375 0.08125
16 0.53125 0.14140625 0.0921875 0.075
11 0.51875 0.084375 0.090625 0.075
6 0.503125 0.03125 0.0921875 0.0625