35 0.07954258237617687 0.7976716611192044 0.13897465471124748 0.13507620373287815
15 0.1320555771803968 0.7626069143656153 0.13563113342392402 0.13189665665497757
16 0.18099010391560189 0.7227864837646504 0.13563113342392405 0.13189665665497757
21 0.23277647904165266 0.686926850241586 0.13563113342392397 0.13189665665497757
26 0.28456285416770344 0.6510672167185219 0.13385011213660053 0.1287443831160271
26 0.48898219241909047 0.513056522317839 0.13563113342392405 0.13189665665497757
31 0.5401512085106338 0.4748395020252996 0.13563113342392405 0.13189665665497757
36 0.5903204533148537 0.43973384496328494 0.13563113342392405 0.13189665665497757
32 0.33545871865009247 0.6167564464259823 0.1389746547112475 0.13507620373287815
37 0.3871358331324815 0.5824593129029181 0.13385011213660053 0.1287443831160271
40 0.43808632793670144 0.5473672926103785 0.13730289406758586 0.13348643019392786
12 0.6392549800500589 0.39991341436232003 0.13563113342392405 0.13189665665497757
17 0.690932094532448 0.3656162808392557 0.13897465471124731 0.13507620373287824
22 0.7395388393366679 0.33048335023829073 0.13897465471124731 0.13507620373287815
27 0.7883641054282112 0.2922254196373258 0.13050659084927715 0.12556483603812651
27 0.8385333502324311 0.2571197625753111 0.13385011213660042 0.12874438311602718