15 0.8359375 0.6948681909376132 0.15625 0.17720045496493206
28 0.79140625 0.6492843831026189 0.15625 0.17720045496493206
23 0.75 0.6035003161683259 0.159375 0.18052571406423076
18 0.7046875 0.5603103231081562 0.15625 0.17720045496493206
41 0.6640625 0.5136949413990385 0.1625 0.18228847316352947
38 0.62109375 0.4680110040143949 0.1640625 0.18551360271317865
33 0.58046875 0.42217687230527723 0.1609375 0.18218834361388012
38 0.5375 0.37883668492063355 0.1625 0.18228847316352947
33 0.49453125 0.3331527475359899 0.1546875 0.1739753254152828
28 0.45234375 0.2913249953765215 0.159375 0.17896321406423077
23 0.4109375 0.24788467844222853 0.153125 0.17387519586563355
23 0.36796875 0.20220074105758487 0.153125 0.17387519586563344
34 0.32421875 0.16359811844776587 0.14375 0.16233691856773752
34 0.2875 0.11282616286452492 0.146875 0.16566217766703617
34 0.2421875 0.07982435148117364 0.1515625 0.1596487029623473