14 0.7171875 0.76015625 0.071875 0.0734375
14 0.671875 0.71796875 0.0734375 0.0734375
14 0.62734375 0.67421875 0.0703125 0.0703125
4 0.4125 0.46640625 0.0671875 0.065625
4 0.3703125 0.42734375 0.065625 0.0640625
4 0.328125 0.3859375 0.06875 0.06875
17 0.80703125 0.84765625 0.084375 0.084375
17 0.7609375 0.80234375 0.0796875 0.0796875
2 0.58203125 0.63046875 0.078125 0.078125
2 0.540625 0.58984375 0.071875 0.071875
2 0.5 0.5453125 0.075 0.075
2 0.45625 0.50859375 0.078125 0.078125
7 0.2890625 0.34765625 0.06875 0.06875
7 0.24765625 0.30859375 0.0671875 0.0671875
7 0.209375 0.26953125 0.0734375 0.075
35 0.1640625 0.23203125 0.0828125 0.0828125