39 0.88671875 0.65078125 0.0921875 0.1234375
36 0.82578125 0.6375 0.103125 0.140625
31 0.76484375 0.615625 0.096875 0.134375
31 0.7078125 0.59375 0.096875 0.134375
26 0.65078125 0.57109375 0.1015625 0.1375
21 0.5890625 0.55078125 0.109375 0.1453125
16 0.525 0.53125 0.10625 0.1390625
11 0.4625 0.5078125 0.1078125 0.146875
6 0.3984375 0.4859375 0.1046875 0.1421875
11 0.334375 0.46640625 0.1046875 0.1421875
6 0.26953125 0.44453125 0.10625 0.14375
1 0.20390625 0.42265625 0.096875 0.1359375
1 0.1328125 0.403125 0.1 0.13125
1 0.06796875 0.3734375 0.1046875 0.140625