25 0.3599735104527565 0.10012322254522057 0.07965667889684287 0.058031347932816765
30 0.3721241709337479 0.14838024984311649 0.0797476841585147 0.059593847932816725
39 0.3852835945689189 0.2005935919158371 0.07836719468185845 0.06261871838316742
39 0.4013405050499103 0.2491009430878563 0.08131018415851479 0.059693977482466035
39 0.41909642342340947 0.30005217380952487 0.08131018415851479 0.059693977482466035
39 0.4317021102127601 0.3561217011074208 0.07689569994353036 0.06408108883351807
18 0.44408028384793113 0.4082849784053167 0.07809417889684286 0.057931218383167504
18 0.45820296800644583 0.46367338525286195 0.07506018415851479 0.059293459283868796
18 0.4736606390107809 0.5152556716500565 0.07827618942018652 0.06105621838316733
13 0.4918715836926394 0.5740194023717251 0.0769867052052021 0.06564358883351815
13 0.5076477731128259 0.6310704387689196 0.08801521046687402 0.06790699568106326
13 0.5258132151638485 0.6890529194905881 0.08341871572854576 0.06916910703211539
23 0.5395186703690505 0.7506412615633088 0.08663472099021767 0.07093186613141408
23 0.5577751176817449 0.8101862422849774 0.08029371572854593 0.06896884793281685
23 0.5730885755177829 0.8726559639073471 0.08681673151356133 0.07405686613141427
33 0.5909277938771647 0.9384008798541912 0.08699874203690498 0.07718186613141391
33 0.6133635069748745 0.9837589404669626 0.08350972099021767 0.03248211906607494