11 0.34976306354204934 0.9229421319820696 0.08146951196784728 0.08306733363936125
21 0.3773055288727785 0.8667079784983086 0.08960932028847228 0.09776756242753386
36 0.40720992799909794 0.8114463936509992 0.08310474715020852 0.0863198793969957
1 0.4379864961033687 0.7601548316825072 0.08154224715020834 0.08619233363936125
16 0.46000566004732696 0.7011305180470253 0.0942604526972918 0.09658769970043757
31 0.4883293753780561 0.6449601374420815 0.08626611474138901 0.08813747091226495
11 0.5190877596867366 0.5928873254735894 0.08622974715020834 0.08657497091226496
36 0.5457944236306949 0.5342456491110111 0.08455814437666671 0.08175992515463051
39 0.5732823375746532 0.47566774562725006 0.08139677678548622 0.07994233363936125
31 0.6047310529053822 0.4197524565375753 0.08455814437666671 0.08175992515463051
26 0.6330365844405211 0.3628008259326314 0.08775587955902786 0.0851400166698995
26 0.6629227997712502 0.3067579910853221 0.0909899823325695 0.09008260818516849
39 0.6919186623284377 0.24596388335919556 0.08939111474138883 0.08839256242753404
36 0.7210963628415279 0.192982275633069 0.08782861474138884 0.08826501666989946