19 0.9214170575960416 0.7285826432390635 0.1571658848079167 0.1915340359079618
19 0.8713378177664495 0.6931173210303566 0.1657901419239657 0.19152494554888227
19 0.8161651993788329 0.6576519988216496 0.1657901419239657 0.1915249455488821
14 0.760438844145396 0.6260883814334028 0.1675346524473092 0.1946590359079618
14 0.7052662257577793 0.5906230592246958 0.1656991366622936 0.18996244554888211
14 0.6494033626318346 0.556715691836449 0.16395462613895012 0.1868283551898026
9 0.5958842495058898 0.5228219599868217 0.1672616366622936 0.1899715359079618
9 0.540848139010781 0.48970038777811464 0.16230112087727822 0.1852567648307229
9 0.48746553377734403 0.45815040592848727 0.16230112087727822 0.1852567648307229
4 0.43390091802056335 0.42347542407885985 0.16073862087727822 0.18524767447164336
4 0.3803363022637827 0.3888004422292325 0.1590851156156063 0.18367608411256367
24 0.3253911970303457 0.3572413700205255 0.14925508930724707 0.175809041958086
24 0.27187208390440093 0.32334763817089807 0.15256209983059082 0.17895222267624522
24 0.21697248130179983 0.2925698159621911 0.1490730787839034 0.172684041958086