30 0.0328125 0.42109375 0.065625 0.0875
39 0.76953125 0.82890625 0.0890625 0.09375
39 0.71796875 0.7953125 0.090625 0.09375
36 0.65859375 0.7671875 0.096875 0.0984375
31 0.60546875 0.73984375 0.0890625 0.096875
31 0.5015625 0.6796875 0.0953125 0.0984375
26 0.5578125 0.70859375 0.0859375 0.0921875
26 0.45078125 0.65078125 0.084375 0.0921875
26 0.34765625 0.5921875 0.0828125 0.0890625
21 0.3984375 0.6234375 0.0875 0.09375
21 0.29296875 0.5640625 0.084375 0.0921875
16 0.23828125 0.5375 0.0859375 0.0921875
34 0.184375 0.50859375 0.075 0.08125
34 0.13125 0.4765625 0.0796875 0.084375
34 0.08046875 0.4515625 0.0796875 0.090625