1 0.7989211838550847 0.6768285434310434 0.0902775192218769 0.0843125446422686
6 0.7564780563108935 0.637762089291128 0.09200379353213642 0.08746481818121907
11 0.7202030416115723 0.6001490409954113 0.08369997060135788 0.07795345048646744
14 0.6808030269122514 0.5625905397775953 0.07720430913596861 0.07315685633066593
14 0.6421433186353653 0.5257996517903042 0.07884869629109836 0.0747466298696164
29 0.6115008282463037 0.48496614610826133 0.08049308344622794 0.07633640340856651
29 0.571977982814288 0.44975139489044536 0.08041119629109836 0.07477390340856652
29 0.5348398309598372 0.4137144833642038 0.08049308344622812 0.07633640340856669
26 0.5031704291053865 0.37758211445163614 0.08369997060135788 0.07795345048646726
31 0.46685447082850046 0.34075031615591944 0.08369997060135788 0.07795345048646726
36 0.43440381897404967 0.3046315840128269 0.07868492198083885 0.07162162986961632
39 0.4001450056542096 0.2732276254086847 0.07391553482570909 0.06997730925276535
39 0.3669540473773235 0.2363412800350674 0.08205558344622813 0.07636367694751697
39 0.33215964552287275 0.20026345820040037 0.08041119629109836 0.07477390340856668