15 0.817554490625 0.81121903125 0.7637027671875 0.7554216890625 0.69433601875 0.7789205156250001 0.7461408781250001 0.8305292953125001 0.817554490625 0.81121903125
40 0.6532210375 0.6359865796874999 0.59634368125 0.5743685515625 0.5384564359375 0.612543903125 0.591181059375 0.6671159015625 0.6532210375 0.6359865796874999
37 0.7080505984375 0.6937477515625 0.65570986875 0.6355366546875 0.5930106109375 0.6680002234375 0.644530165625 0.72069150625 0.7080505984375 0.6937477515625
32 0.7657392859375001 0.7536244703125 0.709954665625 0.6938394921875 0.645048278125 0.7218854390625 0.6972093859374999 0.7761543046875 0.7657392859375001 0.7536244703125
27 0.7279585296875 0.5962446703125 0.6696614796875 0.5338529140625 0.6034900828125 0.5799971140625 0.6562134281249999 0.6361972687499999 0.7279585296875 0.5962446703125
27 0.7934860546875 0.6590866765625 0.73058595625 0.5965775734375 0.656874590625 0.636439775 0.7132868734375 0.6951769734375 0.7934860546875 0.6590866765625
27 0.854997078125 0.7250441640624999 0.7941005609375 0.6596292 0.7144488875 0.69524776875 0.769358378125 0.7544790171875 0.854997078125 0.7250441640624999
12 0.8168692609375 0.5515821765625 0.748594640625 0.48214963749999995 0.6716396312499999 0.5354169640625 0.7329612 0.599274484375 0.8168692609375 0.5515821765625
12 0.8854886343749999 0.621426753125 0.8180531609375 0.5517182625 0.7345961562500001 0.59781758125 0.7982468 0.6623524859375001 0.8854886343749999 0.621426753125
12 0.9542544609375 0.6916372703125 0.8874545843750001 0.622367334375 0.8008592812499999 0.6629811140624999 0.8582762921875 0.7276222953125 0.9542544609375 0.6916372703125
29 0.30550708125 0.1406034125 0.239242296875 0.0714253453125 0.20484083593750002 0.1550078078125 0.26394469374999996 0.21619652656250002 0.30550708125 0.1406034125
29 0.371494946875 0.21055286562500003 0.3050592109375 0.1423513875 0.263438428125 0.21830364531250002 0.32365440625 0.282428171875 0.371494946875 0.21055286562500003
29 0.43826211718749997 0.27778811875 0.3720587859375 0.20890686718749998 0.32566916875 0.279803615625 0.3836626640625 0.3409722109375 0.43826211718749997 0.27778811875
22 0.5027412921875001 0.34351366875 0.43997016875000006 0.277069740625 0.387390859375 0.3392940078125 0.4447366640625 0.4003901234375 0.5027412921875001 0.34351366875
22 0.566318628125 0.4087034734375 0.505376740625 0.3430045640625 0.4463250171875 0.40014689218750005 0.5039757234375 0.462686521875 0.566318628125 0.4087034734375