39 0.59921875 0.87109375 0.1921875 0.146875
39 0.55859375 0.78671875 0.190625 0.14375
39 0.515625 0.7 0.2 0.1515625
36 0.4734375 0.61171875 0.1984375 0.1484375
31 0.43359375 0.52265625 0.1953125 0.1484375
26 0.39140625 0.434375 0.1984375 0.1484375
21 0.346875 0.34609375 0.1984375 0.15
16 0.30234375 0.25546875 0.19375 0.146875
16 0.6640625 0.63828125 0.1921875 0.146875
16 0.62265625 0.55078125 0.190625 0.1453125
11 0.25859375 0.16328125 0.19375 0.146875
11 0.58046875 0.4625 0.1921875 0.146875
6 0.53984375 0.37421875 0.1921875 0.146875
1 0.49765625 0.2859375 0.1953125 0.1484375