5 0.7796561937813838 0.16342013255891405 0.15353907242947376 0.14071700135263548
8 0.7239165057498759 0.19606954789945918 0.14508884364130098 0.13281359468490822
8 0.6685594549912716 0.2240314632400043 0.14846893515657006 0.13597495735199913
8 0.6160085398385808 0.25586326591345854 0.1467788893989354 0.1343942760184537
13 0.5613051933223419 0.2853785905872309 0.15015898091420468 0.1375556386855446
23 0.5075744154425548 0.3125410745942306 0.14001870636839725 0.12807155068427195
18 0.452344910441585 0.3389404899347757 0.14508884364130098 0.13281359468490822
41 0.4024566096829806 0.3668387706079118 0.14508884364130098 0.13281359468490822
38 0.34931576316674173 0.3963359139481388 0.15184902667183914 0.13913632001909004
33 0.2970837124081373 0.42426146662159303 0.14508884364130098 0.13281359468490822
38 0.24400663877071568 0.4529773599618199 0.14508884364130098 0.13281359468490822
33 0.19340086089092856 0.4801034813017287 0.14677888939893552 0.1343942760184536
28 0.13967008301114148 0.5072659653087284 0.14352634364130096 0.13279541335136286
3 0.08809173649490257 0.5367449273154099 0.13494856909549374 0.12332950668363551
3 0.05342080377847434 0.5646795706556368 0.10684160755694869 0.13279541335136286