26 0.91796875 0.54921875 0.0421875 0.0828125
26 0.86015625 0.55546875 0.040625 0.096875
31 0.8015625 0.5609375 0.0421875 0.09375
36 0.74609375 0.56953125 0.0421875 0.0890625
39 0.6875 0.571875 0.0421875 0.084375
21 0.628125 0.57890625 0.0453125 0.090625
26 0.5671875 0.58515625 0.0484375 0.090625
31 0.50859375 0.58828125 0.046875 0.096875
6 0.4484375 0.59375 0.046875 0.0921875
11 0.3890625 0.5921875 0.0484375 0.103125
16 0.328125 0.6078125 0.05625 0.10625
31 0.26796875 0.60703125 0.059375 0.10625
36 0.20546875 0.61875 0.059375 0.10625
39 0.14296875 0.62421875 0.059375 0.1078125
30 0.0796875 0.62890625 0.05625 0.103125