15 0.6882238136867433 0.81640625 0.11313342055068923 0.0984375
30 0.7284610475952 0.85546875 0.10633711733238052 0.090625
14 0.11587174639370376 0.27578125 0.10353989926336582 0.0953125
14 0.16146846965849865 0.31640625 0.11836722376899803 0.10625
22 0.20466681260146266 0.3578125 0.10510239926336587 0.0953125
22 0.24953691618808843 0.39765625 0.11000842055068931 0.0984375
36 0.28950099848739075 0.440625 0.11022694183801277 0.1015625
36 0.33504309143035477 0.48203125 0.10499313861970413 0.09375
33 0.37517106469514966 0.52265625 0.10175887797604241 0.0921875
33 0.4171346895690989 0.559375 0.10488387797604233 0.0921875
23 0.45831706444304815 0.59609375 0.10644637797604233 0.0921875
23 0.4948119393169973 0.6328125 0.10175887797604233 0.0921875
17 0.536557042903623 0.67265625 0.09496257475773362 0.084375
17 0.5737785374557415 0.71015625 0.09830609604505725 0.0875
18 0.6142889229733524 0.7453125 0.09819683540139543 0.0859375
18 0.6514557872036398 0.78359375 0.10332137797604232 0.0921875