40 0.1484375 0.5109375 0.0921875 0.1171875
40 0.203125 0.4953125 0.09375 0.115625
40 0.25703125 0.47890625 0.09375 0.1171875
37 0.3140625 0.4609375 0.0953125 0.1171875
32 0.371875 0.44453125 0.0953125 0.11875
22 0.428125 0.42890625 0.096875 0.11875
22 0.48359375 0.4125 0.096875 0.11875
22 0.5390625 0.39609375 0.1 0.1203125
17 0.59609375 0.37890625 0.103125 0.1234375
12 0.6546875 0.3640625 0.103125 0.121875
7 0.71171875 0.346875 0.1 0.1171875
12 0.76640625 0.328125 0.1 0.121875
7 0.82734375 0.31171875 0.1046875 0.121875
2 0.88671875 0.2953125 0.0984375 0.121875