25 0.20830541819680654 0.39127496292813096 0.1454714809142046 0.14141286167271777
0 0.15561111077024234 0.33149805631205986 0.1454714809142046 0.14141286167271766
40 0.6375775563877941 0.6183442099252003 0.15041407242947358 0.1447288626613009
40 0.5771345218400471 0.5596668882901012 0.15041407242947358 0.1447288626613009
22 0.7001402977629803 0.9238474520165351 0.13485297424624482 0.10671952669174586
22 0.6543815165492133 0.8818164609137835 0.13195111485312835 0.12840352570316255
22 0.6044135963955528 0.826631553803421 0.13195111485312835 0.12840352570316255
17 0.5560719491207095 0.7721642296968638 0.1370212521260319 0.1332820266917457
17 0.5060402560882317 0.7161980725865013 0.14209138939893542 0.13816052768032883
17 0.45919733593457107 0.6608858314837498 0.1454714809142045 0.14141286167271758
17 0.40935696153854506 0.6072634243733871 0.14885157242947358 0.14466519566510633
11 0.5261940330499348 0.5021700646778358 0.15392170970237729 0.14954369665368966
11 0.4727822485021879 0.443206241559862 0.1505416181871082 0.14629136266130088
11 0.4168991681968065 0.3827754189361797 0.14378143515657005 0.13978669467652322
39 0.3562002685060673 0.5514246012554133 0.1370212521260319 0.1332820266917457
39 0.30629612123122396 0.4970209441450506 0.13533120636839735 0.13165585969555132
39 0.25417576971401523 0.4442752875289796 0.14027379788366642 0.13497186068413444