16 0.9538212861241473 0.5136664620094142 0.07386596834337453 0.11950886182749905
11 0.9326826716758065 0.47313655039169655 0.11290119480442443 0.1209063410815748
6 0.8880383733800897 0.4382888763264242 0.11290119480442443 0.1209063410815748
1 0.8441753250843732 0.40338200267607044 0.10974892126547395 0.11910704274124857
1 0.8018747767886566 0.36835672985555357 0.10974892126547431 0.11910704274124857
39 0.761150365262415 0.3324318078648737 0.11131142126547414 0.11922544191141168
39 0.7196447037361735 0.2965660854592754 0.10974892126547413 0.11910704274124866
39 0.678920292209932 0.2606411634685955 0.10974892126547413 0.11910704274124866
39 0.6373873571447402 0.22633794106299715 0.10336255357072233 0.11082094606059663
36 0.5958680588490235 0.19125346865739878 0.1049523271096728 0.11250184523075957
31 0.555061826705931 0.16001604666671893 0.1018000535707225 0.11070254689043355
21 0.516640254871264 0.12625727592079455 0.10177278003177222 0.10914004689043351
26 0.47899993303659694 0.0924393055897886 0.1049523271096728 0.11250184523075957
31 0.4406465450493058 0.05509237893708126 0.1033625535707225 0.11018475787416251
30 0.39992213352306427 0.035898843356659806 0.10015573295387145 0.07179768671331961