25 0.89609375 0.35546875 0.103125 0.1078125
35 0.8484375 0.390625 0.09375 0.1
22 0.43828125 0.546875 0.096875 0.1015625
22 0.48984375 0.51171875 0.0921875 0.096875
22 0.5390625 0.4734375 0.0921875 0.1
13 0.58984375 0.43515625 0.096875 0.1015625
13 0.6390625 0.396875 0.09375 0.1
13 0.68828125 0.3609375 0.09375 0.0984375
40 0.734375 0.3265625 0.09375 0.0984375
40 0.78203125 0.2890625 0.1015625 0.1046875
26 0.2546875 0.85546875 0.103125 0.1046875
26 0.30546875 0.815625 0.103125 0.1046875
26 0.353125 0.775 0.0953125 0.1
26 0.403125 0.7375 0.096875 0.1
18 0.45 0.69765625 0.0953125 0.1
18 0.5 0.66328125 0.0875 0.0921875
18 0.54375 0.62578125 0.09375 0.0984375