26 0.4770016144417502 0.9390942638773454 0.08247730925276535 0.07362318380210837
26 0.4909726111953393 0.8896991003411923 0.08247730925276535 0.07362318380210837
26 0.5041350844099781 0.8387096033069417 0.0777352621748646 0.07030718281352506
7 0.5196140340856665 0.7862531067669828 0.07603639448011279 0.06243101581733086
7 0.5311730969918799 0.732856192736538 0.08236821509696383 0.06737318380210837
7 0.5466656834370435 0.681180946196579 0.0744738944801128 0.0623673488211363
7 0.5621719066516823 0.6302869496566202 0.0777079886359143 0.06874468281352505
14 0.57759630924947 0.5747054531166613 0.07762616801906326 0.06405718281352506
14 0.5907178721556833 0.5213722060824109 0.07765344155801354 0.06561968281352523
14 0.6077320482924213 0.46741687653864633 0.08091480925276535 0.073559516805914
14 0.623142814120734 0.4110541299986874 0.07609094155801373 0.06555601581733086
21 0.6401433534879969 0.3563175504549229 0.08719208279171564 0.07537668479069151
21 0.6515933222384088 0.29667063642447805 0.08878185633066593 0.07700285178688589
21 0.6685393145277712 0.23880905688071358 0.08562958279171547 0.07531301779449713
19 0.6846904200476581 0.18013439383885185 0.0730477621748646 0.07011618182494202
19 0.7000330020285949 0.119865397298893 0.07463753571381489 0.07174234882113639