40 0.8557918494191323 0.6419037141151765 0.13908177601845395 0.13753745735199913
37 0.8108060660804963 0.6023230461091313 0.13906359468490842 0.13597495735199913
32 0.7658202827418602 0.5627423781030861 0.14064427601845358 0.13755563868554468
27 0.7208072274029058 0.5208179600970411 0.1438056386855447 0.1407170013526354
27 0.6750038313971789 0.478103201424223 0.1438056386855447 0.1407170013526354
27 0.62922770739177 0.4377321927514052 0.1438056386855447 0.1407170013526354
17 0.5818890833863611 0.39734300274504186 0.14538632001909005 0.14229768268618095
17 0.5376481873806342 0.3546464254057694 0.14698518268618094 0.1454408640197263
22 0.4918538820416799 0.3127129167329515 0.1485658640197265 0.14702154535327186
17 0.4437067360359529 0.26997088605981545 0.14856586401972632 0.14702154535327186
12 0.3971220900302259 0.22724703672022478 0.15485222668681722 0.15021927068745358
2 0.3497380126909534 0.18295159671386146 0.14854768268618096 0.14545904535327175
2 0.30238120735199914 0.14099990670749812 0.15485222668681722 0.15021927068745358
2 0.25664144601368116 0.10375389803468023 0.14847495735199914 0.1392090453532718