41 0.8582490758528664 0.5340427718540004 0.1886160998146657 0.21726688947037937
41 0.7688046299365505 0.5199951408211416 0.19028772721932724 0.2204464531727101
41 0.6801687158713998 0.5067560416394483 0.19352185462398896 0.22368058057737183
41 0.5899430199550839 0.4926811287554241 0.1967014183263199 0.22535220798203354
38 0.4996900421876025 0.4778249658713999 0.20155260943331238 0.2302033990890262
33 0.41030015997361735 0.465339834838541 0.19831848202865068 0.22696927168436432
28 0.3184846822061359 0.4504291082521861 0.19993554573098155 0.22858633538669526
23 0.22747773628981993 0.4363269135169964 0.20160717313564325 0.23176589908902603
18 0.13409975852233852 0.4213616232283105 0.20802086424263583 0.23667165389834946
28 0.6813195320208014 0.6737798505324557 0.19352185462398896 0.22368058057737183
23 0.5918750861044855 0.6597322194995969 0.195029790921658 0.2221726442797028
18 0.5017039538905003 0.6472198066155727 0.19508435462398896 0.22373514427970279
8 0.4130680398253498 0.6339807074338794 0.19513891832631974 0.22529764427970278
8 0.3228696257601992 0.6206870445498552 0.20149804573098154 0.2286408990890262