26 0.21773936177026004 0.589823935749515 0.06968802586424747 0.08828373920022692
26 0.26480457838416516 0.5711756286706061 0.07276756175762475 0.08683036660488845
26 0.31265104499807034 0.5525546034428626 0.07455738229073816 0.09469743030721922
6 0.3587758872387961 0.5284102645127883 0.07607441818411545 0.09318949400955034
6 0.40887517563945586 0.506746084838541 0.07125052586424747 0.08833830290255769
6 0.45518187430667234 0.48885174590846675 0.06964256175762476 0.08672123920022692
11 0.5006845909205776 0.47014887512722703 0.07285848997087001 0.08995536660488845
16 0.5453833254811713 0.4506374724948218 0.07115959765100204 0.08521330290255769
21 0.5931388638818311 0.42889144726707834 0.07437552586424748 0.0884474303072194
36 0.6409171343358022 0.4079266720393349 0.07285848997087001 0.08995536660488845
36 0.689522118896396 0.38855167866275686 0.07285848997087019 0.08995536660488854
4 0.7357151572970558 0.36675108973268256 0.06789820533113407 0.08041667549789597
4 0.7827349098043384 0.3465402826537736 0.07276756175762458 0.08683036660488845
4 0.827297252045064 0.3223413800213685 0.0679891335443795 0.08354167549789597
30 0.07061196067490338 0.6564881021769182 0.08094377461060623 0.09960318511654283