1 0.13814739617861924 0.5464704130676102 0.06684524881887363 0.0845418659766839
6 0.19687755543444638 0.5459366941864967 0.0684623125212045 0.08622276514684693
11 0.2510020602437698 0.5481019228158724 0.05892362141421188 0.08082487012586892
14 0.3074157513507624 0.5485270526900037 0.05708830290255769 0.07289397095570571
14 0.36304819245775494 0.5490113821492162 0.05708830290255769 0.07289397095570589
29 0.4150472020764018 0.5576042095338364 0.060267866604888455 0.07469326929603178
29 0.4690625794810635 0.5566444381632121 0.05865080290255768 0.07301237012586892
29 0.523132520588056 0.5572471667925878 0.0587599303072194 0.07613737012586874
26 0.5726513709508758 0.5621113429324526 0.05736112141421188 0.08070647095570589
31 0.6259673439090337 0.5635545211469097 0.05736112141421188 0.08070647095570571
36 0.675458912420688 0.5676374472867745 0.05100199400955017 0.07710787427505376
39 0.7240055398253498 0.5670920730117207 0.05229167549789597 0.06941377344521679
39 0.775059608337004 0.5710565999814224 0.055689494009550165 0.07746307178554286
39 0.826867644997493 0.5741806773660427 0.05563493030721922 0.07590057178554269