0 0.6386164211886312 0.26259626826723986 0.11844721622369914 0.11912392126547414
35 0.6918823210963462 0.2272530576345028 0.12656010487264702 0.12394778896022585
24 0.16114676742340492 0.5618806168839728 0.1247973457733484 0.12079551542127547
24 0.21373154688076917 0.5281135430207109 0.1232348457733484 0.12076824188232518
24 0.26538488201365945 0.4920163559269241 0.12666023442229637 0.12551028896022592
19 0.318069791020673 0.4598117820636623 0.11325906847545246 0.11122960064862308
19 0.372417329577336 0.42914243466144997 0.10494592072720588 0.10328073295387145
19 0.4275961829088235 0.3992407004897626 0.10338342072720579 0.10325345941492099
22 0.17898870218715493 0.3887198064133915 0.13008562307124433 0.13025233603812653
22 0.24064809299557122 0.3501015913164276 0.11990958667404979 0.1175886948044245
22 0.2959573542543382 0.310029970375265 0.12177247532299776 0.12230346834337488
32 0.3529793098375792 0.27227482589515206 0.1301857526208936 0.13181483603812652
32 0.41005133019564477 0.23530093141503916 0.13008562307124444 0.13025233603812653
2 0.48008083281653846 0.3639111266265007 0.1133591980251019 0.11279210064862308
2 0.5328158065983766 0.3324878027632388 0.11325906847545256 0.11122960064862308
2 0.5830568360557409 0.29876163920840243 0.11335919802510172 0.11279210064862308