1 0.7712249558314237 0.157917705897008 0.10868662860909736 0.11149630937615385
6 0.7268761969977086 0.2022277128368383 0.11184799620027785 0.11325906847545246
11 0.6854887840036807 0.23930621067736996 0.10225479065319458 0.10328329117755652
14 0.6425934223964239 0.27882858806755095 0.0926979526972918 0.09487001387966068
14 0.600479310789167 0.3183009006829073 0.09745818787965277 0.09829540252860855
29 0.5542952950215975 0.35099228717238695 0.1006559230620141 0.10162066162790725
29 0.5145249334143406 0.39031440546326934 0.09745818787965277 0.09829540252860855
29 0.4739369542159032 0.42812408852897627 0.1006559230620141 0.10162066162790725
26 0.4332216884483337 0.46046502159468333 0.10221842306201409 0.10172079117755643
31 0.3934149592498963 0.4982246398855656 0.10221842306201401 0.10172079117755643
36 0.3519548110735074 0.5321781377260972 0.09422408510611113 0.09340764342931003
39 0.3167628466927088 0.5665123673680317 0.09106271751493064 0.09164488433001132
39 0.27530269851631994 0.6004658652085634 0.09902068787965286 0.09839553207825791
39 0.23466016793111164 0.6359317982742704 0.09902068787965286 0.09839553207825791