16 0.9140625 0.7671875 0.059375 0.1015625
11 0.85390625 0.76875 0.059375 0.0984375
6 0.79453125 0.76640625 0.0578125 0.1
1 0.7359375 0.7640625 0.05625 0.0984375
1 0.678125 0.7625 0.0546875 0.1
39 0.62109375 0.7625 0.05625 0.1
39 0.5640625 0.7625 0.05625 0.0984375
39 0.50703125 0.7625 0.0546875 0.1
39 0.45078125 0.76171875 0.0515625 0.09375
36 0.39375 0.7609375 0.0515625 0.0953125
31 0.33984375 0.7578125 0.0515625 0.0921875
21 0.28671875 0.7578125 0.0484375 0.09375
26 0.2328125 0.75859375 0.053125 0.09375
31 0.1765625 0.76171875 0.053125 0.0921875
30 0.12109375 0.7625 0.046875 0.09375