20 0.09807684068844462 0.5031914094976466 0.11884773442229637 0.12537392126547414
40 0.16072703501291857 0.49975671793963306 0.12197273442229636 0.1254284683433749
40 0.22010203501291858 0.4987203234595201 0.11708497532299775 0.12222164772652384
12 0.27972735888704187 0.49377767897940716 0.11209708667404979 0.1174523271096728
12 0.33827104411221726 0.4935361712687694 0.10680880937615385 0.10799550649282175
19 0.39837722933739256 0.4932673900191814 0.10378393892580311 0.10950345941492116
19 0.4569709793373926 0.49224463230854365 0.10348355027685514 0.10481595941492117
34 0.5131709145625679 0.49204403490633136 0.09693316162790726 0.10001936525911966
34 0.5717646645625679 0.49102127719569355 0.09869592072720579 0.10317163879807012
9 0.6327021645625679 0.48995760917663034 0.09360790252860855 0.09683981818121908
9 0.6889521645625679 0.48897576177441804 0.09547079117755644 0.10155459172016953
4 0.7445210441122173 0.486445051141681 0.10025842072720578 0.10319891233702042
4 0.8046272293373926 0.4861762698920929 0.09693316162790708 0.10001936525911966
29 0.8587838032115158 0.4813290827983062 0.10680880937615385 0.10799550649282175
29 0.9188399236618665 0.48184155154871816 0.10544656847545256 0.11109323295387127