37 0.675 0.3765625 0.0828125 0.1078125
40 0.7609375 0.37265625 0.0859375 0.109375
7 0.15625 0.37421875 0.0859375 0.1125
32 0.58828125 0.37578125 0.0828125 0.109375
13 0.24296875 0.4875 0.0859375 0.1140625
27 0.50390625 0.37578125 0.0828125 0.1078125
18 0.33125 0.48828125 0.0859375 0.1140625
8 0.15625 0.4890625 0.0875 0.115625
6 0.15625 0.26171875 0.0875 0.1109375
19 0.7671875 0.60234375 0.0875 0.1203125
17 0.33125 0.37265625 0.084375 0.1109375
23 0.41875 0.48828125 0.08125 0.1140625
15 0.67890625 0.60625 0.0828125 0.1140625
26 0.5015625 0.2625 0.084375 0.109375
28 0.5890625 0.4875 0.08125 0.1125
38 0.6765625 0.4875 0.0828125 0.1125
3 0.06796875 0.4890625 0.0859375 0.115625
33 0.50234375 0.4890625 0.084375 0.1125
24 0.85 0.259375 0.084375 0.10625
12 0.24140625 0.37578125 0.0859375 0.1109375
41 0.76328125 0.4859375 0.084375 0.1140625
11 0.24296875 0.26015625 0.0859375 0.1109375
31 0.59140625 0.26328125 0.0828125 0.109375
14 0.8515625 0.721875 0.0765625 0.10625
36 0.675 0.259375 0.0859375 0.109375
2 0.0671875 0.37734375 0.084375 0.1125
4 0.85078125 0.60234375 0.0828125 0.1171875
9 0.76484375 0.7234375 0.0796875 0.109375
1 0.06875 0.2640625 0.0828125 0.1109375
39 0.7640625 0.2609375 0.0859375 0.10625
16 0.3296875 0.2625 0.0859375 0.1109375
10 0.59140625 0.60546875 0.0828125 0.11875
22 0.4171875 0.375 0.0828125 0.1109375
0 0.415625 0.60546875 0.08125 0.11875
5 0.50234375 0.6046875 0.0828125 0.1171875
34 0.85078125 0.37578125 0.084375 0.1046875
29 0.8515625 0.4875 0.08125 0.1046875
21 0.41875 0.2625 0.0796875 0.1046875