37 0.6850172853097265 0.5919950652836705 0.11697422359113005 0.1327090237259961
40 0.7686209589935238 0.5727131660819733 0.12020835099579194 0.13596135771838505
7 0.18637391026731748 0.7344081279843401 0.12182541469812272 0.13758752471457925
32 0.6020311705189365 0.615996297983465 0.117028787293461 0.1342715237259961
13 0.23872263866777108 0.6019749713682689 0.12187997840045357 0.13915002471457943
27 0.520634837579312 0.6392799476794538 0.11697422359113023 0.1327090237259963
18 0.32329853530972646 0.5772561556646689 0.12187997840045366 0.13915002471457943
8 0.15503711943047738 0.6236006205699662 0.12355160580511529 0.1423386917107738
6 0.21779254665765385 0.8428718853987138 0.12182541469812272 0.13758752471457925
19 0.7114706910221745 0.3497584857399061 0.12527779691210802 0.14708985870696817
17 0.3553892942954011 0.6888767465771399 0.11864585099579195 0.1358976907221905
23 0.4078471501005165 0.553318589961069 0.11713791469812271 0.13739652372599628
15 0.6254959854872117 0.3697261344473117 0.11875497840045349 0.1390226907221906
26 0.5496551602673174 0.7492107045995361 0.118591287293461 0.1343351907221905
28 0.5713665022774347 0.5083456240671884 0.11713791469812271 0.13739652372599628
38 0.6559151170682247 0.48440805836358825 0.11870041469812272 0.13746019072219048
3 0.0697072546396874 0.6475063527754691 0.12193454210278445 0.14071252471457943
33 0.48768098304014096 0.5299712732688857 0.12026291469812271 0.13752385771838505
24 0.8853694601746502 0.6572711912908442 0.1169196598887993 0.13114652372599628
12 0.2677975250581074 0.7103432282883512 0.12026291469812271 0.13752385771838505
41 0.7396006363055184 0.462782409161891 0.12031747840045348 0.13908635771838504
11 0.3014780658949475 0.8212462361970166 0.12026291469812271 0.13752385771838505
31 0.6358208387604384 0.7237743058921303 0.11702878729346118 0.1342715237259963
14 0.7593228923807862 0.21166557813525183 0.11061509618646852 0.1293293557412186
36 0.7170534805930704 0.7051781561961417 0.12020835099579194 0.13596135771838505
2 0.10034464103002376 0.7559382766917457 0.12026291469812271 0.13752385771838505
4 0.7920584921106336 0.32722425254582005 0.12042660580511537 0.14221135771838495
9 0.6756373731434925 0.2332912273369491 0.11384922359113006 0.13258168973360734
1 0.13254452742036013 0.8644338676042167 0.11708335099579185 0.1358340237259963
39 0.8024379090861912 0.6797099239906388 0.11853672359113006 0.1327726907221905
16 0.38454602623923384 0.7949012534972221 0.12026291469812271 0.13752385771838505
10 0.5417286206964217 0.393695533649009 0.12048116950744614 0.14377385771838497
22 0.4376487227885219 0.6632811803792483 0.11708335099579195 0.1358340237259963
0 0.3726313911148418 0.4415706650562091 0.11886410580511528 0.1421476907221905
5 0.4555629422033009 0.4191319323564146 0.12042660580511537 0.14221135771838506
34 0.854087233040141 0.5449011838764705 0.11686509618646852 0.12958402372599628
29 0.8242038147986392 0.43728234345829103 0.11374009618646852 0.12945668973360736
21 0.46987589103002375 0.7709955212917194 0.11212303248413757 0.12783052273741297