37 0.36596334503026695 0.37417902214770055 0.20675059793005185 0.19889883538669526
40 0.2849976875617341 0.3911061165200705 0.210112396270378 0.20213296279135698
7 0.8508809514591814 0.25071417406231555 0.21179329544054112 0.20375002649368784
32 0.44741425457339207 0.3533183959241652 0.205069698759889 0.1972817716843644
13 0.7983856813379567 0.38492797215554975 0.21179329544054112 0.20375002649368784
27 0.5265806137015989 0.33332086525412613 0.205069698759889 0.1972817716843644
18 0.7162127213799131 0.40659713023025057 0.21191169461070417 0.20531252649368775
8 0.8800141896363265 0.36641109593201443 0.21683599295103023 0.2086012176006804
6 0.8131423078880957 0.14550088440660183 0.19342180373891082 0.1875248257680484
19 0.3386358635011062 0.6234449013664609 0.2252404888018452 0.2166865361123346
17 0.6869610840326048 0.28933770836055167 0.21179329544054112 0.20375002649368784
23 0.6347026122517063 0.4266765064537859 0.20843149710021489 0.2005158990890262
15 0.421945270969639 0.6064359614405946 0.215155093780867 0.20698415389834962
26 0.4991282746946166 0.2191318796820964 0.20843149710021489 0.20051589908902612
28 0.47552944441021144 0.4659175996450295 0.20843149710021508 0.2005158990890262
38 0.39329728486708615 0.4868055077197303 0.210112396270378 0.20213296279135698
3 0.926943776144509 0.34612338858295305 0.146112447710982 0.20583831614940157
33 0.5563767027085811 0.4474280052726596 0.21179329544054112 0.20375002649368792
24 0.17291023942654515 0.29710563457623784 0.20506969875988892 0.1972817716843644
12 0.7710517415011375 0.27230148658352005 0.20843149710021508 0.20051589908902612
41 0.3124500265687164 0.5052951020921002 0.21179329544054096 0.20375002649368773
11 0.7395155537389108 0.15590516026731746 0.20843149710021489 0.20051589908902612
31 0.41533361515149136 0.24007435145912806 0.20675059793005204 0.19889883538669526
14 0.2905796396456154 0.7645535402038679 0.1983461020792369 0.19081351687504106
36 0.3358712580978771 0.2561656321291671 0.210112396270378 0.20213296279135698
2 0.914585024794863 0.2450792437550962 0.17082995041027402 0.181056570958725
4 0.260972804787818 0.6426066183341691 0.21683599295103012 0.2086012176006804
9 0.3713676983589036 0.745282695831498 0.2033887995897259 0.19566470798203356
1 0.8708247533239923 0.1521030592715256 0.1348271311235308 0.13405259618646848
39 0.2529762477249149 0.27864332205503334 0.20675059793005196 0.19889883538669526
16 0.6597455433659485 0.17827372278852197 0.20843149710021508 0.20051589908902612
10 0.5033961805127642 0.5855753352170593 0.215155093780867 0.20698415389834962
22 0.6064098236596426 0.31173355273292164 0.205069698759889 0.1972817716843643
0 0.6679196991840962 0.5445807690676577 0.2151550937808672 0.20698415389834962
5 0.5864095900558894 0.564660145291193 0.21347419461070416 0.20536709019601868
34 0.20216187677385347 0.41436505644593674 0.2033887995897259 0.19566470798203356
29 0.2295550161957542 0.5277727920179665 0.20002700124939982 0.19243058057737183
21 0.5767321338228234 0.19918891271438816 0.20002700124939993 0.19243058057737183