32 0.7360352344222963 0.18287382305769345 0.12229410703211538 0.08925343182259016
11 0.6097731230712442 0.1772301166892961 0.1173062183831675 0.08418329454968654
28 0.4840920026208936 0.16852518319971602 0.11906897748246621 0.08743584030732113
14 0.3607045673957183 0.1592303183465877 0.11730621838316742 0.08418329454968654
41 0.7451680074012555 0.27687891457296254 0.11886871838316751 0.08431084030732112
36 0.6180245165005542 0.2696089353257479 0.11291910703211538 0.08848815727678297
38 0.490730831275379 0.25999520607853327 0.11750647748246604 0.08730829454968658
19 0.3666622755998529 0.25219906834658773 0.11261871838316742 0.08380065727678296
16 0.7533192712809162 0.36769523320941433 0.11916910703211556 0.08899834030732112
24 0.6246633451550396 0.3610789582045652 0.11720608883351816 0.08262079454968649
19 0.49825103947951355 0.35309150183616783 0.11458173658176474 0.09017820303441751
24 0.3740823542543382 0.34373286410422227 0.11418121838316742 0.08392820303441742
9 0.7585958590347002 0.462162710330597 0.11780686613141408 0.0919957945496865
4 0.6290084885843494 0.45313891244693066 0.11886871838316751 0.08431084030732094
37 0.5033273681339988 0.44443397895735054 0.11750647748246604 0.0873082945496865
26 0.38218355335917414 0.43376793274067404 0.11750647748246604 0.0873082945496865
23 0.7677286320136594 0.5561678018458661 0.12385660703211539 0.08938097758022465
11 0.6373099467884841 0.5462989810833825 0.12531897748246604 0.08794602333785928
36 0.5124100763381334 0.5376578204726197 0.11770673658176474 0.09043329454968649
12 0.3858976411129581 0.5281078641042223 0.117806866131414 0.0919957945496865
22 0.7728049606681447 0.6475102789670488 0.12073160703211538 0.08912588606495557
4 0.6455112754429694 0.6378965497198342 0.11448160703211521 0.0886157030344176
37 0.5176365993170927 0.6313440475938024 0.1173062183831675 0.0841832945496865
22 0.39180528454226804 0.6202953641042223 0.11594397748246603 0.08718074879205204
17 0.7820378631967533 0.743077870482318 0.11780686613141408 0.0919957945496865
8 0.6499565484219287 0.7315190039621997 0.12249436613141391 0.0923784318225902
8 0.5250066131967533 0.7220965933514369 0.1224943661314141 0.0923784318225902
21 0.400056677971578 0.7126741827406741 0.11936936613141409 0.09212334030732112
29 0.7848705714008879 0.8357915289670489 0.1206314774824662 0.08756338606495576
31 0.6565453123015893 0.822207776841017 0.12219397748246603 0.0876909318225902
24 0.5310143861757126 0.8158465933514369 0.11720608883351816 0.08262079454968649
1 0.4060644509505373 0.8064241827406742 0.11125647748246603 0.08679811151914833
6 0.7950849830287952 0.9345478933611353 0.1139809592838688 0.08080320303441724
6 0.6659284091546718 0.920119118356286 0.11564358883351815 0.08249324879205204
19 0.5364912330287952 0.9134390704726197 0.1137807001845701 0.07767820303441723
39 0.41124090915467193 0.8993291598618567 0.11544332973421945 0.07936824879205204