14 0.5097224205522325 0.8611111810250096 0.12679995202099903 0.15905259618646853
41 0.44907582188895967 0.8339831966341062 0.13312267735518085 0.16552085099579159
39 0.39787694855986855 0.8009325944571879 0.12521927068745367 0.15743553248413775
40 0.34594227856464105 0.7639484604291042 0.13154199602163538 0.163903787293461
1 0.9607160399427299 0.45559536804046885 0.07053177068745349 0.15552580290255769
11 0.9305836446133207 0.4256251258450172 0.13159654002227156 0.168591287293461
21 0.8786398839513204 0.3894222418169335 0.1299794960216353 0.16384922359113013
21 0.8188018072883658 0.3599777892771956 0.13315904002227158 0.16864585099579185
26 0.76683986529282 0.3253374052491119 0.12683631468809012 0.16217759618646851
17 0.720455761298547 0.28151299417918624 0.13156017735518083 0.165466287293461
22 0.6661227973026833 0.24913451459760633 0.12999767735518084 0.16541172359113024
28 0.6181398306413193 0.20838053982534976 0.12999767735518084 0.16541172359113016
33 0.5701477733131828 0.16840781505309324 0.1299794960216353 0.1638492235911302
4 0.5173773093173188 0.13608389917384414 0.12365677068745348 0.1573809687818067
27 0.4210113866565914 0.08895094962933107 0.12360222668681722 0.15269346878180676