4 0.15390625 0.28515625 0.0765625 0.0984375
26 0.2390625 0.28125 0.0734375 0.1015625
17 0.321875 0.27734375 0.0765625 0.1015625
38 0.40546875 0.27578125 0.08125 0.103125
24 0.490625 0.275 0.0765625 0.0984375
40 0.5765625 0.27109375 0.0828125 0.1
21 0.66171875 0.26953125 0.0765625 0.103125
32 0.74765625 0.26875 0.0828125 0.1046875
11 0.8328125 0.26640625 0.0765625 0.1046875
3 0.1484375 0.4 0.078125 0.1078125
29 0.23046875 0.3984375 0.0765625 0.1
33 0.31484375 0.39296875 0.0765625 0.1046875
37 0.4 0.39296875 0.0796875 0.1046875
23 0.48359375 0.390625 0.0765625 0.1078125
9 0.56796875 0.38984375 0.0734375 0.1015625
13 0.653125 0.38984375 0.0796875 0.1046875
28 0.7390625 0.384375 0.078125 0.1015625
37 0.82421875 0.3828125 0.075 0.1046875
16 0.14140625 0.51484375 0.0734375 0.1015625
31 0.22578125 0.5125 0.075 0.1046875
12 0.30859375 0.5109375 0.0765625 0.1046875
24 0.3921875 0.50625 0.0796875 0.0984375
39 0.475 0.5046875 0.071875 0.1
39 0.559375 0.50390625 0.0734375 0.1015625
4 0.6453125 0.50390625 0.078125 0.0984375
2 0.73203125 0.50234375 0.08125 0.1015625
19 0.81640625 0.49921875 0.0703125 0.0984375
36 0.13515625 0.62890625 0.0765625 0.1015625
16 0.21875 0.62734375 0.0765625 0.1
8 0.3 0.6234375 0.0734375 0.1046875
21 0.38515625 0.62109375 0.0734375 0.1015625
17 0.46796875 0.61640625 0.0734375 0.0984375
7 0.5546875 0.61953125 0.0734375 0.1015625
4 0.6375 0.61796875 0.0765625 0.1
26 0.72265625 0.6171875 0.0796875 0.1015625
17 0.80625 0.6140625 0.0734375 0.0984375