40 0.15992974796810983 0.38984375 0.18756600405718976 0.1828125
40 0.6652115373353727 0.334375 0.19236259821299112 0.1890625
40 0.2687900994275118 0.62890625 0.19236259821299112 0.1890625
17 0.6052444277582959 0.2109375 0.18123418344033873 0.178125
17 0.2143871972367612 0.5109375 0.17967168344033874 0.178125
17 0.7141865998345489 0.4546875 0.17487508928453757 0.171875
17 0.3185055016182625 0.746875 0.17331258928453738 0.171875
6 0.24840586688067753 0.35625 0.19236259821299112 0.1890625
6 0.3975621615229462 0.4421875 0.18123418344033873 0.178125
6 0.4812144127407622 0.40078125 0.18918305113509035 0.1859375
6 0.5744189419617554 0.36953125 0.17487508928453757 0.171875
1 0.33688198579324524 0.32265625 0.17487508928453738 0.171875
1 0.4220967370110612 0.28125 0.17331258928453738 0.171875
1 0.5137114926931041 0.2484375 0.18600350405718977 0.1828125
11 0.3059746793798537 0.4765625 0.18600350405718977 0.1828125
11 0.44888097402212235 0.5625 0.17487508928453738 0.171875
11 0.5333008384704632 0.5203125 0.17331258928453738 0.171875
11 0.6225854809219813 0.48828125 0.17805463636243815 0.175
1 0.35959633157060433 0.59453125 0.17805463636243807 0.175
16 0.4070088940697805 0.71484375 0.17967168344033874 0.178125
16 0.49708842329077374 0.68359375 0.17487508928453738 0.171875
16 0.580754311278065 0.64296875 0.1859762305182393 0.18125
16 0.6707929301906326 0.609375 0.17808190990138845 0.1765625
40 0.7663412094116258 0.578125 0.19236259821299112 0.1890625