19 0.14201231132933786 0.6832826658438194 0.14540002471457938 0.12046058320625015
2 0.142079115625 0.6532373640625 0.1913780609375 0.65586639375 0.1938971578125 0.612452825 0.0906756578125 0.607029796875 0.0850937109375 0.64946401875 0.142079115625 0.6532373640625
28 0.195603921875 0.5594395125 0.0898007125 0.5545044171875 0.085727371875 0.5984425796874999 0.1935855203125 0.6034509921875 0.195603921875 0.5594395125
26 0.19569777187499998 0.50955890625 0.08683823125 0.5033546734375001 0.0848459078125 0.5462069890625 0.19270405625 0.5512154046875 0.19569777187499998 0.50955890625
1 0.1947771921875 0.459062059375 0.09204335 0.454816525 0.0880352015625 0.49585678125 0.189741578125 0.5000656546875 0.1947771921875 0.459062059375
38 0.1949362359375 0.406283546875 0.0901344140625 0.402544275 0.0881290515625 0.44597617500000003 0.1939453015625 0.45033168593750006 0.1949362359375 0.406283546875
16 0.3176719765625 0.6641427921874999 0.21495116875 0.6593176749999999 0.212919728125 0.7039087390625001 0.31877509531250003 0.7065255109375 0.3176719765625 0.6641427921874999
22 0.317791903125 0.613103025 0.211988690625 0.60816793125 0.208968896875 0.6509835890625 0.3168661609375 0.6542532624999999 0.317791903125 0.613103025
11 0.3201258078125 0.5093580640625001 0.217470196875 0.50163504375 0.20931305937500003 0.54426740625 0.31300917968749997 0.551447503125 0.3201258078125 0.5093580640625001
34 0.8959199254363324 0.416280163756527 0.14058519072219083 0.11722648043270852
34 0.8875689145619174 0.36486313412124927 0.13733285672980172 0.11402874525034737
34 0.8894378206836968 0.3147722151432979 0.13733285672980172 0.11402874525034737
3 0.2668438735728968 0.5802823395714234 0.14540002471457933 0.12046058320625015
36 0.605447411633349 0.7530411602411453 0.14708985870696817 0.12362195079743081
36 0.5993128167665454 0.6984445792190968 0.147089858706968 0.12362195079743081
3 0.598710638895936 0.6452832116279161 0.15190469269935675 0.12685605357097246
8 0.5942340445234239 0.5929940130146869 0.14383752471457925 0.12042421561506948
13 0.5976336171471062 0.542085476445555 0.14221135771838506 0.118825348023889
4 0.5963138562726913 0.4905047926499648 0.13739652372599628 0.11559124525034718
4 0.5988685119001792 0.4380519398764232 0.13570668973360753 0.11242987765916687
1 0.592814830075237 0.36624967505878425 0.13570668973360753 0.1124298776591667
32 0.9045985415576745 0.5716943623697561 0.14540002471457925 0.12046058320625015
37 0.9008713636870651 0.5186057299609368 0.14540002471457925 0.12046058320625015
40 0.8987703528126503 0.4670432299609367 0.14546369171077345 0.12202308320625015