21 0.5440687206794994 0.1071689879352435 0.14046246268299925 0.12354921561506957
40 0.5020090373567717 0.18429387917777823 0.13895450668363551 0.128200348023889
37 0.45679708203372577 0.25900228523795177 0.14202496268299925 0.12358558320625015
31 0.41391978604390706 0.3329839926848962 0.13882723734881744 0.117262848023889
24 0.370306693387952 0.41085376633625026 0.1388817813494539 0.121950348023889
33 0.32821973806490606 0.485634907578785 0.14522268801718105 0.1299083183886111
37 0.28380721407540566 0.5619239974345488 0.1420431440165447 0.12514808320625015
22 0.2386316214194506 0.6397574034947224 0.1404806440165447 0.12511171561506948
7 0.19657193809672283 0.7168822947372571 0.13566587468172658 0.11406511284152784
41 0.6502283613542262 0.16899880033993112 0.13572041868236298 0.11875261284152785
24 0.6065789060311804 0.2437435739912852 0.13417610001590835 0.12027874525034736
12 0.5645010413749072 0.31930596523381993 0.13889996268299926 0.123512848023889
16 0.5231953360518613 0.39410529027194485 0.1373011000159085 0.12035148043270852
36 0.4780015620623607 0.47037619633211847 0.14046246268299925 0.12354921561506949
9 0.4374771067393149 0.5451937051658338 0.13889996268299926 0.123512848023889
6 0.3954265140833598 0.6230998464083684 0.13417610001590835 0.12027874525034736
23 0.3494423994270866 0.6985713186729516 0.1420795066836355 0.12827308320625014
39 0.3058111254375861 0.7748785923243058 0.13888178134945378 0.121950348023889
29 0.752490842695726 0.2315189437666673 0.13261360001590833 0.12024237765916679
6 0.7119391153723618 0.3039927026003825 0.13573860001590835 0.12031511284152785
9 0.6690800007160886 0.379536910047327 0.13099655601527208 0.11551851006798622
18 0.6254123640594973 0.4527191836986811 0.1388817813494537 0.121950348023889
39 0.5849060900699967 0.5290991925323963 0.13255905601527207 0.1155548776591667
28 0.5420560660804963 0.6054246499793408 0.1373556440165448 0.1250389804327085
6 0.4984157014242231 0.6809506736306948 0.13889996268299926 0.123512848023889
41 0.4579185181014953 0.7581119324644101 0.1404442813494539 0.12198671561506949
3 0.4142599721116767 0.8320754561157642 0.14518632535009016 0.12678331838861112
7 0.8585868487030439 0.2878800061713549 0.1309783746817267 0.11395601006798621
32 0.8180714840467707 0.3634787650050701 0.1373556440165448 0.12503898043270842
18 0.7728595287237247 0.4381871710652437 0.13731928134945387 0.12191398043270851
17 0.7307543920671333 0.5114058123077785 0.12627269334818117 0.11228440729444458
11 0.6886674367440874 0.586186953550313 0.13572041868236298 0.11875261284152785
7 0.6481429814210414 0.6610044623840283 0.13572041868236298 0.11875261284152785
33 0.6076457980983136 0.7381657212177435 0.134157918682363 0.11871624525034737
11 0.5647775927752677 0.812928678664688 0.13257723734881743 0.11711737765916688
13 0.5219548407860854 0.8915978861116324 0.14206132535009014 0.12671058320625014