12 0.146597670593472 0.23889100237484923 0.19506184612402797 0.20061523292582972
37 0.16347473964767334 0.31837710651329215 0.19506184612402797 0.20061523292582972
13 0.19421428695038162 0.4057199762555673 0.21264938962701407 0.21870349163225705
34 0.219430532866319 0.4956932010407967 0.19985844889756965 0.205548394391219
8 0.24697234498666618 0.5863248450933314 0.2110505220358335 0.21705910447712728
41 0.2784749584937841 0.6744080212580418 0.20465505167111128 0.21048155585660827
39 0.30436335163617995 0.7690278024657062 0.20465505167111128 0.21048155585660827
6 0.33503016375652706 0.8594956722079814 0.20465505167111128 0.21048155585660808
22 0.3633538790872562 0.9165335662605163 0.20450827488562506 0.13712594301173767
40 0.2680739335112498 0.1825856914298583 0.2030561840799307 0.2088371687014785
39 0.29650609840513864 0.26848889190482816 0.19825958130638907 0.20390400723608923
41 0.3232666605254858 0.3591614795349277 0.20465505167111128 0.21048155585660827
36 0.35244370782819406 0.44658623643233264 0.20625391926229178 0.212125943011738
34 0.3830923361529509 0.5378353561746079 0.20465505167111128 0.21048155585660827
24 0.41068869966006893 0.6261232502271425 0.198259581306389 0.20390400723608923
18 0.4366498279848258 0.7176180314348071 0.19825958130638915 0.20390400723608923
40 0.4664626549228118 0.8112518447546471 0.2094516544446529 0.21541471732199752
18 0.49747495915937423 0.8868759644969224 0.2008754350298613 0.18219278154634894
38 0.3947461894951735 0.13771252544191329 0.2030561840799308 0.2088371687014785
9 0.4270846043890623 0.22341100802905872 0.18866637575930573 0.1940376843053107
24 0.45395426928295113 0.3093960956591583 0.18866637575930573 0.1940376843053108
40 0.48155063279006904 0.397683989711693 0.20625391926229178 0.212125943011738
33 0.5090924449104163 0.4883156337642277 0.20625391926229178 0.212125943011738
9 0.5374882422131245 0.5757813342391975 0.17907317021222227 0.18417136137453216
11 0.5673192529467008 0.6686338975590377 0.20145731648875015 0.20719278154634874
24 0.6034184474758674 0.7603776622583587 0.18866637575930573 0.1940376843053107
28 0.6293977595962146 0.8510911934660232 0.21424825721819457 0.22034787878738699
37 0.5230173130702778 0.09451800401452937 0.1902652433504862 0.18903600802905873
13 0.5522489117597568 0.17627597919624344 0.20785278685347244 0.21377033016686772
32 0.5807174442448261 0.26061667967121327 0.20625391926229178 0.212125943011738
9 0.6066967563651733 0.3513302108788777 0.20625391926229178 0.212125943011738
22 0.6397436860767011 0.44011274988845833 0.20625391926229178 0.212125943011738
36 0.6696474319926384 0.5298403132082984 0.20625391926229178 0.212125943011738
24 0.7010409427262146 0.6226109893730087 0.19506184612402783 0.20061523292582972
3 0.7325253724377424 0.7114754155377192 0.2174459924005557 0.22363665309764613
8 0.7577779859448605 0.7998861403229485 0.20465505167111112 0.21048155585660827