3 0.7362623701054976 0.9195125522890184 0.2485788836760255 0.16097489542196328
3 0.8192501967048168 0.8026652425500448 0.2517802933309515 0.24444077469461653
3 0.8866742813883448 0.6462511444195002 0.22665143722331038 0.24432237552445352
3 0.9261686521133574 0.48422566371553205 0.14766269577328509 0.23934961037760658
8 0.666490819485079 0.8977375457528909 0.2534520539746133 0.20452490849421814
8 0.7486045609351042 0.7592336286479533 0.2468742720436282 0.24096057718412744
8 0.8278664539942838 0.6036007805174086 0.24854603268728964 0.24264147635429065
8 0.8917363448721629 0.44652383155702696 0.21652731025567426 0.24432237552445352
13 0.5972984230717048 0.8736602137062434 0.25188955397461327 0.24600327469461689
13 0.6765603161308843 0.7180273655756986 0.25679557526193675 0.24948347220510564
13 0.7587286879027404 0.55950631578548 0.2535613146182751 0.24768417386477956
13 0.8401704399964274 0.40170731641018004 0.25188955397461327 0.24600327469461652
18 0.5273794069801614 0.8295065493892333 0.24854603268728984 0.24264147635429048
18 0.6074771803611718 0.6747141508437702 0.2401872294689813 0.23423698050347533
18 0.6873018021330279 0.5160155022983071 0.24520251139996638 0.2392796780139646
18 0.7681808255140383 0.36128230333792544 0.24185899011264275 0.23591787967363853
23 0.45985877121044894 0.7863117338274678 0.2534520539746133 0.24612167386477973
23 0.5382847839477976 0.6298384361118415 0.24520251139996638 0.2392796780139644
23 0.6192184376506388 0.47588648715146 0.2385154688253195 0.23255608133331246
23 0.6984257003879876 0.3194723890209154 0.2401872294689813 0.2342369805034755
28 0.3899943854407364 0.7429393195104577 0.24854603268728984 0.24264147635429048
28 0.470037528499916 0.5873656709649946 0.2385154688253195 0.23255608133331246
28 0.547955442846419 0.43473942366428703 0.24185899011264295 0.23591787967363836
28 0.6289437268710911 0.28156872470390537 0.24353075075630456 0.23759877884380157
33 0.3219110209583473 0.7028103043636108 0.24520251139996638 0.2392796780139644
33 0.40033703369569607 0.5463370066479846 0.24185899011264295 0.23591787967363853
33 0.47987207836402995 0.39461040851744 0.23350018689433422 0.22751338382282338
33 0.5599698517450403 0.23981800997197683 0.23350018689433422 0.22751338382282338
38 0.2552808958322966 0.6612371883869267 0.24854603268728984 0.24264147635429048
38 0.3321990388914761 0.5054267415011375 0.23350018689433422 0.22751338382282338
38 0.4122968122724865 0.35063434295567447 0.24353075075630456 0.23759877884380148
38 0.4908867159753279 0.19650479524004835 0.23684370818165768 0.23087518216314945
41 0.18948665102807666 0.6205045219953242 0.23684370818165773 0.23087518216314945
41 0.26791266376542533 0.4640312242796981 0.23004740496334905 0.2225890854824973
41 0.3435960887555901 0.312789878223746 0.23350018689433422 0.22751338382282338
41 0.4229672424584314 0.15871953009320133 0.22848490496334897 0.2224706863123343