26 0.9417216347914366 0.6032122574248663 0.11655673041712689 0.17431017447164338
27 0.891333717607975 0.6278627994811481 0.17331399136212652 0.16969539734428024
32 0.8059166517534162 0.648679814410067 0.1882776573089707 0.18383971057599685
2 0.7237747802233313 0.6718223986208265 0.1800646391103733 0.1775442587805987
19 0.6409017234680713 0.6957507780111258 0.1767393800110746 0.17440107806243965
16 0.5571973519379864 0.718902452580965 0.1767393800110746 0.17440107806243965
3 0.47266166563307693 0.741277422330344 0.1867151573089707 0.18383062021691715
24 0.38890722932816735 0.7636478469001832 0.17507675046142532 0.17282948770335976
13 0.3059340430232579 0.7860137262904825 0.1816271391103733 0.1775533491396782
12 0.9197727351928762 0.47992929352921976 0.16045452961424758 0.17598175878059868
41 0.847435918410854 0.5038531277399794 0.17996450956072393 0.17598175878059868
26 0.7621189821059445 0.5262326426688981 0.17507675046142523 0.17282948770335976
18 0.6831021105758597 0.5493570461614985 0.17331399136212652 0.16969539734428024
31 0.5970039242709502 0.571741106269957 0.1800646391103733 0.1775442587805987
1 0.5123180436415666 0.591772326019336 0.18172726866002265 0.1791158491396782
19 0.4287138016611312 0.6164865005891752 0.17008886181247734 0.16811471662612104
4 0.3473531801310463 0.639624539620395 0.17507675046142532 0.17282948770335976
34 0.26448012337578614 0.6635529190106942 0.17331399136212672 0.16969539734428024
6 0.8849488055186425 0.3574866669675908 0.17507675046142523 0.17282948770335987
38 0.21896975940384045 0.5387710876286051 0.18338989820967191 0.18068743949875793
23 0.30282432525839925 0.5179631630587659 0.18671515730897054 0.18383062021691715
31 0.38730994678848407 0.49480694330938696 0.183389898209672 0.18068743949875793
14 0.47179556831856895 0.471650723560008 0.17507675046142523 0.17282948770335996
21 0.5539875046234786 0.4492893893492484 0.17507675046142523 0.17282948770335976
17 0.6376418113787385 0.4253564647794093 0.1767393800110746 0.17440107806243949
38 0.7198337476836482 0.4029951305686497 0.183389898209672 0.18068743949875793
16 0.8052508135382069 0.3821781156397309 0.17507675046142523 0.17282948770335987
26 0.8418322563215215 0.23347245004688225 0.17331399136212652 0.16969539734428024
12 0.7621342643410859 0.25816389871902234 0.17507675046142523 0.17282948770335987
14 0.6792111428110011 0.28131102810932174 0.17507675046142523 0.17282948770335987
9 0.5962379565060916 0.30367690749962106 0.16998873226282818 0.16655221662612102
33 0.5116522054263575 0.325270627249 0.1816271391103733 0.1775533491396784
3 0.42867901912144796 0.34763650663929935 0.18671515730897054 0.18383062021691715
34 0.3465371475913631 0.3707790908500589 0.17840200956072394 0.1759726684215191
14 0.2613203408361029 0.3947211057789777 0.169988732262828 0.16655221662612102
4 0.1760034045311934 0.41710062070789655 0.17165136181247737 0.16812380698520074