40 0.7875 0.6140625 0.11875 0.1390625
40 0.28125 0.640625 0.121875 0.1390625
40 0.7203125 0.36953125 0.1140625 0.1328125
6 0.69453125 0.64296875 0.10625 0.1328125
1 0.60078125 0.671875 0.10625 0.1296875
1 0.509375 0.7078125 0.1125 0.134375
1 0.4140625 0.734375 0.109375 0.13125
1 0.625 0.396875 0.1046875 0.1265625
6 0.56328125 0.5484375 0.1109375 0.134375
6 0.4703125 0.58359375 0.109375 0.1328125
6 0.3765625 0.6125 0.10625 0.1296875
11 0.65859375 0.5203125 0.1125 0.134375
11 0.53203125 0.4265625 0.1078125 0.1296875
11 0.44140625 0.4609375 0.109375 0.13125
11 0.34765625 0.490625 0.115625 0.1375
16 0.5984375 0.27421875 0.1078125 0.13125
16 0.50546875 0.3015625 0.10625 0.1328125
16 0.4140625 0.3375 0.1046875 0.128125
16 0.321875 0.36484375 0.1046875 0.13125
17 0.31875 0.76640625 0.109375 0.1296875
17 0.7546875 0.49140625 0.109375 0.1328125
17 0.25390625 0.51640625 0.1078125 0.128125
17 0.69140625 0.24609375 0.115625 0.1359375
40 0.221875 0.39140625 0.1203125 0.1375