16 0.79921875 0.7738555692329775 0.08125 0.16661905347041017
28 0.72734375 0.7828920796245377 0.08125 0.16974405347041016
22 0.65546875 0.7895848400160979 0.084375 0.16996257475773363
8 0.58359375 0.7954963504076581 0.078125 0.17265053218308674
36 0.509375 0.8004627198337257 0.08125 0.17286905347040998
13 0.43828125 0.8056476105471166 0.0828125 0.17297831411407216
8 0.3640625 0.8074889799731843 0.0828125 0.17141581411407217
16 0.2921875 0.8118379903647444 0.08125 0.16974405347041036
29 0.21875 0.818421490112643 0.084375 0.17152507475773363
31 0.7765625 0.5988337898998823 0.08125 0.17130655347041035
23 0.70546875 0.6024561806132734 0.0828125 0.1745408141140718
37 0.63359375 0.6107114410048335 0.08125 0.17286905347041034
26 0.559375 0.6141153104309012 0.08125 0.17286905347041018
37 0.4859375 0.6214800601787995 0.0828125 0.172978314114072
18 0.41484375 0.6290087008921906 0.08125 0.17443155347041017
14 0.3421875 0.6325218309619199 0.0828125 0.16829081411407182
13 0.26875 0.6367615807098185 0.08125 0.17443155347041034
32 0.196875 0.6411105911013786 0.0828125 0.172978314114072
26 0.7546875 0.41996039088861803 0.08125 0.17599405347041017
16 0.68125 0.4265438906365165 0.08125 0.16661905347041017
4 0.61015625 0.43172878134990755 0.08125 0.17286905347041018
19 0.53671875 0.437531031097806 0.0796875 0.17119729282674853
41 0.46484375 0.44266129148936617 0.08125 0.17286905347041018
39 0.39296875 0.44935405188092636 0.08125 0.16818155347041017
11 0.3203125 0.4520859319506557 0.0828125 0.172978314114072
29 0.24609375 0.4547085513767232 0.0859375 0.17944683540139544
21 0.17265625 0.45972955112462166 0.0828125 0.17141581411407197
7 0.734375 0.23963375252101543 0.08125 0.17130655347041018
12 0.659375 0.24610799162525215 0.08125 0.17286905347041018
40 0.58671875 0.24962112169498152 0.0859375 0.18100933540139544
26 0.5140625 0.25782175176471084 0.0828125 0.17141581411407197
21 0.440625 0.2604990015126093 0.08125 0.17130655347041027
23 0.3671875 0.2670825012605077 0.084375 0.17621257475773372
18 0.29453125 0.2729393813302371 0.0765625 0.170978771539425
36 0.22109375 0.27327288107813547 0.0828125 0.16829081411407198
36 0.146875 0.2813642505042031 0.08125 0.16974405347041016