40 0.1262029568857252 0.5943635992378742 0.21846729092165812 0.21685219847574827
36 0.18543411314632746 0.63532494252382 0.2453026094333124 0.22481923458010195
37 0.26093511015110255 0.672475484580102 0.2453026094333124 0.22481923458010195
23 0.334955452709374 0.7119606862773041 0.25495042794496675 0.23268627673457942
26 0.49059038301659336 0.7847265414671065 0.25171630054030486 0.22954309601642037
6 0.5614584437236994 0.8234123124461498 0.24206848202865067 0.22167605386194253
16 0.6360144996214818 0.8558708093228915 0.2500992368379741 0.22797150565734087
38 0.706637023668099 0.8855865507877827 0.2580754279449666 0.22882689842443468
22 0.18933289554564708 0.43382607503737736 0.25171630054030497 0.22954309601642037
31 0.264107206252753 0.47253457191411935 0.2533333642426358 0.2311146863754999
16 0.339471794001701 0.5057788639704013 0.2453026094333124 0.22481923458010195
8 0.6439013775742977 0.6567384177341481 0.25495042794496675 0.2326862767345796
27 0.7161682471744111 0.6907457790722706 0.24530260943331256 0.22481923458010195
3 0.79080614862569 0.7255480259490127 0.25656749164729753 0.23425786709365912
34 0.2803596557124481 0.24455047247985345 0.24848217313564325 0.22639991529826115
13 0.35195440271722317 0.28167828863843625 0.2549504279449667 0.2326862767345796
33 0.42661958601966743 0.3172617855151783 0.2533333642426358 0.2311146863755001
4 0.7356275421876024 0.4651236103561639 0.24848217313564333 0.22639991529826115
2 0.8088120710435429 0.5030417668738264 0.2500992368379741 0.22797150565734067
29 0.8807899588890828 0.5362769685710286 0.2384200822218343 0.22167605386194272
18 0.36178572658635505 0.09349248740877227 0.23919645317271013 0.18416696350286305
6 0.43286211841898703 0.11577655356735508 0.2563492368379741 0.22800786709365922
12 0.5059920835725967 0.15213221008501748 0.25656749164729753 0.2342578670936592
11 0.5814385168750411 0.18772025214129934 0.24848217313564333 0.22639991529826115
27 0.7434598564380875 0.26442871876742036 0.24206848202865067 0.22167605386194272
1 0.8165625397405318 0.3000031252850827 0.24530260943331222 0.22481923458010195
28 0.8831981797166563 0.337903101084586 0.23360364056668742 0.220104463502863
41 0.9205084513586115 0.38267070042065604 0.15898309728277696 0.1962942587805987