24 0.06666730219453114 0.3296188463916573 0.13333460438906228 0.1848732526208936
9 0.08315472606430543 0.3913178099944627 0.16630945212861087 0.1923643800110746
12 0.10633732632085054 0.45602185765042424 0.21267465264170107 0.2169428778516064
28 0.1375986514074301 0.5232000632336652 0.2171550516711113 0.2136176187523077
1 0.1766780287822564 0.5870029449427829 0.2107232137152085 0.2054046005537103
36 0.2149579723614925 0.6516371414267251 0.2107232137152085 0.2054046005537103
21 0.25321973214513827 0.7170525879106675 0.2107232137152085 0.2054046005537103
38 0.2884110433155549 0.7803245434939085 0.21395731648875013 0.210292359653009
39 0.32987053828156176 0.8424147308785521 0.19796864057694466 0.19366606415651583
7 0.18598747891409703 0.22054663016795817 0.21395731648875013 0.210292359653009
28 0.22188730490215253 0.28689352097637444 0.20596297853284734 0.2019792119047624
21 0.25933144709461775 0.35392153223514144 0.21395731648875013 0.210292359653009
23 0.2968483244694441 0.4178245434939084 0.2139936840799308 0.211854859653009
40 0.336618032866319 0.4854836104282014 0.2107232137152085 0.20540460055371046
33 0.37177297644555507 0.5503180660114424 0.2139936840799308 0.211854859653009
17 0.41005292002479116 0.6149522624953846 0.212322081306389 0.20706723010335965
14 0.4467885473996175 0.6789053385289763 0.20752547853284736 0.20207934145441175
17 0.4850866747744439 0.7427582850129186 0.2027652433504862 0.19865395280546388
16 0.3452007843849304 0.11673361042820138 0.20752547853284736 0.20207934145441175
18 0.37793924278180535 0.18484326033591633 0.2171550516711113 0.2136176187523077
8 0.4177635025654512 0.2501585772702093 0.2139936840799308 0.211854859653009
29 0.4544445785535067 0.31645540330380095 0.2171550516711113 0.2136176187523077
8 0.493523955928333 0.3802582850129186 0.22031641926229178 0.2153803778516064
39 0.5317857157119787 0.4456737314968609 0.2107232137152085 0.20540460055371046
19 0.5661594092912148 0.5105582518549265 0.2171550516711113 0.2136176187523077
39 0.6029132204616314 0.5737300778885182 0.20912434612402783 0.2037419710040611
24 0.6443181640408675 0.6381640152731618 0.20596297853284734 0.2019792119047624
1 0.49916289219246524 0.056614538095237574 0.1985492156150695 0.11322907619047515
6 0.5403320996394096 0.09181620566168272 0.21395731648875013 0.18363241132336544
4 0.5762137418318749 0.1456143723052772 0.21395731648875013 0.21029235965300902
37 0.6136760678199303 0.21186113356404418 0.2139936840799308 0.21185485965300907
31 0.6503571438079858 0.2781579595976358 0.21232208130638916 0.20706723010335973
23 0.6878558373872219 0.34284222085640276 0.22031641926229178 0.2153803778516064
22 0.7261357809664579 0.4074764173403452 0.2122857137152085 0.20550473010335962
2 0.7675043569545135 0.4734728547249888 0.2171550516711113 0.2136176187523077
26 0.8011331681249301 0.5368449398578791 0.20912434612402783 0.2037419710040611