19 0.24375 0.21875 0.0578125 0.153125
17 0.31171875 0.21796875 0.0578125 0.1484375
31 0.38359375 0.2203125 0.0609375 0.1515625
31 0.45234375 0.22109375 0.0578125 0.15625
12 0.52265625 0.22109375 0.059375 0.15
6 0.59296875 0.22421875 0.059375 0.15
41 0.6625 0.2265625 0.0609375 0.1484375
41 0.7296875 0.2265625 0.05625 0.1484375
38 0.79765625 0.228125 0.059375 0.1515625
21 0.240625 0.3890625 0.05625 0.1484375
28 0.31171875 0.38828125 0.0609375 0.1578125
11 0.3828125 0.38828125 0.059375 0.153125
9 0.45234375 0.3890625 0.0578125 0.1546875
17 0.521875 0.39140625 0.0578125 0.15
16 0.5921875 0.3890625 0.0609375 0.1421875
32 0.6609375 0.3921875 0.059375 0.1515625
38 0.73046875 0.39453125 0.0625 0.153125
6 0.7984375 0.396875 0.059375 0.1484375
23 0.2375 0.559375 0.0609375 0.153125
38 0.3109375 0.559375 0.0625 0.159375
33 0.38125 0.55859375 0.0625 0.1546875
39 0.453125 0.5578125 0.059375 0.153125
28 0.52265625 0.56015625 0.0609375 0.1515625
40 0.59375 0.56015625 0.0625 0.1546875
24 0.6625 0.5625 0.0625 0.15625
7 0.7328125 0.56328125 0.0578125 0.1484375
34 0.80078125 0.56328125 0.0546875 0.1515625
27 0.2390625 0.734375 0.0609375 0.1578125
19 0.3078125 0.73359375 0.0609375 0.15625
17 0.38046875 0.73203125 0.059375 0.159375
39 0.4515625 0.7328125 0.0625 0.1609375
9 0.52265625 0.73203125 0.0578125 0.153125
37 0.59140625 0.73125 0.059375 0.1546875
7 0.6625 0.73203125 0.0578125 0.153125
24 0.7328125 0.73515625 0.0578125 0.153125
38 0.80234375 0.73359375 0.0609375 0.15