18 0.7160693479869551 0.11278647435187561 0.1955681333545444 0.16075958130638907
3 0.7347915286441828 0.18277231924163256 0.2051067653564534 0.1750402868534724
11 0.7589460966343197 0.2560104507005215 0.20040108402290818 0.17336868407993072
1 0.7752790739576837 0.32984799420350763 0.20040108402290802 0.1733686840799306
24 0.8172382126034574 0.4847725367565632 0.1940783586887264 0.1669732137152085
21 0.8366870992600488 0.5594640654419104 0.1925158586887264 0.16693684612402784
38 0.8608507579169583 0.6319209469007994 0.19882040268936266 0.17176981648875014
6 0.8787825979074133 0.702669857994966 0.19249767735518084 0.16537434612402785
9 0.5461290179821827 0.14399684070878518 0.18933631468808992 0.16217661094166685
8 0.5694841546387741 0.21877928837208377 0.1972397213558171 0.17017094889756965
32 0.5873978132956836 0.2910906994662505 0.1972397213558171 0.17017094889756965
1 0.6690450659214127 0.5946352331855909 0.19406017735518083 0.1654107137152085
18 0.6908649745783222 0.6670375632577089 0.19725790268936266 0.17173344889756964
4 0.7087422705681409 0.7424739743518757 0.1972397213558171 0.17017094889756948
28 0.3502892593093647 0.18476339181121557 0.19882040268936266 0.17176981648875014
18 0.37211825863304704 0.25638447188333363 0.1940783586887262 0.1669732137152085
22 0.39312964528963834 0.33111236815986145 0.1909169960216354 0.16377547853284735
28 0.474013829248913 0.6330762180836116 0.20040108402290802 0.1733686840799308
40 0.49502521590550436 0.7078041143601392 0.1925158586887262 0.16693684612402784
36 0.5129388745624139 0.780115525454306 0.19564085868872622 0.16700958130638915
40 0.17875915730427408 0.21828114057694462 0.20040108402290802 0.17336868407993072
39 0.21845636195100226 0.3661198817432293 0.201963584022908 0.17340505167111128
2 0.24102115794082088 0.44166539561093765 0.20508858402290803 0.17347778685347243
9 0.19898929396086543 0.2929908530578821 0.1924794960216354 0.16381184612402794
41 0.28687745591982183 0.5974621071419447 0.19409654002227175 0.1685357137152085
6 0.30479111457673136 0.6697735182361113 0.201963584022908 0.17340505167111128
29 0.3234587512333228 0.7444468631258683 0.19564085868872622 0.16700958130638915
29 0.34217184122377775 0.8152139580156254 0.18773745202099903 0.1590152433504862