6 0.8742935628630628 0.30677345465116507 0.18507712903138546 0.1941271391103733
12 0.7817058025239806 0.30945956122185514 0.18663962903138548 0.19422726866002266
4 0.6881912429706867 0.31522060301772054 0.18336907981717374 0.19090200956072395
34 0.5972751445422633 0.31566308913805985 0.17682798138875028 0.1842514913621267
23 0.4066308738640988 0.3206848488556674 0.1899829528527029 0.19911502775932127
3 0.3132254762214637 0.32410214065153276 0.19645127667402046 0.2042030459579185
7 0.22309062779304023 0.3245946915466968 0.1768279813887502 0.1842514913621267
36 0.134409117453958 0.32753112199151013 0.1785360306029619 0.18747662091177605
7 0.8771745062052532 0.42998041717423635 0.17690075599585597 0.1858139913621267
33 0.7839510450803825 0.4294914589701017 0.1899101782455972 0.19755252775932136
6 0.6905456474377474 0.43290875076596713 0.18336907981717374 0.19090200956072395
13 0.5972130244022181 0.4347635425618325 0.18663962903138528 0.19422726866002266
9 0.4049698664205007 0.4404664227297907 0.17519270678164425 0.18258886181247735
11 0.31643390529563026 0.44027785317460405 0.18671240363849115 0.19578976866002265
24 0.22224725765299508 0.44364508019564475 0.17355743217453848 0.180926232262828
37 0.13527379652812457 0.4435566401901075 0.1867124036384912 0.19578976866002265
22 0.8780391852794196 0.5460059353728337 0.18671240363849115 0.19578976866002265
2 0.7845974003332316 0.550204477168699 0.1948160020669146 0.20254041640826922
22 0.6928636646012551 0.5513781485142137 0.18663962903138528 0.19422726866002266
14 0.59867701695862 0.5547453755352544 0.1817338052100677 0.1892393800110746
40 0.4065794081911143 0.5573232557032126 0.18991017824559703 0.19755252775932136
38 0.31722580976269094 0.5578658713732013 0.18663962903138528 0.19422726866002266
29 0.22456527481650285 0.5621144779438915 0.17846325599585605 0.1859141209117759
40 0.13602931369163235 0.5619259083887047 0.1833690798171736 0.19090200956072395
28 0.8809929032287156 0.667650397895905 0.1899829528527029 0.19911502775932136
18 0.7860250055860805 0.670967560142121 0.18180657981717374 0.1908018800110746
1 0.6936555690683159 0.6689661667128111 0.17846325599585597 0.18591412091177606
19 0.6011405833363395 0.6700897732835011 0.1817338052100677 0.1892393800110746
27 0.41135033726528086 0.6735990977759332 0.17853603060296183 0.18747662091177605
29 0.3163824396226458 0.6769162600221493 0.17853603060296183 0.1874766209117759
22 0.22862772849777527 0.6767777552417873 0.17355743217453848 0.180926232262828
36 0.13842010546224598 0.6788328061369514 0.18173380521006774 0.1892393800110746