14 0.5515621526095431 0.8520280490883646 0.11130998924663302 0.14279655405833439
41 0.4882273986806016 0.836775753810629 0.11479886228216216 0.15062723477649342
39 0.4315792923942953 0.8121120970965748 0.10974748924663302 0.14278746369925485
40 0.37504034801864783 0.7851046903825207 0.11472608767505647 0.1490647347764938
1 0.9472686823839354 0.3717304532683361 0.07722608767505648 0.14884656615858277
11 0.9036835022763116 0.35167702850210514 0.11494441149637388 0.1537522347764936
21 0.844837195204217 0.3239020073266704 0.11160108767505647 0.1490465540583344
21 0.7816479904894873 0.3055247120489348 0.11494441149637388 0.1537522347764936
26 0.7249998842031811 0.2808610553348806 0.10840331306795062 0.14746587334017516
17 0.6727674501666158 0.24523717272312745 0.11323636228216216 0.150618144417414
22 0.6136664319696508 0.2229309015476927 0.11323636228216216 0.150618144417414
28 0.5605071987188737 0.19043656411547935 0.11323636228216234 0.150618144417414
33 0.5056399162538849 0.16107631704234557 0.11316358767505648 0.14905564441741398
4 0.44891903536047284 0.13797516032829144 0.10818498924663303 0.14277837334017515
27 0.34661382671680163 0.10420466920708601 0.10825776385373889 0.14434087334017515