3 0.91328125 0.57890625 0.0890625 0.1171875
41 0.83203125 0.5953125 0.0859375 0.1125
38 0.75 0.61328125 0.0875 0.1140625
26 0.66875 0.62890625 0.084375 0.1125
26 0.58671875 0.64375 0.0875 0.1125
19 0.50859375 0.659375 0.08125 0.10625
12 0.428125 0.6765625 0.0859375 0.1109375
23 0.34609375 0.69140625 0.0890625 0.1125
16 0.26796875 0.7078125 0.08125 0.109375
12 0.8921875 0.46875 0.084375 0.1109375
11 0.809375 0.4859375 0.084375 0.1109375
3 0.72734375 0.50078125 0.09375 0.1171875
18 0.646875 0.51640625 0.0875 0.1171875
19 0.56796875 0.53359375 0.0828125 0.1109375
13 0.48515625 0.5484375 0.0890625 0.115625
32 0.40625 0.565625 0.090625 0.1171875
13 0.32421875 0.5796875 0.0875 0.1140625
39 0.2453125 0.59765625 0.084375 0.109375
1 0.871875 0.35859375 0.084375 0.1109375
34 0.78828125 0.37421875 0.084375 0.109375
14 0.70703125 0.390625 0.084375 0.1078125
41 0.625 0.40703125 0.084375 0.1140625
24 0.54375 0.4234375 0.0828125 0.1078125
41 0.4640625 0.43984375 0.0828125 0.1109375
23 0.3859375 0.45625 0.084375 0.1109375
29 0.303125 0.4703125 0.08125 0.109375
22 0.2234375 0.4875 0.0859375 0.1140625
2 0.84609375 0.24453125 0.090625 0.1140625
6 0.765625 0.26484375 0.0859375 0.1109375
38 0.6828125 0.2796875 0.09375 0.1109375
8 0.6015625 0.29765625 0.0875 0.1140625
27 0.521875 0.3140625 0.0828125 0.1125
14 0.440625 0.32890625 0.0890625 0.1078125
37 0.36015625 0.34453125 0.0890625 0.1125
1 0.28203125 0.3609375 0.08125 0.10625
31 0.20234375 0.3765625 0.0828125 0.1109375