1 0.09261053612046691 0.5655971806572276 0.14511086463846717 0.15005563868554467
1 0.16198261862998092 0.5608818613144554 0.1529233646384672 0.15014654535327185
1 0.2385451186299809 0.5599909759707286 0.15292336463846717 0.15014654535327168
6 0.3146619496566202 0.5481625906270018 0.15773819863085592 0.15332608935390812
6 0.39096978167184265 0.5410217052832751 0.15454953163466154 0.1517272266868172
6 0.4665918641813566 0.5362336606063209 0.15129719764227278 0.1485658640197265
11 0.544462196196579 0.5290745939290488 0.15780186562705048 0.15488858935390812
11 0.6203389466908706 0.5305365492520947 0.15129719764227278 0.1485658640197265
11 0.6973643617098987 0.5218240732415952 0.15611203163466153 0.15174540802036277
16 0.7787098622041903 0.523222393897232 0.15780186562705048 0.15488858935390812
16 0.8552723622041902 0.5223315085535052 0.15780186562705048 0.15488858935390812
16 0.9297988824329643 0.5276633512094603 0.1404022351340714 0.14698518268618094