29 0.49828493387973277 0.8800194759309576 0.17543744668999892 0.17389312802354445
4 0.5399280885582778 0.7920467612587763 0.1738567653564534 0.17231244668999893
33 0.5838968119032772 0.7056092745862765 0.1786169906906352 0.1786169906906352
27 0.6271115572485948 0.6168371285805494 0.17543744668999892 0.17389312802354445
34 0.6680280059277761 0.5241860045751405 0.17225790268936264 0.16916926535645338
19 0.7120149106063209 0.4361860179026409 0.1675522213558171 0.1675522213558171
1 0.7544756779519568 0.34507921256368657 0.1675522213558171 0.1675522213558172
4 0.797735876631138 0.25240081655795954 0.170713584022908 0.170713584022908
33 0.8394063033100011 0.162084351885778 0.1707135840229082 0.17071358402290807
26 0.7173500373170008 0.11194908656909539 0.17069540268936265 0.16915108402290802
32 0.6757250639720013 0.19835930124127693 0.17543744668999892 0.17389312802354437
14 0.63324611529282 0.2910286065802313 0.1738567653564534 0.17231244668999893
23 0.5907853479471843 0.38213541191918554 0.17543744668999892 0.17389312802354437
16 0.5499325339354121 0.4693177859245944 0.1627919960216353 0.16124767735518084
6 0.5090342665897762 0.5604064099300032 0.16277381468808994 0.15968517735518084
23 0.4658013399109132 0.6507410559357302 0.1786169906906352 0.1786169906906352
36 0.4225865945655956 0.7395132019414572 0.16597154002227157 0.16597154002227174
27 0.3801530992202779 0.8282762572804115 0.16277381468808994 0.15968517735518084
17 0.2612581958943685 0.7749796292966381 0.1611931333545445 0.15810449602163548
1 0.3037007819064589 0.6854353239576838 0.1564692706874536 0.15492495202099904
21 0.34769677725177645 0.5966540872851841 0.1675522213558171 0.1675522213558171
31 0.3917018632638668 0.5070916006126843 0.16593517735518085 0.16284654002227156
18 0.4341444492759572 0.41754729527372997 0.16593517735518085 0.16284654002227175
7 0.4726626039545021 0.3296109432686394 0.15328972668681723 0.15020108935390813
24 0.5143603026336834 0.23695072859645777 0.15804995202099903 0.15650563335454448
23 0.5560216386457737 0.1474155139242762 0.17069540268936265 0.16915108402290807
17 0.5968199086569095 0.06886598929822889 0.16261018268618094 0.13773197859645778
8 0.14705079256845904 0.7216284573122282 0.1675340400222717 0.1659897213558171
41 0.18634110658023126 0.6344642646403649 0.1611931333545445 0.1581044960216353
36 0.22958312392586705 0.5433483686346378 0.16279199602163538 0.16124767735518084
27 0.2735518472708665 0.45691088196213814 0.16435449602163538 0.1612658586887262
28 0.3136597739497296 0.366612598623502 0.17069540268936256 0.16915108402290802
23 0.35531201929504724 0.2778586339513204 0.1675522213558171 0.1675522213558171
29 0.393085286640683 0.18680637261300245 0.16437267735518085 0.16282835868872625
3 0.4370903726527734 0.09724388594050273 0.17545562802354447 0.17545562802354436
16 0.48067728799331844 0.046882448639410344 0.16052042401336308 0.09376489727882069