40 0.7605847183433748 0.13171896551816037 0.16267509821299111 0.19277199430041678
36 0.6835818875802541 0.1494500197547228 0.16119441882984215 0.19742312670923626
37 0.605852353895034 0.17028789019569496 0.16119441882984215 0.19742312670923626
23 0.5281091834403387 0.1903445106366671 0.16601828652459397 0.20534472948277793
26 0.36807171022569996 0.23816114874506975 0.1628387394466932 0.20214699430041677
6 0.2918501294625792 0.25591038677722244 0.1564523717519415 0.19418902393569457
16 0.21730014285525984 0.27994599240055573 0.16281146590774281 0.20058449430041678
38 0.14195526947846526 0.3031821642282987 0.16766260714144487 0.21006859707395842
22 0.8136529914752881 0.3086639784359382 0.16283873944669303 0.20214699430041688
31 0.7358961842511176 0.32793934887691034 0.16440123944669338 0.20218336189159736
16 0.6597973344132735 0.35271983690906306 0.16119441882984215 0.1974231267092362
8 0.3419024967502938 0.4390326645126391 0.16601828652459377 0.20534472948277802
27 0.2681337601429744 0.4630864539315628 0.15809669236879254 0.19891289152687505
3 0.19199399999670472 0.4855231919637154 0.16604556006354415 0.206907229482778
34 0.8735030986167329 0.5162232117184382 0.1612762394466934 0.20211062670923638
13 0.7981036781620376 0.5363343835461812 0.16601828652459397 0.20534472948277785
33 0.720401418015768 0.5587347539871533 0.16440123944669302 0.20218336189159736
4 0.40341056127806485 0.6520970153863198 0.1612762394466932 0.2021106267092362
2 0.3264350040538945 0.6713905696228822 0.16281146590774292 0.2005844943004167
29 0.25109013067709995 0.6946267414506252 0.1564523717519415 0.19418902393569457
18 0.9250015716295008 0.7017983422273966 0.1499968567409983 0.2004390239356944
6 0.8505407057581778 0.7218549626683688 0.16604556006354443 0.206907229482778
12 0.7735515117645322 0.7403672669049313 0.16604556006354407 0.206907229482778
11 0.6950543648487872 0.761968203550313 0.16127623944669303 0.20211062670923638
27 0.5295890519425741 0.8120013050895839 0.1564523717519414 0.1941890239356944
1 0.45344929179630433 0.8344380431217365 0.15965919236879245 0.19894925911805572
28 0.3772686213416091 0.8545310311538892 0.15965919236879245 0.19894925911805572
41 0.30269136119533935 0.8770041367772224 0.15804214529089186 0.19578789152687506