6 0.33828125 0.15 0.1 0.065625
4 0.453125 0.14609375 0.1 0.06875
33 0.5671875 0.140625 0.1046875 0.0671875
38 0.6828125 0.13984375 0.1015625 0.0703125
31 0.3375 0.2328125 0.1 0.065625
36 0.453125 0.23046875 0.1 0.0734375
8 0.5671875 0.22890625 0.1046875 0.065625
26 0.68359375 0.225 0.1046875 0.065625
24 0.3421875 0.315625 0.1 0.0625
9 0.45390625 0.31484375 0.0984375 0.065625
16 0.56953125 0.3125 0.1015625 0.065625
7 0.68203125 0.309375 0.0984375 0.06875
21 0.3421875 0.40078125 0.1015625 0.0671875
6 0.4546875 0.3984375 0.096875 0.065625
37 0.5671875 0.39765625 0.1 0.0640625
17 0.6828125 0.39453125 0.1015625 0.0671875
9 0.3453125 0.575 0.1 0.065625
18 0.45625 0.57265625 0.103125 0.0734375
6 0.56875 0.5734375 0.0984375 0.0671875
31 0.68515625 0.57109375 0.1046875 0.0671875
6 0.34609375 0.65859375 0.0953125 0.0671875
33 0.459375 0.65703125 0.0984375 0.0703125
21 0.56953125 0.6546875 0.1015625 0.065625
13 0.6875 0.6578125 0.1046875 0.0671875
24 0.3484375 0.740625 0.0921875 0.0671875
3 0.46015625 0.73984375 0.10625 0.071875
36 0.57109375 0.73828125 0.0984375 0.0703125
21 0.6859375 0.740625 0.096875 0.0671875
22 0.34609375 0.821875 0.0921875 0.06875
2 0.4609375 0.82265625 0.0953125 0.0734375
19 0.575 0.82265625 0.0984375 0.0625
39 0.68984375 0.8265625 0.0984375 0.065625