40 0.290625 0.20546875 0.10625 0.1328125
40 0.734375 0.44140625 0.109375 0.1328125
40 0.23984375 0.46328125 0.103125 0.1265625
6 0.38359375 0.2265625 0.0953125 0.128125
1 0.47578125 0.2484375 0.096875 0.125
1 0.5703125 0.2625 0.1015625 0.128125
1 0.6625 0.2875 0.0984375 0.1265625
1 0.3328125 0.48515625 0.09375 0.121875
6 0.45234375 0.38046875 0.1 0.128125
6 0.54765625 0.3953125 0.0984375 0.128125
6 0.640625 0.41875 0.0953125 0.125
11 0.359375 0.35703125 0.1015625 0.128125
11 0.425 0.50703125 0.096875 0.1234375
11 0.51796875 0.521875 0.0984375 0.1265625
11 0.61015625 0.54296875 0.1046875 0.13125
16 0.30078125 0.61171875 0.0984375 0.125
16 0.3921875 0.634375 0.0953125 0.128125
16 0.48515625 0.6484375 0.09375 0.1234375
16 0.57578125 0.67109375 0.09375 0.125
17 0.7578125 0.30703125 0.0984375 0.1234375
17 0.26484375 0.334375 0.0984375 0.128125
17 0.70234375 0.5671875 0.096875 0.121875
17 0.209375 0.5890625 0.1046875 0.1296875
40 0.6734375 0.6984375 0.109375 0.1328125