24 0.2658132577513334 0.15826009553943104 0.17613683674699834 0.10495558762187222
24 0.4430737077654509 0.14859925369441668 0.17613683674699843 0.10495558762187222
24 0.6186806525178964 0.13733044774277964 0.1728298262236546 0.10173965940862688
24 0.7912080999011779 0.12675196357789725 0.1744833314853267 0.10334762351524955
24 0.2852722441736308 0.5994844891129404 0.17448333148532652 0.10334762351524951
24 0.46014344155691234 0.5889742011079919 0.17108531570031094 0.09856919530200407
24 0.6324888784168501 0.5752707169431096 0.1697048262236546 0.10164873119538154
24 0.8041440705384598 0.5631070007249158 0.1681423262236546 0.10160326708875882
4 0.2658650076101591 0.3064475429530063 0.1729208314853265 0.10330215940862689
4 0.4477219523626047 0.29536059342786 0.1747563472703419 0.1080351235152495
4 0.6233743997458862 0.284873037476223 0.17788134727034208 0.10812605172849495
4 0.7951660997600036 0.2750530712580292 0.17457433674699824 0.1049101235152495
9 0.2733127575395719 0.38075722116625166 0.17926183674699833 0.10504651583511766
9 0.4490562101845253 0.37183216521461465 0.17926183674699842 0.10504651583511766
9 0.623009649675299 0.35895539515635494 0.17466534200867018 0.10647262351524951
9 0.7954915944277445 0.3475956609914725 0.17613683674699843 0.10495558762187222
14 0.2760730074689848 0.454930507059629 0.17926183674699833 0.10504651583511766
14 0.45402370222143035 0.443729897267926 0.17144933674699825 0.10481919530200408
14 0.62646014434304 0.4315889131030436 0.17631884727034208 0.10808058762187223
14 0.8005045890954856 0.42027464304478385 0.17301183674699844 0.1048646594086268
19 0.2779610021367257 0.527518560899695 0.17301183674699833 0.1048646594086268
19 0.4581644416274995 0.514823647267926 0.1728298262236546 0.1017396594086268
19 0.6290838863799451 0.503418448996421 0.17448333148532652 0.10334762351524951
19 0.8038185758707188 0.4905644109914725 0.17108531570031077 0.09856919530200407
29 0.2872057414722077 0.6728537929530063 0.17457433674699835 0.1049101235152495
29 0.46037793096298146 0.6599542908414353 0.17926183674699825 0.10504651583511766
29 0.6366751204537552 0.6471457169431096 0.1712673262236546 0.10169419530200408
29 0.8084213178370367 0.6365445007249159 0.1728298262236546 0.1017396594086268
34 0.2929089808782768 0.743993007059629 0.17421031570031092 0.09866012351524951
34 0.4653909256307224 0.7326332728947466 0.16621580517696727 0.0953078029821361
34 0.6409068651214962 0.7198019669431096 0.17108531570031094 0.09856919530200407
34 0.808564801981434 0.7059620904583591 0.1710853157003111 0.09856919530200407