6 0.2875108989509304 0.8980584287078163 0.1277819009729347 0.16082950668363552
37 0.35075123864250485 0.9011385227164068 0.1293989480508353 0.16397268801718107
17 0.4107983944867035 0.9080885040579065 0.12616485389503396 0.15768632535009033
37 0.472476234178278 0.9111504167329514 0.1277819009729347 0.16082950668363552
9 0.5358120312561787 0.9087617607415421 0.1309614480508353 0.1639908693507266
4 0.23867575284596435 0.7412084447008167 0.13260576866768634 0.16869655068427197
26 0.30033995576806366 0.7450516073758617 0.13257849512873604 0.16713405068427178
34 0.36201779545963814 0.7481135200509067 0.12465690097293472 0.1607931440165448
33 0.42362745130383683 0.7550816827259518 0.13101599512873605 0.16711586935072642
8 0.4876899513038368 0.755827117401315 0.13104326866768634 0.1686783693507266
36 0.12208173133231362 0.16864200668363558 0.13414099512873606 0.16715223201781737
36 0.18362320332913643 0.17951641935868065 0.135785315745587 0.17185791335136283
36 0.24763115625123575 0.1833868540340439 0.13425008928453738 0.17340223201781732
39 0.30921353855648404 0.19191751670908896 0.13416826866768633 0.16871473201781734
39 0.37244024147858334 0.19577886071767947 0.13255122158978566 0.16557155068427193
3 0.43799705763120755 0.20044872672658814 0.14060918344033874 0.17972495735199914
3 0.5036220576312076 0.20121234273549682 0.1357853157455871 0.17185791335136286
3 0.5660402370143565 0.2066270960773146 0.1389648628234877 0.17501927601845368
18 0.6293487605533068 0.20580094008590516 0.1326603157455871 0.17182155068427188
18 0.6925481899364557 0.21122478409449563 0.1326603157455871 0.17182155068427196
28 0.7589544399364557 0.21199749077017707 0.1357853157455871 0.17185791335136277
24 0.22662794602883105 0.894224356699544 0.12145008035608366 0.15606928134945405
33 0.8222084163975054 0.21429633477876758 0.13260576866768653 0.16869655068427197
38 0.8784856899364559 0.21338836278640358 0.12169554220663699 0.17013178134945378