4 0.43517586806862135 0.87265625 0.12115587014004525 0.11875
26 0.49829014412346934 0.81875 0.12122864474715093 0.1203125
17 0.5598783074818702 0.765625 0.12279114474715094 0.1203125
38 0.6206124462331651 0.7109375 0.12769696856846852 0.125
24 0.6820914476809072 0.65546875 0.12115587014004525 0.11875
40 0.7451693364322022 0.60078125 0.12762419396136265 0.1234375
21 0.8066483378799443 0.5453125 0.12606169396136266 0.1234375
32 0.8688358147205804 0.48828125 0.13096751778268043 0.128125
11 0.9310960661683225 0.4328125 0.12606169396136266 0.1234375
3 0.3575902154635875 0.78359375 0.1293322431755744 0.1265625
29 0.41679824151843536 0.7296875 0.12271837014004525 0.11875
33 0.48076654218038917 0.67734375 0.12442641935425698 0.121875
37 0.5413915190210254 0.6203125 0.1293322431755744 0.1265625
23 0.6029796823794262 0.5671875 0.1293322431755744 0.1265625
9 0.6636410465236153 0.5109375 0.12115587014004525 0.11875
13 0.7242660233642516 0.45390625 0.1293322431755744 0.1265625
28 0.7889791867226524 0.40078125 0.12606169396136266 0.1234375
37 0.8512030508668416 0.34453125 0.12449919396136266 0.1234375
16 0.2792960874656595 0.69609375 0.1195205955329393 0.1171875
31 0.34081147621695446 0.64140625 0.1244264193542568 0.121875
12 0.4007643649682494 0.58671875 0.12606169396136266 0.1234375
24 0.46395141563020326 0.534375 0.12279114474715094 0.1203125
39 0.5239406916850511 0.48046875 0.11788532092583352 0.115625
39 0.5846384431327932 0.425 0.12115587014004525 0.11875
4 0.6460082826698764 0.3671875 0.12271837014004525 0.11875
2 0.7089770095105127 0.31015625 0.12606169396136266 0.1234375
19 0.7713100355653606 0.25625 0.11788532092583334 0.115625
36 0.20256445946773147 0.60859375 0.12279114474715103 0.1203125
16 0.26251734821902645 0.55390625 0.12271837014004516 0.11875
8 0.3233970361845332 0.50234375 0.12279114474715103 0.1203125
21 0.3856572876322752 0.446875 0.12115587014004525 0.11875
17 0.44728183829422896 0.39453125 0.11788532092583352 0.115625
7 0.5077976532242063 0.33515625 0.11952059553293921 0.1171875
4 0.5677505419755015 0.28046875 0.12115587014004525 0.11875
26 0.6291931561196906 0.22421875 0.12606169396136266 0.1234375
17 0.6907449321745384 0.1703125 0.11952059553293921 0.1171875