14 0.5342921571560968 0.9113293033658938 0.18529925546001175 0.15136907095872515
41 0.48186878776104053 0.8833878418404811 0.1946423045516262 0.17039188947037937
39 0.4360462336684563 0.8403298118034144 0.18631962152108805 0.16386907095872516
40 0.3908773838182375 0.795681999915182 0.1930798045516262 0.17033732576804841
1 0.9586885712215256 0.5477032467503211 0.08262285755694876 0.16524803248413758
11 0.9302766577358248 0.5064433296899457 0.13944668452835032 0.1733531983633867
21 0.9085691421289415 0.46093242224821707 0.18286171574211707 0.16715776206571747
21 0.8595169739563808 0.42283471072280443 0.19802239606689512 0.1736260168750409
26 0.8129769427426137 0.380585212536903 0.18944462152108804 0.1639781983633867
17 0.773356591225405 0.3271253958393472 0.1930798045516262 0.17033732576804841
22 0.7254453786480898 0.2872742113557766 0.19295225879399175 0.16877482576804842
28 0.6838001415249675 0.23780249021171712 0.19295225879399175 0.16877482576804842
33 0.6407837230382969 0.1907290827699885 0.19295225879399175 0.16877482576804842
4 0.5935262147033471 0.1492881164352525 0.18450203000581897 0.16068950725639414
27 0.5082904742462448 0.08410211525412613 0.1861920757634536 0.162306570958725