18 0.3672243114125806 0.08107534735829891 0.15104412697434605 0.1407730832062501
12 0.4383189840279604 0.13420165377906285 0.14827432448483524 0.145387848023889
41 0.5120534045687478 0.19128876158659763 0.1531986228251611 0.14862195079743062
14 0.5873503251095351 0.24841223698531295 0.14827432448483524 0.145387848023889
22 0.6604218948204854 0.30704366099725744 0.1483927236549981 0.146950348023889
38 0.7351743637015989 0.36727395260038254 0.15859651784613932 0.15810605357097227
4 0.8098676329976306 0.4267229942035076 0.14995522365499808 0.14698671561506949
12 0.8846793014638257 0.4877345358066327 0.1531986228251611 0.14862195079743082
26 0.9430083292587199 0.5471835774097578 0.11398334148256026 0.1453514804327085
13 0.288272362452199 0.1712626298433683 0.14839272365499828 0.146950348023889
24 0.3630840309183939 0.23227417144649332 0.14335002614450917 0.14215374525034735
8 0.4359780018740998 0.2885618454584379 0.14995522365499828 0.14698671561506957
39 0.5129558215850502 0.34728418844833375 0.1531986228251611 0.14862195079743074
17 0.5820619417109191 0.4050434434823268 0.1483927236549981 0.146950348023889
16 0.6567552110069509 0.4644924850854519 0.1450309253146722 0.14375261284152785
22 0.7307856294731458 0.5254858428929866 0.1531986228251611 0.14862195079743082
18 0.8062009491840962 0.5841718182917021 0.14659342531467204 0.14378898043270852
29 0.8796869159906173 0.6482719923036465 0.14659342531467204 0.14378898043270852
41 0.21387785892771408 0.27013458130638907 0.15319862282516122 0.14862195079743062
11 0.2859905798834199 0.3264040715227433 0.14155072780418312 0.13899237765916678
13 0.3592989479346963 0.38816049553468773 0.15679721950581343 0.15494468597979177
8 0.43393301764564673 0.4468282871378128 0.15679721950581324 0.15494468597979177
12 0.5052644886013525 0.5030795935585768 0.1465934253146722 0.14378898043270852
37 0.5785136570675474 0.5640547675705212 0.14166912697434614 0.14055487765916688
41 0.6525440755337424 0.6250481253780561 0.1551163203356502 0.1533458183886113
21 0.7287406452446927 0.6837522845723617 0.1566788203356504 0.15338218597979178
27 0.8030078620512138 0.7478706423798964 0.15331702199532415 0.1501844507974308
29 0.13696200664798458 0.366608231382639 0.1433500261445091 0.14215374525034735
27 0.21081482635893495 0.42525783919017374 0.14335002614450917 0.14215374525034735
34 0.28388639606988536 0.48388926320211834 0.14671182448483525 0.1453514804327085
14 0.3571355645360802 0.5448644372140627 0.15319862282516122 0.14862195079743062
12 0.42876303341719363 0.6050219936348267 0.1531986228251613 0.14862195079743082
37 0.5033379035430625 0.6629085352379518 0.1483927236549981 0.146950348023889
34 0.5729176203495834 0.7269177902719448 0.14659342531467204 0.14378898043270852
32 0.6521207908903708 0.7841321846486117 0.1601590178461393 0.15814242116215294
24 0.7263880076968918 0.8482505424561463 0.14839272365499828 0.14695034802388918