18 0.8496366081754955 0.23222392752350673 0.21452670950527092 0.2139341044771273
40 0.8389590933467478 0.30294586329915546 0.22578254448624263 0.22231981456303548
26 0.8211866615218059 0.3755987912728881 0.225782544486243 0.22231981456303557
27 0.8026329796968639 0.44829266282418556 0.2289712114824372 0.22404608887329508
23 0.7690498640698136 0.6028506880389563 0.2274087114824372 0.22396420171816517
4 0.7520586822448715 0.675462672435124 0.2289712114824372 0.22404608887329508
41 0.7343499174161239 0.7465531004088566 0.22253021049385407 0.21903104025277606
29 0.717549736579765 0.8144775848050244 0.21752437551288217 0.21097287878738696
8 0.6777907830803553 0.2022509017429092 0.23066104547482597 0.22725297602842476
6 0.6591734342592189 0.2765072732942067 0.22253021049385407 0.21903104025277598
17 0.6414965029285684 0.34681645126793936 0.22578254448624283 0.22231981456303548
7 0.5747759406478286 0.6449950016974807 0.22246654349765968 0.21746854025277607
28 0.5562540923209836 0.7169076232487782 0.23066104547482597 0.22725297602842467
41 0.5399486600017501 0.7918224140673811 0.2192778765014653 0.21574226594251655
28 0.47322795847950666 0.17165375622003642 0.23228721247102033 0.22889736318355453
3 0.4532072771488562 0.2420857649264637 0.2404180474519924 0.2371192989592033
16 0.4384961783277198 0.3161374185899368 0.2274087114824372 0.22396420171816533
12 0.3702449495450771 0.613616606174608 0.22903487847863158 0.2256085888732951
6 0.3524088507239407 0.6878320341483406 0.2289712114824372 0.22404608887329508
38 0.33470008589519307 0.7589224621220731 0.2289712114824372 0.22404608887329508
29 0.29122588338436645 0.14221299694778228 0.2322872124710204 0.22889736318355453
22 0.27582903505752165 0.2139618441888203 0.23872821345960354 0.23391241180407354
36 0.26027301924019086 0.2896169414298583 0.2322872124710204 0.22889736318355453
31 0.24093808741524886 0.3623517565587207 0.2354758794672148 0.23062363749381393
19 0.20894930528629568 0.5160466446183616 0.22415637749004844 0.22067542740790563
40 0.18889679045754804 0.587259903324789 0.2322872124710204 0.2288973631835546
2 0.17115619213070324 0.6591315812985215 0.22903487847863163 0.2256085888732951
41 0.15572751030576124 0.7316616785395595 0.22578254448624283 0.22231981456303557