3 0.59765625 0.0609375 0.11875 0.109375
8 0.63828125 0.13671875 0.11875 0.109375
13 0.6796875 0.2109375 0.115625 0.10625
18 0.72421875 0.28515625 0.1171875 0.1046875
23 0.76796875 0.35703125 0.1140625 0.1046875
28 0.81015625 0.43203125 0.1171875 0.109375
33 0.85 0.509375 0.1171875 0.109375
38 0.8953125 0.5859375 0.115625 0.1078125
41 0.93125 0.66328125 0.115625 0.1046875
2 0.44375 0.13359375 0.1171875 0.109375
7 0.48125 0.20859375 0.1171875 0.103125
12 0.521875 0.2859375 0.1171875 0.109375
17 0.56328125 0.3609375 0.1140625 0.1046875
22 0.6046875 0.4359375 0.115625 0.1046875
27 0.64609375 0.5125 0.115625 0.10625
32 0.6890625 0.58671875 0.1171875 0.109375
37 0.73125 0.6609375 0.115625 0.103125
40 0.77578125 0.7375 0.1171875 0.109375
1 0.26171875 0.221875 0.115625 0.10625
6 0.3046875 0.29765625 0.115625 0.10625
11 0.3453125 0.37421875 0.115625 0.10625
16 0.38828125 0.44765625 0.115625 0.10625
21 0.4296875 0.52265625 0.1171875 0.10625
26 0.47421875 0.59609375 0.115625 0.10625
31 0.51953125 0.66953125 0.115625 0.10625
36 0.56640625 0.74296875 0.11875 0.109375
31 0.61171875 0.82109375 0.11875 0.109375
4 0.1015625 0.31953125 0.1140625 0.1046875
9 0.1453125 0.39375 0.1125 0.103125
14 0.18671875 0.4671875 0.115625 0.1078125
19 0.23046875 0.54140625 0.115625 0.1046875
29 0.27109375 0.61796875 0.115625 0.10625
34 0.31328125 0.69140625 0.1140625 0.1
24 0.3578125 0.7703125 0.1140625 0.1046875