27 0.631592911011104 0.8425939695117008 0.14453565128862386 0.16722648043270852
11 0.5656470064431197 0.8081475407501039 0.1477425384437538 0.16886171561506985
26 0.5017173032546165 0.7673965606017358 0.1428912641334943 0.16562761284152785
14 0.43712918079880775 0.729007514248958 0.14618003844375363 0.168825348023889
31 0.37106044549812883 0.6922173354873609 0.14445376413349428 0.16566398043270852
39 0.30581390377501483 0.6561902229301733 0.1477425384437537 0.1688617156150695
21 0.240485474896771 0.618600610372986 0.14124687697836444 0.16402874525034736
16 0.17959888455313794 0.5762143950422568 0.14280937697836443 0.16406511284152786
17 0.1149698185197644 0.537044098689479 0.14453565128862395 0.16722648043270852
32 0.7229095505410831 0.6895033774717355 0.15612824852966192 0.17998105357097244
21 0.6575401780852743 0.6511325149145482 0.1526756999091429 0.17365831838861112
17 0.5929111120519007 0.6119622185617704 0.14609815128862386 0.167262848023889
17 0.5261020703287868 0.5759714735957635 0.14280937697836435 0.16406511284152786
6 0.4629536171402834 0.5352023096518052 0.15103131275401313 0.17205945079743082
14 0.39458207541716933 0.4992479322769789 0.14445376413349428 0.16566398043270852
27 0.3307342593837958 0.4600594521286109 0.14461753844375372 0.1687889804327085
39 0.2666817254625979 0.4169647219802428 0.14280937697836443 0.16406511284152786
23 0.19983174016191896 0.38019272701423595 0.15119508706427273 0.17518445079743072
16 0.8180096093383673 0.5339781164538188 0.1446175384437538 0.1687889804327085
12 0.7534214868825586 0.4955890701010411 0.14955069990914288 0.17358558320625014
2 0.6848861708491851 0.4565096927262148 0.15448386137453235 0.17838218597979177
23 0.6171730483933764 0.4181933815557981 0.1494688127540133 0.17202308320625015
13 0.5541064823600028 0.37898671761183983 0.14782442559888337 0.17042421561506965
36 0.4865161906368888 0.3430141564414232 0.15275758706427264 0.1752208183886112
2 0.4201199067156908 0.29997397767982603 0.1493050384437538 0.16889808320625016
41 0.35244772783744704 0.2624389165094094 0.1461800384437537 0.168825348023889
38 0.2893402182265087 0.22245100256545114 0.15612824852966192 0.17998105357097235
2 0.911424337402957 0.3761454730270826 0.15612824852966192 0.17998105357097235
26 0.8443286906368888 0.3346859780610757 0.1544019742194024 0.17681968597979178
3 0.7789593181810801 0.2963151155038882 0.16286957146044045 0.18950152393569458
26 0.7121093328804011 0.25954312053788137 0.1512769742194024 0.17674695079743072
34 0.6436968475797222 0.22280749316305504 0.15448386137453235 0.17838218597979177
4 0.575860894391219 0.18214743199263844 0.15292136137453216 0.17834581838861122
7 0.5103686912027158 0.14143281943545097 0.1494688127540133 0.17202308320625015
6 0.4449174315917773 0.10149945687826352 0.14626192559888337 0.170387848023889
24 0.3805749706013578 0.07298029226871515 0.14552494120271567 0.1459605845374303