24 0.28828125 0.86875 0.1640625 0.0859375
24 0.4671875 0.86796875 0.1640625 0.0859375
24 0.64453125 0.86953125 0.1609375 0.0828125
24 0.81875 0.86953125 0.1625 0.084375
24 0.24375 0.4296875 0.1625 0.084375
24 0.4203125 0.43046875 0.159375 0.0796875
24 0.59453125 0.43359375 0.1578125 0.0828125
24 0.76796875 0.4359375 0.15625 0.0828125
4 0.2671875 0.721875 0.1609375 0.084375
4 0.45078125 0.72265625 0.1609375 0.0890625
4 0.62734375 0.72265625 0.1640625 0.0890625
4 0.80078125 0.72265625 0.1625 0.0859375
9 0.26328125 0.64765625 0.1671875 0.0859375
9 0.440625 0.64609375 0.1671875 0.0859375
9 0.61640625 0.64921875 0.1625 0.0875
9 0.790625 0.65 0.1640625 0.0859375
14 0.25546875 0.57421875 0.1671875 0.0859375
14 0.43515625 0.575 0.159375 0.0859375
14 0.609375 0.5765625 0.1625 0.0890625
14 0.78515625 0.578125 0.1609375 0.0859375
19 0.246875 0.5015625 0.1609375 0.0859375
19 0.42890625 0.50390625 0.1609375 0.0828125
19 0.6015625 0.50546875 0.1625 0.084375
19 0.778125 0.5078125 0.159375 0.0796875
29 0.23515625 0.35703125 0.1625 0.0859375
29 0.41015625 0.359375 0.1671875 0.0859375
29 0.58828125 0.36171875 0.159375 0.0828125
29 0.76171875 0.3625 0.1609375 0.0828125
34 0.23046875 0.2859375 0.1625 0.0796875
34 0.4046875 0.2875 0.1546875 0.078125
34 0.58203125 0.28984375 0.159375 0.0796875
34 0.7515625 0.29375 0.159375 0.0796875