1 0.1375 0.240625 0.0890625 0.1796875
1 0.1671875 0.428125 0.090625 0.1734375
1 0.196875 0.6125 0.0875 0.165625
1 0.225 0.796875 0.0875 0.1703125
6 0.2140625 0.24140625 0.0890625 0.1703125
6 0.24375 0.42734375 0.0859375 0.1640625
6 0.271875 0.61171875 0.0890625 0.1703125
6 0.3 0.79453125 0.0828125 0.1640625
11 0.290625 0.2375 0.0890625 0.1703125
11 0.3203125 0.425 0.090625 0.1703125
11 0.3484375 0.61171875 0.090625 0.1671875
11 0.37578125 0.7953125 0.090625 0.1734375
16 0.3671875 0.2359375 0.0921875 0.1734375
16 0.3953125 0.421875 0.0921875 0.1734375
16 0.425 0.61015625 0.0890625 0.1703125
16 0.453125 0.79375 0.0890625 0.1703125
21 0.44375 0.2328125 0.0921875 0.1734375
21 0.47265625 0.4203125 0.090625 0.1734375
21 0.50078125 0.60703125 0.0875 0.1703125
21 0.52890625 0.78828125 0.0890625 0.1734375
26 0.51953125 0.23203125 0.0890625 0.1765625
26 0.54765625 0.415625 0.0890625 0.1765625
26 0.57421875 0.59921875 0.0921875 0.1734375
26 0.603125 0.784375 0.0875 0.1703125
31 0.59453125 0.228125 0.0890625 0.1765625
31 0.62265625 0.41484375 0.090625 0.1734375
31 0.6515625 0.6 0.090625 0.1734375
31 0.678125 0.7828125 0.0875 0.1734375
36 0.66953125 0.22578125 0.090625 0.1828125
36 0.69765625 0.4109375 0.090625 0.1796875
36 0.725 0.5953125 0.0890625 0.1765625
36 0.7546875 0.77734375 0.0875 0.175
39 0.74296875 0.221875 0.0875 0.175
39 0.77109375 0.40625 0.0921875 0.1765625
39 0.8 0.5890625 0.0890625 0.1703125
39 0.828125 0.775 0.0875 0.1734375