8 0.2546875 0.14296875 0.13125 0.14375
13 0.2140625 0.26640625 0.1296875 0.140625
37 0.17578125 0.3875 0.1234375 0.1390625
2 0.1375 0.50703125 0.1265625 0.1375
21 0.3453125 0.1765625 0.128125 0.140625
40 0.30390625 0.2984375 0.13125 0.14375
32 0.26484375 0.41875 0.1296875 0.140625
33 0.228125 0.53828125 0.1296875 0.1390625
31 0.43671875 0.2078125 0.1296875 0.14375
28 0.3953125 0.33125 0.134375 0.146875
12 0.353125 0.45234375 0.13125 0.140625
11 0.31484375 0.57109375 0.1328125 0.140625
32 0.5265625 0.2453125 0.134375 0.146875
22 0.48671875 0.365625 0.1296875 0.1390625
19 0.44375 0.48984375 0.1265625 0.140625
14 0.4046875 0.603125 0.125 0.1359375
11 0.61640625 0.28125 0.1328125 0.14375
34 0.5765625 0.40390625 0.1265625 0.1375
37 0.53359375 0.525 0.1234375 0.1359375
19 0.48984375 0.64296875 0.1203125 0.1359375
4 0.70625 0.31640625 0.1296875 0.140625
13 0.66484375 0.4421875 0.13125 0.14375
7 0.62421875 0.56015625 0.128125 0.140625
4 0.58125 0.68046875 0.128125 0.140625
29 0.79921875 0.35234375 0.134375 0.14375
38 0.75703125 0.475 0.1359375 0.1453125
31 0.715625 0.5953125 0.1296875 0.1390625
3 0.6703125 0.7171875 0.13125 0.14375
2 0.89140625 0.38984375 0.1296875 0.1359375
7 0.84921875 0.5125 0.1328125 0.140625
14 0.80625 0.634375 0.134375 0.146875
26 0.76015625 0.7515625 0.128125 0.140625
12 0.9609375 0.42421875 0.078125 0.140625
24 0.940625 0.5484375 0.11875 0.1359375
28 0.90078125 0.66953125 0.13125 0.1421875
14 0.853125 0.78671875 0.1296875 0.140625