22 0.26878233772224724 0.1515169393872285 0.20787562818904784 0.2045034346068665
17 0.26262831938535786 0.24614831893687777 0.20956567394668238 0.2061660641565158
40 0.26097048241201665 0.3434238371354751 0.21632585697722054 0.21281658235511305
24 0.25684134968104094 0.4421116610095984 0.21125571970431692 0.20782869370616516
2 0.2467654927038204 0.6425121792081956 0.21801590273485508 0.21447921190476257
40 0.24010129133639285 0.743393558757845 0.22295849425012415 0.21790460055371028
17 0.23825213572659987 0.8430128269564422 0.21294576546195146 0.20949132325581452
29 0.2435458004202486 0.9189781423495758 0.19722517061270253 0.1620437153008485
13 0.40216879363160263 0.15299670110742078 0.21450826546195145 0.2095914528054638
36 0.39666847953707873 0.24924064543189478 0.21801590273485508 0.2144792119047624
11 0.39410184680610294 0.3480285988556674 0.20956567394668238 0.2061660641565158
37 0.38860153271157905 0.44427254318014137 0.21125571970431692 0.20782869370616516
37 0.3783343570979067 0.6470168113787386 0.21450826546195145 0.20959145280546387
39 0.3740139057304792 0.748048385252862 0.21450826546195145 0.20959145280546387
21 0.3728822272418689 0.8484989682262839 0.211255719704317 0.20782869370616516
27 0.3688008919355177 0.9196580652362499 0.2102353536432407 0.1606838695275002
22 0.5347739995409582 0.1544263980527884 0.211255719704317 0.20782869370616516
7 0.5323349125676169 0.251651851476561 0.211255719704317 0.20782869370616516
38 0.5250807798366411 0.35013941625138567 0.21632585697722054 0.21281658235511305
9 0.5210791928633 0.447264740125509 0.19942539940087514 0.1961902868586199
4 0.5159619028555413 0.654265711747879 0.211255719704317 0.20782869370616516
27 0.5103340430033828 0.752072156072353 0.20787562818904776 0.20450343460686646
24 0.5077674102724071 0.8508601094961256 0.19929785364324068 0.1946277868586197
8 0.503494756329604 0.9199071915466968 0.2202480824314133 0.1601856169066064
29 0.6670603410562271 0.15976234499815606 0.21632585697722054 0.21281658235511314
28 0.6631225269617032 0.25610641887227936 0.22139599425012407 0.2178044710040611
33 0.659120939988362 0.3532317427464026 0.21450826546195145 0.2095914528054638
2 0.6548642614997517 0.453482066620526 0.21970594849248962 0.21614184145441176
23 0.6477220858860795 0.656426593918422 0.22139599425012407 0.21780447100406092
36 0.6467179531551037 0.7553146768918438 0.21450826546195145 0.20959145280546387
27 0.6416800246664934 0.8555149359911425 0.21632585697722054 0.21281658235511286
8 0.6379335292084213 0.9235817065060916 0.2110006281890479 0.15283658698781685