21 0.33359375 0.14609375 0.125 0.1296875
40 0.409375 0.19609375 0.128125 0.13125
37 0.48671875 0.24609375 0.125 0.13125
31 0.56015625 0.29375 0.121875 0.1296875
24 0.6375 0.3453125 0.1234375 0.1296875
33 0.71171875 0.39453125 0.1328125 0.1359375
37 0.78828125 0.4453125 0.1265625 0.1328125
22 0.86640625 0.49609375 0.125 0.1296875
7 0.94140625 0.546875 0.1171875 0.1265625
41 0.27265625 0.246875 0.121875 0.1265625
24 0.3484375 0.2953125 0.121875 0.125
12 0.421875 0.3453125 0.125 0.1296875
16 0.49609375 0.39453125 0.1234375 0.128125
36 0.57421875 0.44453125 0.1265625 0.13125
9 0.646875 0.49453125 0.125 0.1296875
6 0.72265625 0.546875 0.121875 0.125
23 0.8 0.59609375 0.1296875 0.1328125
39 0.8765625 0.64609375 0.1234375 0.1296875
29 0.21484375 0.34609375 0.1203125 0.1234375
6 0.28671875 0.39453125 0.121875 0.1265625
9 0.3625 0.44453125 0.1171875 0.121875
18 0.4359375 0.49140625 0.125 0.128125
39 0.51015625 0.54296875 0.11875 0.1234375
28 0.58671875 0.59296875 0.1265625 0.1296875
6 0.66171875 0.6421875 0.125 0.1296875
41 0.7359375 0.69453125 0.125 0.1296875
3 0.8109375 0.74453125 0.1265625 0.1328125
7 0.15234375 0.44296875 0.115625 0.1203125
32 0.22578125 0.49296875 0.1265625 0.1296875
18 0.3015625 0.540625 0.1234375 0.1265625
17 0.37578125 0.5890625 0.1125 0.11875
11 0.44921875 0.6390625 0.121875 0.1265625
7 0.52265625 0.68828125 0.121875 0.1265625
33 0.596875 0.740625 0.1203125 0.125
11 0.671875 0.7890625 0.1203125 0.1234375
13 0.746875 0.84296875 0.128125 0.13125