33 0.20314957665190048 0.22744534131642755 0.18797726866002265 0.18120690990138844
27 0.31956512106865953 0.18873562297305274 0.1829893800110746 0.1764375892845374
12 0.43764329503506794 0.1484361310907276 0.18132675046142524 0.17484781574558705
37 0.5532775894518269 0.10974004951682796 0.18465200956072395 0.17802736282348777
14 0.22689915484496045 0.3074095308458463 0.1845518800110746 0.17646486282348767
38 0.3431144401624208 0.2718248125024715 0.18797726866002265 0.18120690990138844
19 0.4594799198043552 0.23389634415909666 0.1795639913621267 0.17169554220663671
40 0.5727704642211143 0.1952411728936225 0.1878771391103733 0.17964440990138839
1 0.24702308528977382 0.39524076745316566 0.18465200956072395 0.17802736282348777
37 0.36432000925618213 0.3549549123403157 0.17966412091177605 0.17325804220663663
24 0.48249831277223987 0.31309292045799053 0.17633886181247735 0.17007849512873605
33 0.594076162864525 0.2768087727314667 0.1829893800110746 0.1764375892845374
34 0.2690099043835351 0.4783572305215348 0.18465200956072395 0.1780273628234877
11 0.3885003840254695 0.4403742151002592 0.18963989820967192 0.18279668344033873
28 0.5042848727667024 0.3993343835263595 0.19286502775932135 0.18441373051823948
14 0.6168442319582862 0.35991159903036063 0.18465200956072395 0.17802736282348777
27 0.29094665870247177 0.5622549435899038 0.1829893800110746 0.1764375892845374
13 0.40912496221852945 0.5203929517075786 0.19795304595791857 0.19074555113509054
2 0.5246591270856392 0.483259370133679 0.1863146391103733 0.17961713636243815
29 0.6413750601513462 0.4398621517903042 0.1878771391103733 0.17964440990138844
39 0.3113209130214084 0.6461799301972231 0.1878771391103733 0.17964440990138825
38 0.4292488926633428 0.608224188314898 0.189639898209672 0.18279668344033873
33 0.5489896961794004 0.5663349228936225 0.189639898209672 0.18279668344033873
39 0.6662866201458089 0.5260490677807725 0.1845518800110746 0.17646486282348767
21 0.3315449730158711 0.7324486668045426 0.18963989820967192 0.18279668344033873
18 0.4527481469822795 0.6920946278443167 0.189639898209672 0.18279668344033873
38 0.5724889504983371 0.6502053624230413 0.19286502775932118 0.18441373051823948
31 0.6896356801402715 0.6122632573101912 0.1878771391103733 0.17964440990138844
18 0.3563564034606845 0.8201980827950109 0.1829893800110746 0.17643758928453757
28 0.47750951265226815 0.7806252938347852 0.189639898209672 0.18279668344033873
18 0.5941253161683259 0.7387905754914103 0.1863146391103733 0.17961713636243815
26 0.7146473696843836 0.6968876733006596 0.1863146391103733 0.17961713636243815
26 0.38058684300479645 0.9048361355549546 0.18621450956072394 0.17805463636243815
3 0.5010087669712048 0.8644957333642038 0.2012783050572171 0.19392509821299092
9 0.6207495704872625 0.8226064679429281 0.1878771391103733 0.17964440990138825
22 0.7395088649040217 0.7838558392911279 0.18465200956072395 0.1780273628234877