27 0.29383783676794983 0.7527308353904516 0.2307976560311804 0.23499716831236128
11 0.278920814091314 0.6789660270698266 0.23397720003181677 0.23975740349472244
26 0.2710168600811326 0.6038023729095141 0.22921697469763497 0.23339830072118062
14 0.25999699673772403 0.5293472335668404 0.23397720003181668 0.23975740349472244
31 0.24740554272754264 0.4540744766329864 0.23081583736472586 0.23655966831236128
39 0.23482317938413405 0.3795829696991321 0.23397720003181668 0.23975740349472244
21 0.2238124067074981 0.30590908035645853 0.2244749306969986 0.22860169794763907
16 0.2198237933640895 0.23161759517409738 0.2260737933640895 0.23176306553881965
17 0.2198232460216354 0.1644482789696877 0.21346470536281678 0.22209712480937518
32 0.4709361387650864 0.7357648069894449 0.24660446936663477 0.25098584422416687
21 0.460688434754905 0.6605466014423615 0.24344310669954403 0.2477881090418057
17 0.4504407307447237 0.5853283958952782 0.23081583736472577 0.23655966831236128
17 0.437858367401315 0.510836888961424 0.22921697469763486 0.23339830072118078
6 0.4299635040579064 0.43645448480111143 0.2418624253659985 0.2461892414506252
14 0.41580045938095245 0.36036411027607673 0.23081583736472594 0.23655966831236128
27 0.40556184603754375 0.2859271547289934 0.23553970003181668 0.2397937710859029
39 0.3999834606938169 0.2092555519554517 0.2260737933640895 0.23176306553881965
23 0.3873920066836356 0.13398279502159754 0.24188060669954387 0.24775174145062523
16 0.6535395534293137 0.72205106515757 0.23395901869827113 0.23819490349472244
12 0.6432918494191324 0.6468328596104866 0.24028174403245312 0.24459037385944454
2 0.6314543734086329 0.5692345364722227 0.24660446936663477 0.25098584422416687
23 0.6196168973981333 0.49163621333395885 0.24028174403245295 0.24459037385944454
13 0.6093873747214975 0.4179805077868755 0.23712038136536223 0.24139263867708358
36 0.5960146707113161 0.34268956705743103 0.24502378803308922 0.24938697663298628
2 0.5880652633672712 0.2636196628971185 0.23870106269890776 0.24299150626826407
41 0.5746743780235444 0.18676622216767408 0.23397720003181668 0.23975740349472238
38 0.5669158746817266 0.1241025680073616 0.24633174936345306 0.2275483442241669
2 0.8360975147596775 0.7044310733256951 0.24976583203372585 0.2541835794065278
26 0.8273759480824052 0.6261242353697923 0.24976583203372585 0.254183579406528
3 0.8171282440722238 0.550906029822709 0.25926810136854395 0.26533928495361125
26 0.8029651993952699 0.4748156552976742 0.24502378803308922 0.24938697663298637
34 0.7888021547183157 0.3987252807726396 0.24660446936663477 0.25098584422416687
4 0.7785089973742709 0.3196008252255562 0.24502378803308922 0.24938697663298637
7 0.769024362030544 0.24283830347406316 0.24028174403245312 0.24459037385944465
6 0.7526175646880899 0.17528712756225756 0.22285788669636233 0.2238778303564585
24 0.7277624680139994 0.12003592989895895 0.18484880935708964 0.17925500816812517