24 0.8615707728888549 0.7845046757362916 0.17242182028847247 0.09359781574558709
9 0.8519762609210076 0.7080785434310434 0.17078658510611114 0.09044554220663663
12 0.8416368665443408 0.6332285478952702 0.18190592306201409 0.0984489569792892
28 0.8328054207809032 0.5560075288205466 0.17718205547083343 0.09680463636243815
1 0.8193410264042364 0.4812120803626742 0.17242182028847247 0.09359781574558709
36 0.8074209482319794 0.4056081083658515 0.1724218202884721 0.09359781574558709
21 0.7955008700597225 0.33000413636902864 0.17398432028847227 0.09362508928453739
38 0.7859972770698266 0.25748425406378034 0.1771093202884723 0.09367963636243815
39 0.7701891326931599 0.1827297159143334 0.16137521751493064 0.08871940097293467
7 0.6793947057345145 0.8150394297934813 0.1755468202884723 0.09365236282348768
28 0.6698365613578479 0.7401757974882331 0.1708229526972918 0.09200804220663664
21 0.6594426155944102 0.66298205195246 0.17554682028847246 0.09365236282348768
23 0.6475407212177435 0.5881593299556371 0.17558318787965277 0.09521486282348768
40 0.6355660916587157 0.5102116079588143 0.17249455547083342 0.0967228157455871
33 0.626007947282049 0.4353479756535661 0.17558318787965277 0.09521486282348768
17 0.614087869109792 0.35974400365674325 0.17245818787965278 0.0951603157455871
14 0.6029854085287155 0.2856888948904453 0.17391158510611113 0.09050008928453739
17 0.5902840803564585 0.21009855966309768 0.16766158510611112 0.09039099512873605
16 0.49489307237576463 0.8463963441590966 0.1739479526972918 0.09206258928453721
18 0.48842356040791735 0.7699156647759476 0.17867182028847228 0.09370690990138826
8 0.47568586464447976 0.6927628295486 0.17558318787965294 0.09521486282348768
29 0.4653282864722227 0.6171315840128269 0.18027068787965278 0.09529668344033873
8 0.45262695829996574 0.5415412487854793 0.18183318787965277 0.09532395697928919
39 0.4407068801277088 0.46593727678865654 0.17391158510611113 0.09050008928453739
19 0.43194816954663223 0.391841257713933 0.17870818787965276 0.09526940990138844
39 0.42084570896555584 0.31778614894763507 0.17085932028847228 0.09357054220663671
24 0.4058006307932988 0.24223672402871296 0.16922408510611114 0.09041826866768635
1 0.3119539390170146 0.8777259849857615 0.17387521751493065 0.08893758928453721
6 0.30077874325357706 0.8005458762194637 0.1755468202884723 0.09365236282348768
4 0.2919654812857298 0.7241061071447401 0.1771093202884723 0.09367963636243815
37 0.2808084693178825 0.6477072483784422 0.1786354526972917 0.09214440990138843
31 0.2704327073500352 0.5712947528426691 0.17402068787965286 0.09518758928453738
23 0.25931206297336845 0.49645839407637116 0.18183318787965286 0.09532395697928919
22 0.24739198480111146 0.4208544220795483 0.1755104526972917 0.09208986282348768
2 0.23309178903767389 0.3437288603911511 0.17558318787965285 0.09521486282348768
26 0.22435126225218777 0.2704140913164276 0.16926045269729179 0.09198076866768634