19 0.29609375 0.12109375 0.04375 0.1125
2 0.3689236109375 0.171296296875 0.37065972187499996 0.067901234375 0.328125 0.06327160468750001 0.3263888890625 0.1203703703125 0.3255208328125 0.1697530859375 0.3689236109375 0.171296296875
28 0.3790509265625 0.0627572015625 0.37789351875 0.1707818921875 0.421875 0.1718107 0.4230324078125 0.06584362187500001 0.3790509265625 0.0627572015625
26 0.431134259375 0.0606995890625 0.4299768515625 0.16872427968749998 0.47164351875 0.1707818921875 0.4739583328125 0.061728395312499997 0.431134259375 0.0606995890625
1 0.48148148125 0.0627572015625 0.48090277812500004 0.16460905312500002 0.521990740625 0.16872427968749998 0.5225694437499999 0.06584362187500001 0.48148148125 0.0627572015625
38 0.53125 0.061728395312499997 0.530671296875 0.1676954734375 0.574652778125 0.1676954734375 0.574652778125 0.0627572015625 0.53125 0.061728395312499997
16 0.27835648125 0.19238683125 0.2795138890625 0.298353909375 0.321759259375 0.296296296875 0.3229166671875 0.1934156375 0.27835648125 0.19238683125
22 0.33101851875 0.1872427984375 0.33159722187499996 0.2952674890625 0.3726851859375 0.2952674890625 0.3738425921875 0.1893004109375 0.33101851875 0.1872427984375
11 0.4375 0.1851851859375 0.43402777812500004 0.28909465 0.4762731484375 0.2952674890625 0.48032407343749994 0.19238683125 0.4375 0.1851851859375
34 0.58984375 0.86875 0.0421875 0.1109375
34 0.640625 0.859375 0.040625 0.10625
34 0.690625 0.8609375 0.0390625 0.10625
3 0.40390625 0.24296875 0.0453125 0.1140625
36 0.24296875 0.5859375 0.046875 0.1125
36 0.296875 0.5796875 0.046875 0.1125
3 0.35 0.57734375 0.046875 0.1140625
8 0.40234375 0.57109375 0.04375 0.1109375
13 0.45390625 0.5734375 0.0453125 0.109375
4 0.5046875 0.57109375 0.04375 0.103125
4 0.55703125 0.571875 0.0421875 0.1046875
1 0.62890625 0.56484375 0.040625 0.1046875
32 0.43515625 0.88203125 0.0453125 0.1109375
37 0.48671875 0.8765625 0.04375 0.1140625
40 0.5390625 0.8734375 0.046875 0.1109375