40 0.7629641907372681 0.5539305328678507 0.1865427621279716 0.18268758928453738
40 0.35443331105040815 0.27766667288703195 0.18823280788560606 0.18427736282348778
40 0.5708251328516619 0.732084986196987 0.17809253333979883 0.1747387215897856
6 0.7015162498308222 0.48244527069298593 0.1714598960668953 0.16994212743398443
1 0.6385695818031936 0.4101514849791711 0.16976985030926067 0.16835235389503395
1 0.5822555510484685 0.3332792934211574 0.17809253333979883 0.17473872158978576
1 0.5176188372632053 0.2625207341683921 0.1730223960668953 0.16996940097293473
1 0.506252191945216 0.6605451769442217 0.16626221303635713 0.16361030681713337
6 0.5390482007392077 0.49838609618110097 0.17653003333979883 0.17471144805083547
6 0.48117166998448263 0.42148663108413703 0.17314994182452992 0.17153190097293472
6 0.41900625195685404 0.3492064821397972 0.16976985030926067 0.16835235389503406
11 0.6027761187668363 0.5706935186643911 0.17809253333979883 0.1747387215897856
11 0.44486802391758734 0.5882786647693571 0.17133235030926067 0.16837962743398444
11 0.3884264474052278 0.5129689732113435 0.1730223960668953 0.16996940097293473
11 0.32704227937759917 0.44070246103647887 0.18160017061270253 0.17948076866768634
16 0.41572317360832667 0.7536309293798537 0.1714598960668953 0.16994212743398443
16 0.35336643694424624 0.6836945304355139 0.1714598960668953 0.16994212743398443
16 0.29705240618952117 0.6068223388775003 0.16638975879399168 0.16517280681713337
16 0.2354769195254407 0.5368995767026357 0.16820735030926076 0.16832508035608368
17 0.45570851075084573 0.18711558522405233 0.1714598960668953 0.16994212743398435
17 0.6672215139156478 0.6437958279171564 0.17314994182452992 0.17153190097293453
17 0.26305926983470146 0.37152003855318877 0.1696423045516262 0.16678985389503395
17 0.4780161373935899 0.8243485783241935 0.18147262485506807 0.17791826866768617
40 0.16634402437662935 0.4637154468330194 0.18641521637033706 0.18112508928453738