19 0.80078125 0.27578125 0.1578125 0.065625
17 0.80390625 0.34375 0.153125 0.065625
31 0.8046875 0.415625 0.15625 0.0671875
31 0.80625 0.484375 0.1609375 0.0671875
12 0.80859375 0.5546875 0.1546875 0.0671875
6 0.809375 0.625 0.1546875 0.0671875
41 0.809375 0.69375 0.153125 0.06875
41 0.8125 0.7609375 0.153125 0.0640625
38 0.81328125 0.82890625 0.15625 0.0671875
21 0.6296875 0.26484375 0.153125 0.0640625
28 0.6328125 0.33515625 0.1640625 0.0703125
11 0.63671875 0.40625 0.1578125 0.0671875
9 0.63828125 0.475 0.159375 0.065625
17 0.63828125 0.54453125 0.1546875 0.065625
16 0.64375 0.61484375 0.146875 0.06875
32 0.64296875 0.68359375 0.15625 0.0671875
38 0.64453125 0.753125 0.1578125 0.0703125
6 0.64453125 0.82109375 0.153125 0.0671875
23 0.459375 0.25234375 0.1578125 0.06875
38 0.46171875 0.32578125 0.1640625 0.071875
33 0.465625 0.39609375 0.159375 0.0703125
39 0.46953125 0.46796875 0.1578125 0.0671875
28 0.4703125 0.5375 0.15625 0.06875
40 0.47265625 0.60859375 0.159375 0.0703125
24 0.47265625 0.6765625 0.1609375 0.071875
7 0.47578125 0.746875 0.153125 0.065625
34 0.478125 0.81484375 0.15625 0.0625
27 0.284375 0.24453125 0.1609375 0.0703125
19 0.2875 0.31328125 0.1609375 0.0703125
17 0.2921875 0.3859375 0.1640625 0.06875
39 0.29375 0.45703125 0.1640625 0.071875
9 0.2984375 0.528125 0.1578125 0.0640625
37 0.3015625 0.596875 0.159375 0.0671875
7 0.303125 0.66796875 0.1578125 0.0640625
24 0.303125 0.73828125 0.1578125 0.0640625
38 0.3078125 0.8078125 0.1546875 0.06875