19 0.7654999040634893 0.7193065058880052 0.10784393515656987 0.13550224267981753
2 0.711179194820154 0.7441343305617776 0.11096893515657005 0.13553860534690845
34 0.6559496898191842 0.7705337459023227 0.10408120636839727 0.1276533800127268
29 0.5986952992123007 0.793054183243186 0.10940643515657004 0.1355204240133631
17 0.5444383628477827 0.8171007579169585 0.10746129788366651 0.13081474267981755
40 0.49018142648326457 0.8411473325907307 0.10758884364130097 0.13237724267981754
37 0.7174924519471557 0.5903008058959593 0.10628143515657004 0.13548406134627217
1 0.7470500609374999 0.1912139890625 0.7911310515625 0.175834546875 0.752989475 0.0622957453125 0.7040277390624999 0.075006128125 0.7470500609374999 0.1912139890625
11 0.68852835 0.2165197015625 0.732887990625 0.1993732125 0.6923156828125 0.08203731875 0.64468935625 0.10068785 0.68852835 0.2165197015625
21 0.6278545578125 0.2362612765625 0.675480884375 0.21761074531250002 0.63271793125 0.1045609625 0.586186928125 0.1210684375 0.6278545578125 0.2362612765625
26 0.5785177546875 0.27536432187500004 0.6234346984375 0.25468374531250004 0.5828431078125 0.142272975 0.5322480281249999 0.1557353796875 0.5785177546875 0.27536432187500004
26 0.5178439625 0.295105896875 0.5646536171875 0.27683137812499997 0.52515735 0.162277553125 0.47697371874999994 0.1844621734375 0.5178439625 0.295105896875
8 0.486531784375 0.3111613421875 0.5080439015625 0.2996180234375 0.4636476046875 0.1873202609375 0.4410787296875 0.19115638906250002 0.4192879625 0.20446675 0.46095559374999995 0.31965958906249997 0.486531784375 0.3111613421875
18 0.40570056875000005 0.343461259375 0.45169355156249996 0.3255627484375 0.40869051562500003 0.2044297640625 0.361582921875 0.2293964515625 0.40570056875000005 0.343461259375
23 0.32755076562499996 0.315531659375 0.351002846875 0.36372883906250003 0.3964578109375 0.3444392953125 0.353714140625 0.2264643890625 0.303359146875 0.24800999687499997 0.32755076562499996 0.315531659375
28 0.293650059375 0.3912276046875 0.34028680312500004 0.3708476984375 0.2961820140625 0.2534994765625 0.2479119265625 0.274631403125 0.293650059375 0.3912276046875
33 0.2854447765625 0.4048379578125 0.24440804843750003 0.29044713906249997 0.1963365859375 0.3071176203125 0.23880803125 0.4252178640625 0.2854447765625 0.4048379578125
41 0.1823712265625 0.4501098953125 0.23171735624999998 0.43176003593749995 0.1908663953125 0.31619118749999997 0.14061714218750002 0.3338643640625 0.1823712265625 0.4501098953125
4 0.1655961890625 0.43161345156250003 0.1256483578125 0.31672128593750004 0.07883870312499999 0.3349958078125 0.1195296046875 0.445175853125 0.1655961890625 0.43161345156250003
9 0.1084677359375 0.448083940625 0.0697560015625 0.341362646875 0.0258543515625 0.3572057671875 0.06455323125 0.467210478125 0.1084677359375 0.448083940625