3 0.36907365216744675 0.09040925227790009 0.13133752471457943 0.12455892619541978
8 0.33073405235772724 0.16648663389028345 0.13133752471457943 0.12455892619541978
13 0.2916450360461048 0.24173726287183098 0.12808519072219057 0.12125191567207612
18 0.24943101973448245 0.31680588133003473 0.1280215237259962 0.11968941567207611
23 0.20734433741524882 0.3887494997882385 0.1248965237259962 0.11950740514873245
28 0.1674422376055293 0.46473587613895007 0.12977502471457938 0.12446792093374785
33 0.1298202207996153 0.5424212603821694 0.12977502471457938 0.12446792093374803
38 0.08672945399370134 0.6197881262095372 0.12814885771838497 0.12281441567207593
41 0.05812159952539273 0.6977010236069361 0.11624319905078546 0.1195984104104042
2 0.5251525558177683 0.16136503633759275 0.12977502471457925 0.12446792093374795
7 0.48996978950614595 0.23684317847331987 0.12795785672980173 0.11812691567207612
12 0.45153468920213474 0.3152643100857032 0.1297750247145794 0.12446792093374785
17 0.4124456728905124 0.3905149390672507 0.1248965237259961 0.11950740514873237
22 0.37332482308079284 0.4665468180487983 0.1264590237259962 0.1195984104104042
27 0.33417213977297605 0.5433599470303456 0.12808519072219057 0.12125191567207612
32 0.29273937346135365 0.6184740681193853 0.1297750247145794 0.12446792093374803
37 0.2529009406478285 0.6928979444700969 0.12639535672980182 0.1180359104104042
40 0.2105914238419145 0.7703103129283007 0.12977502471457933 0.12446792093374803
1 0.7095647065023403 0.2480669177382146 0.1280851907221905 0.12125191567207612
6 0.6688813566926207 0.3240077914580903 0.1280851907221905 0.12125191567207612
11 0.6304780898867067 0.40164767307047367 0.1280851907221905 0.12125191567207612
16 0.5898902405712787 0.47524479679034926 0.1280851907221905 0.12125191567207594
21 0.5507693907615593 0.5512766757718968 0.12964769072219048 0.12134292093374785
26 0.5078377914461312 0.6247372915992646 0.1280851907221905 0.12125191567207594
31 0.4648743586326061 0.6989791574266324 0.1280851907221905 0.12125191567207612
36 0.4203484258190809 0.7731300179923284 0.13133752471457943 0.12455892619541978
31 0.3771939920169725 0.8520593838196963 0.13133752471457943 0.12455892619541978
4 0.8732505217116489 0.3437419807371025 0.12489652372599629 0.11950740514873237
9 0.8310365054000265 0.4188105991953063 0.12327035672980173 0.11785389988706055
14 0.7920111560845984 0.4924987281768537 0.12814885771838505 0.12281441567207593
19 0.750578389772976 0.5676128492658934 0.1264590237259963 0.1195984104104042
29 0.7122069564651593 0.6444714808782768 0.1280851907221905 0.12125191567207612
34 0.672368523651634 0.7188953572289885 0.12470552273741298 0.11481990514873246
24 0.6299953398495257 0.7978702256871921 0.12489652372599629 0.11950740514873245