19 0.10546875 0.553125 0.134375 0.1015625
2 0.128125 0.50078125 0.1359375 0.1046875
34 0.15078125 0.44765625 0.1265625 0.096875
29 0.1765625 0.39609375 0.134375 0.103125
17 0.2 0.34375 0.1296875 0.1
40 0.2234375 0.29296875 0.13125 0.1015625
37 0.2359375 0.6171875 0.134375 0.1
1 0.6106315953125 1 0.62216793125 0.9833616 0.5049421125 0.92557260625 0.483043346875 0.9641665671874999 0.5509638234375 1 0.6106315953125 1
11 0.6258350453125 0.9709650671875 0.648009159375 0.9277873078125 0.530444165625 0.8707795875000001 0.5096267546875 0.91083225 0.6258350453125 0.9709650671875
21 0.6541781609374999 0.9175269015625 0.6770944546875 0.8765891218749999 0.56162834375 0.8186962781249999 0.5394542296875 0.8618740359375 0.6541781609374999 0.9175269015625
26 0.664118184375 0.859084709375 0.6923136046875 0.8178353875000001 0.5701478359375 0.7595766578125 0.5514931390625 0.802546721875 0.664118184375 0.859084709375
26 0.692864303125 0.80866779375 0.71287570625 0.762572634375 0.6013320171875 0.7074933484375 0.579497078125 0.7498898296875 0.692864303125 0.80866779375
8 0.720804415625 0.75220838125 0.734965953125 0.7353862421875 0.741621825 0.7121557203125 0.626155715625 0.6542628796875001 0.6131393609375 0.676346240625 0.6054021328125 0.6981180625000001 0.720804415625 0.75220838125
18 0.7496143609375 0.7055939890625 0.7667847015625 0.6581439765625 0.6503010609375 0.60259495625 0.6288053 0.6442101640625 0.7496143609375 0.7055939890625
23 0.7294441593750001 0.574325440625 0.67660911875 0.5538444359375 0.6565338890625 0.5961370703125 0.7748410640625 0.6553847671875 0.7969513515625 0.6084044875 0.7294441593750001 0.574325440625
28 0.7983360140625 0.5999489375 0.8191813796874999 0.554565821875 0.699630559375 0.498182796875 0.6794635453125 0.5420033640625 0.7983360140625 0.5999489375
33 0.8342169625 0.49886795156249997 0.716022846875 0.43935983125 0.6958558328125 0.4831804015625 0.8102618640625 0.540882046875 0.8342169625 0.49886795156249997
41 0.8317004796875 0.48886635468749995 0.8565600484375 0.44476886093749995 0.7402599765625 0.38616397812500003 0.7165735468750001 0.43019223906250004 0.8317004796875 0.48886635468749995
4 0.9021689875 0.40553693593749995 0.7910988078125001 0.3506834578125 0.7663802546875 0.389190071875 0.8803340499999999 0.44793341875000003 0.9021689875 0.40553693593749995
9 0.9257703156250001 0.3564386421875 0.8163255109374999 0.3004742375 0.7972890859375 0.34169055937500004 0.9043450609375 0.3952584125 0.9257703156250001 0.3564386421875
18 0.9837147890625 0.254563115625 0.8744109984374999 0.19300782968750002 0.8498760109375001 0.22845857656250002 0.9558865015625001 0.28970070937500003 0.9837147890625 0.254563115625