19 0.07970623187984446 0.45646907885449056 0.15941246375968893 0.1568855787839034
17 0.09933895203949665 0.5178461946112712 0.17649954811738686 0.15505006299888785
31 0.13293389960317312 0.5809678208913956 0.17982480721668548 0.1583570735222315
31 0.16506647671649893 0.6424359419098481 0.18294980721668547 0.15853908404557515
12 0.19714898905500006 0.7046853129283006 0.1797246776670362 0.15679457352223167
6 0.23089413094315053 0.765463189208425 0.1797246776670362 0.15679457352223167
41 0.26385802283130094 0.8261955628577136 0.17816217766703613 0.1567035682605596
41 0.2936969147194515 0.8867459259836583 0.1763994185677376 0.15348756299888783
38 0.3259296213824266 0.9337365051204977 0.17982480721668548 0.13252698975900473
21 0.20859044340162333 0.35482952609659774 0.1763994185677375 0.15348756299888783
28 0.23974151141565048 0.41937714448421437 0.1896003254152828 0.16515310509226264
11 0.2717238942045023 0.48318901550266685 0.18138730721668547 0.1584480787839034
9 0.3039065360926528 0.5438758865211193 0.18294980721668547 0.15853908404557515
17 0.3368704279808032 0.6046082601704079 0.17806204811738696 0.15514106826055957
16 0.36645899599483034 0.6690648732963526 0.1732744185677376 0.15330555247554417
32 0.4003042674326302 0.728280249576477 0.17982480721668564 0.15835707352223166
38 0.43326815932078055 0.7890126232257655 0.18315006631598402 0.16166408404557533
6 0.46550086598375573 0.848918244244218 0.17806204811738696 0.15514106826055957
23 0.34758069710225115 0.253925720707869 0.18304993676633483 0.16010158404557523
38 0.3810755151162783 0.31860984698799333 0.18970045496493207 0.16671560509226263
33 0.4107141479051301 0.3822852101139381 0.18471256631598418 0.16175508930724708
39 0.44342771591915725 0.4469238337632266 0.18138730721668547 0.1584480787839034
28 0.4755602930324831 0.5083919547816791 0.18138730721668547 0.1584480787839034
40 0.5083739905961595 0.5714680784309676 0.184712566315984 0.16175508930724708
24 0.5413879472591347 0.631419202080256 0.18637519586563336 0.16340859456891899
7 0.5734704595976359 0.6936685730987084 0.17649954811738694 0.15505006299888785
34 0.6040906014857862 0.7542644388554892 0.1779619185677376 0.15357856826055957
27 0.49203970080287895 0.1533404337349917 0.18627506631598417 0.16184609456891894
19 0.5226097779162048 0.21471754949177235 0.186275066315984 0.161846094568919
17 0.5544419663805826 0.28087317051022487 0.18793769586563336 0.1634995998305908
39 0.586474413944259 0.34390379152867745 0.18970045496493207 0.16671560509226263
9 0.6176755467331109 0.4076701599162941 0.17972467766703612 0.1567945735222315
37 0.648976809071612 0.46987402830391056 0.18304993676633483 0.16010158404557515
7 0.6810092566352886 0.5329046493223631 0.17972467766703631 0.1567945735222315
24 0.7147543985234389 0.5936825256024875 0.17972467766703631 0.15679457352223167
38 0.74527441086194 0.6558408913592683 0.17982480721668564 0.1583570735222315