7 0.5871960930517399 0.09772329282057465 0.22126718610347992 0.16216272721932726
37 0.5226263248547749 0.1180878673226787 0.23275264970954979 0.20780260943331239
31 0.459002626550186 0.15876494182478276 0.23645984656639651 0.22041173683797405
23 0.39456129094204406 0.19863348447572138 0.2315540227450791 0.21556054573098155
13 0.3326456418516669 0.2424901226801563 0.22991874813797325 0.21394348202865068
21 0.2675322181541838 0.2846751334799295 0.22330487510244393 0.20591272721932724
14 0.20476254445670078 0.326941989833199 0.22991874813797314 0.21394348202865068
41 0.14210203266987648 0.3715525961864684 0.22657542431665564 0.20914685462398896
36 0.10347833436528757 0.41310268992586624 0.17828347353086732 0.2105803798517325
22 0.7061002584770554 0.23915187938839627 0.2298459735308672 0.2123809820286507
40 0.6432214228689135 0.2790749857416658 0.2315540227450789 0.21556054573098155
12 0.5788892491714306 0.3212872783926044 0.23645984656639668 0.2204117368379741
17 0.5152291635632886 0.36118310289470845 0.22991874813797325 0.21394348202865068
26 0.4500793525622527 0.4025868636944816 0.23311652274507894 0.21561510943331239
29 0.3875280026860871 0.4495412200477512 0.22828347353086728 0.2123264183263199
2 0.32245096629215697 0.49250748084752427 0.23475179735218488 0.21723217313564333
22 0.25811879259467396 0.5347197734984629 0.23155402274507902 0.21556054573098143
19 0.19531273159363796 0.5762053798517324 0.22657542431665556 0.20914685462398896
28 0.825950493794747 0.4008929659562178 0.23965762117350237 0.2220833642426358
9 0.7638529081866052 0.4408433541606528 0.2282106989237615 0.21076391832631974
6 0.6989941956139927 0.48849711496042597 0.22657542431665548 0.20914685462398896
13 0.6329539727022977 0.5275298439090339 0.24456344499482013 0.2269345553496283
16 0.5718195736119206 0.5714137639646341 0.23809512117350237 0.22202880054030488
32 0.5033992133966729 0.6095833973597455 0.23965762117350237 0.2220833642426358
40 0.4408114762169545 0.6557565037130151 0.23973039578060823 0.22364586424263583
19 0.3780781898230243 0.6988046100662846 0.22657542431665564 0.2091468546239888
3 0.3137824034290942 0.7417981527172233 0.23318929735218497 0.2171776094333122
11 0.9122410965663967 0.5658855380960692 0.1755178068672066 0.22557046279135698
37 0.8816557033694317 0.6088617225796399 0.23668859326113675 0.22531749164729753
34 0.8204069309316843 0.6502927652305786 0.24292817038771447 0.22531749164729753
26 0.7536946199306482 0.6916419623280209 0.24456344499481997 0.2269345553496283
39 0.690180083536718 0.7346627868301249 0.24783399420903168 0.23016868275429
14 0.6268474836605525 0.781589861332229 0.23645984656639668 0.2204117368379741
4 0.5634421091772812 0.826954435834333 0.22991874813797325 0.21394348202865068
8 0.4965114743549277 0.8636161329317753 0.23809512117350237 0.22202880054030488
13 0.43385096256810335 0.9006274991353598 0.22991874813797325 0.19874500172928045