12 0.11322320442767672 0.26575301279992647 0.14449540944452863 0.1373369185677376
37 0.15667374345889645 0.3513190754152828 0.13661927693097137 0.12589877081949102
13 0.20403507766965606 0.4379167119047624 0.14450449980360833 0.1388994185677376
34 0.24672254741903502 0.526557709745294 0.13977154800821018 0.13078652991878953
8 0.29254865270703345 0.6177427166851244 0.14449540944452863 0.1373369185677376
41 0.34069578209733276 0.7051716679494288 0.1413431383672898 0.13244915946843888
39 0.3857542729239506 0.7986503601144344 0.1397897287263694 0.13391152991878955
6 0.43470083303240914 0.8892543761535633 0.1397897287263694 0.13391152991878955
22 0.47971387206362887 0.9574479619047624 0.14283291549465282 0.08510407619047519
40 0.2316004997054124 0.20930035857327484 0.13822722872636942 0.13381140036914027
39 0.2758322887366321 0.2949164859634559 0.1366465480082102 0.130586270819491
41 0.32086805366555093 0.3844889281284615 0.1413431383672898 0.13244915946843888
36 0.36666688787631047 0.47098643506829185 0.14293290944452863 0.13723678901808825
34 0.4163901528052293 0.5608592658822454 0.1413522287263694 0.1340116594684389
24 0.4598543273750685 0.6487690784976017 0.1350840480082102 0.13048614126984148
18 0.5048991826630669 0.7399040206626074 0.13819995764913068 0.12912390036914018
40 0.5522968783101448 0.8327516571520871 0.14451359016268786 0.1404619185677376
18 0.6012343480595238 0.9217931731912159 0.13976245764913067 0.12922402991878953
38 0.3468800660603869 0.15733494524732464 0.13823631908544912 0.13537390036914027
9 0.39500901473252703 0.24163889651162895 0.13035109621281205 0.1223732526208936
24 0.4392408037637468 0.32725502390180994 0.13194086729005097 0.12716088217054294
40 0.4842674783335859 0.4152649660668156 0.1397988190854491 0.13547402991878954
33 0.5293032432625047 0.5048374082318212 0.1413613190854491 0.1355741594684389
9 0.5751020774732643 0.5913349151716515 0.12408291549465282 0.11884773442229637
11 0.6232764779408024 0.6834513664359558 0.13820904800821018 0.1306864003691402
24 0.6753480380492611 0.7742556415743834 0.13036927693097128 0.12549825262089379
28 0.7203883481577197 0.8646093337393891 0.14607609016268785 0.14056204811738696
37 0.4621505420562818 0.10380703192137439 0.13347609621281203 0.1225735117201923
13 0.507935740728422 0.1879607888612047 0.14293290944452863 0.13723678901808825
32 0.5537209394005621 0.27211454580103506 0.1429238190854491 0.13567428901808826
9 0.5964129543294809 0.36153679364156666 0.1413522287263694 0.1340116594684389
22 0.6469038337197802 0.449115939230345 0.1429147287263694 0.13411178901808823
36 0.694283348648699 0.5388385757198246 0.1429147287263694 0.13411178901808823
24 0.7447969539366974 0.6303239713086028 0.13506586729005096 0.1273611412698415
3 0.7929440833269968 0.7177529225729071 0.15078177088084707 0.14398743676633483
8 0.8403326886149951 0.8090380590623868 0.14606699980360816 0.13899954811738696