40 0.7181522053628168 0.16714612520292538 0.12449201734563572 0.09925659084927707
40 0.6215810287634955 0.670396447362769 0.12452838001272681 0.10238159084927698
40 0.4590862880330894 0.21184589205077337 0.11667951734563572 0.09871028763096845
6 0.724730016709089 0.26207621295010924 0.11811474801081764 0.08788204827463009
1 0.7305265780553611 0.35706093101912406 0.11500792934436319 0.08922602698730664
1 0.7441265487348605 0.4507180958698302 0.11818747334499946 0.09413204827463009
1 0.7475884507479054 0.5466479549043376 0.11658861067790874 0.09089778763096845
1 0.46411978071290694 0.30844774044161904 0.11186474801081765 0.08744500569998319
6 0.5978958913908154 0.38197308573037153 0.11973179201145392 0.0926788089182918
6 0.6115231340706331 0.47797400058107764 0.11660679201145392 0.09246028763096845
6 0.616547536083678 0.5737945989719233 0.11500792934436319 0.08922602698730664
11 0.5944339893777707 0.28604322669586413 0.11818747334499946 0.09413204827463009
11 0.4699163420591791 0.4034324585106338 0.11348179201145392 0.092241766343645
11 0.4827168814051331 0.49558175368317076 0.11658861067790856 0.09089778763096845
11 0.4885134427514052 0.5905664717521856 0.11978633601209036 0.0973663089182919
16 0.33529534671386146 0.32449299354371214 0.11502611067790855 0.09078852698730663
16 0.33952031739336086 0.4188057222563887 0.1181329293443631 0.08944454827463008
16 0.35311119740608754 0.5116816371070948 0.11342724801081765 0.08755426634364483
16 0.35732707741881425 0.6052131158197713 0.1165340666772722 0.08621028763096845
17 0.755746943427723 0.6430312820078598 0.1134817920114541 0.09224176634364482
17 0.5886101560311804 0.18871475862684936 0.11815111067790855 0.09100704827463013
17 0.4927475040976773 0.6856604504648621 0.11346361067790856 0.09067926634364501
17 0.32949878536758936 0.2295082754746974 0.11822383601209037 0.09725704827463008
40 0.3592901140992682 0.7067209854979405 0.12140338001272663 0.10216306956195353