3 0.8655106715434024 0.3242184360128918 0.08979115824437507 0.10353379465362353
8 0.781353877090486 0.30992915188261194 0.08819229065319441 0.1018802893919517
13 0.6979965164331595 0.294904120383168 0.0834684230620141 0.10004477360693613
18 0.6147300747537845 0.27597283888372404 0.08350479065319441 0.10160727360693614
23 0.5338073830744096 0.25717806527678794 0.08499455547083343 0.09857327886860805
28 0.44966877241708314 0.24210753114650804 0.08659342306201392 0.10022678413027979
33 0.3639312941685762 0.2285084917545564 0.08659342306201401 0.10022678413027988
38 0.2783029186936109 0.21022195236260469 0.08655705547083344 0.09866428413027988
41 0.19401883767156233 0.20140141823232485 0.08190592306201397 0.0999537683452643
2 0.8474477365135413 0.4952743886578451 0.08659342306201409 0.10022678413027979
7 0.7647988906738539 0.48341985978923707 0.08041615824437506 0.1029877630835923
12 0.6798426624253469 0.46986632302812137 0.08819229065319459 0.1018802893919517
17 0.5964853017680205 0.4548412915286774 0.08343205547083343 0.09848227360693614
22 0.5123466911106942 0.43977075739839766 0.08343205547083343 0.09848227360693614
27 0.4282080804533678 0.42470022326811774 0.08346842306201392 0.10004477360693613
32 0.34488708738722196 0.4081126917686738 0.08659342306201392 0.10022678413027979
37 0.2607666605254858 0.39226090763839394 0.08034342306201392 0.09986276308359247
40 0.17513828505052054 0.37397436824644226 0.08819229065319449 0.1018802893919517
1 0.8247511996600689 0.6973528281486189 0.08499455547083343 0.09857327886860787
6 0.7390500890027425 0.6821912887566672 0.08343205547083343 0.09848227360693614
11 0.6548932945498258 0.6679020046263873 0.0866297906531944 0.1017892841302798
16 0.5723717352792703 0.6505787257577793 0.08350479065319458 0.10160727360693614
21 0.4882331246219439 0.6355081916274995 0.08662979065319458 0.1017892841302798
26 0.40574793294256895 0.6166224127588915 0.0850309230620141 0.10013577886860787
31 0.32249967505878424 0.5969098812594476 0.08662979065319458 0.10178928413027996
36 0.23770710097058984 0.5763250944983318 0.08819229065319449 0.1018802893919517
31 0.15049804170003425 0.5587287998447082 0.08819229065319449 0.1018802893919517
4 0.7860120887184021 0.8828507123918381 0.08335932028847245 0.09535727360693613
9 0.7019098456522562 0.8662176782615584 0.08179682028847228 0.09526626834526439
14 0.6193701025861105 0.8496756493929503 0.08655705547083344 0.09866428413027961
19 0.5360672933155548 0.8323068678935064 0.08343205547083343 0.09848227360693614
29 0.4511292488626382 0.8179720811323907 0.08343205547083343 0.09848227360693614
34 0.36857132200090215 0.8022113022637827 0.07878092306201392 0.09977175782192056
24 0.2805810127303466 0.7845695049793232 0.08495818787965286 0.09701077886860787