36 0.9232128298171736 0.4113750929445759 0.15357434036565287 0.1389103157455871
21 0.9025493810983001 0.3579870401846324 0.17813361621110388 0.1373750892845374
39 0.8674080936709124 0.30855978450258953 0.18133139081820956 0.13899213636243807
28 0.8359547324222074 0.2543768449731708 0.17984166542531527 0.14052736282348777
9 0.7971255188161376 0.20970527313850384 0.1667594685684687 0.127809174511885
2 0.7648545202638797 0.15475472037856028 0.18133139081820956 0.13899213636243807
26 0.496532899085868 0.8905009001654511 0.18623721463952717 0.1437614569792892
31 0.45592286165848056 0.8411691018697344 0.1846019400324213 0.14217168344033873
36 0.42517797580266975 0.7854100255708405 0.17976889081820957 0.13896486282348786
17 0.3808800121965999 0.7408339111224997 0.18289389081820956 0.13901940990138825
32 0.3577293025194714 0.6802509671288541 0.18303944003242129 0.14214440990138844
37 0.32102551509208394 0.6308509849857616 0.17976889081820957 0.1389648628234877
40 0.28495742845048483 0.5783123660731938 0.18140416542531543 0.14055463636243815
4 0.24754516563020323 0.5304885206995766 0.1781336162111037 0.1373750892845374
24 0.21463846629215705 0.4786766047091081 0.17976889081820957 0.1389648628234877
24 0.18549246773989908 0.4236715048712639 0.16512419396136274 0.12621940097293471
21 0.170781615625 0.30028050624999997 0.1525174765625 0.25177746875 0.04086423125 0.3282286953125 0.057809832812499996 0.374547021875 0.170781615625 0.30028050624999997