11 0.39541745776545084 0.1336830909482548 0.13604245776545093 0.13668290944452868
8 0.46234662350811406 0.18252913622599048 0.1425654735504665 0.14140677088084716
31 0.5269775418816133 0.23217006704234558 0.13778696828879458 0.13981699980360823
24 0.5907362049934406 0.2802530430382405 0.1311729472421071 0.1335306383672898
24 0.6554581286286115 0.3314564738545956 0.13429794724210709 0.13354881908544902
24 0.7223872943712749 0.38030251913233126 0.13604245776545093 0.13668290944452863
18 0.78784496537561 0.43072015476914655 0.1409119682887944 0.13983518052176755
2 0.8517401363799451 0.4811468807650415 0.13925846302712266 0.13826359016268785
6 0.9220673179076238 0.5346622453246179 0.13604245776545093 0.13668290944452863
41 0.3316727471574026 0.220020566747758 0.134388952503779 0.13511131908544902
32 0.39630366553090174 0.26966149756411306 0.1425654735504663 0.14140677088084716
27 0.4615793260118931 0.31695413320092836 0.13264444198043535 0.1319772287263694
33 0.5262557470162282 0.36737631401728343 0.14091196828879457 0.13983518052176755
16 0.5924946680205634 0.417789404474559 0.135951452503779 0.13512040944452863
9 0.6562988337632266 0.4666536304704539 0.13604245776545093 0.13668290944452863
34 0.7201940047675617 0.5170803564663488 0.1327354472421071 0.1335397287263694
1 0.7881319336644046 0.5698281065645446 0.13769596302712267 0.13825449980360816
34 0.853407594145396 0.61712074220136 0.1344799577654509 0.13667381908544912
21 0.2693995312876824 0.30478645218818157 0.1410029735504664 0.14139768052176754
21 0.3356384522920175 0.355199542645457 0.13934946828879458 0.13982609016268785
40 0.3986613680346808 0.40406831382089176 0.14421897881213824 0.14297836123992677
39 0.46471827851567216 0.4513564042781672 0.13778696828879458 0.13981699980360834
7 0.528704454781679 0.5033456302740621 0.132826452503779 0.1351022287263694
17 0.5948523705243424 0.5521962207313376 0.13925846302712266 0.13826359016268802
28 0.6603555441595134 0.603395106368153 0.14091196828879457 0.13983518052176755
9 0.7249864625330125 0.653036037184508 0.13264444198043535 0.1319772287263694
18 0.7922341466915273 0.7073508324622437 0.13778696828879458 0.13981699980360834
24 0.20560931804879817 0.39034267798768474 0.13604245776545093 0.13668290944452863
8 0.2701947337914614 0.43920235880403985 0.1329174577654509 0.13666472872636942
36 0.33556139953412467 0.48805749444085506 0.13778696828879458 0.13981699980360815
28 0.3995020731692957 0.53926547043675 0.1425654735504663 0.14140677088084708
33 0.4641784941736308 0.5896876512531051 0.14091196828879457 0.13983518052176755
32 0.5296816678088018 0.6408865368899204 0.1425654735504665 0.14140677088084708
14 0.5935768388131369 0.6913132628858153 0.14421897881213824 0.14297836123992677
27 0.660642512448308 0.742503058163551 0.13769596302712267 0.13825449980360832
31 0.7254099387143149 0.7944877389799061 0.13778696828879458 0.13981699980360834