22 0.64609375 0.9015625 0.1359375 0.1375
17 0.5734375 0.84140625 0.1359375 0.1390625
40 0.50234375 0.77578125 0.140625 0.14375
24 0.428125 0.71015625 0.1375 0.140625
2 0.2765625 0.5796875 0.1421875 0.14375
40 0.19921875 0.51484375 0.1453125 0.146875
17 0.1265625 0.44765625 0.1390625 0.140625
29 0.0640625 0.38125 0.1171875 0.140625
13 0.73515625 0.803125 0.1390625 0.1421875
36 0.66171875 0.740625 0.1421875 0.14375
11 0.5890625 0.67421875 0.1359375 0.1390625
37 0.515625 0.6125 0.1375 0.140625
37 0.3625 0.4796875 0.1390625 0.1421875
39 0.28671875 0.41328125 0.1390625 0.1421875
21 0.21328125 0.3453125 0.1375 0.140625
27 0.14140625 0.2828125 0.1375 0.140625
22 0.8234375 0.7046875 0.1375 0.140625
7 0.7515625 0.63984375 0.1375 0.140625
38 0.67578125 0.5765625 0.140625 0.14375
9 0.603125 0.51328125 0.1296875 0.1328125
4 0.45 0.37421875 0.1375 0.140625
27 0.37578125 0.3109375 0.1359375 0.1375
24 0.30234375 0.24453125 0.128125 0.1328125
8 0.228125 0.1796875 0.14375 0.146875
29 0.909375 0.60390625 0.140625 0.14375
28 0.83671875 0.540625 0.14375 0.146875
33 0.7640625 0.4765625 0.1390625 0.1421875
2 0.6890625 0.4109375 0.14375 0.1453125
23 0.5375 0.27578125 0.14375 0.146875
36 0.465625 0.20859375 0.1390625 0.1421875
27 0.38984375 0.14375 0.140625 0.14375
8 0.3171875 0.0796875 0.1375 0.140625