38 0.7788658642649888 0.16812355325461642 0.14919199980360814 0.13746677973732643
27 0.6466664426220159 0.13229783864615238 0.14444995764913066 0.12784611827193718
23 0.5144761113381227 0.09803462403768837 0.14919199980360834 0.13746677973732643
7 0.38545168667008756 0.07096643373948383 0.1364920119038567 0.10243668249628843
28 0.7630141261688456 0.26257623812575404 0.14762949980360815 0.13738489258219672
27 0.6331629997054125 0.2276546042499846 0.1491738190854491 0.13434177973732647
19 0.49940562324197924 0.19252825248639086 0.13819995764913068 0.1275185696514182
28 0.3656437015990064 0.15662065072279707 0.15076359016268787 0.1391111668924562
17 0.3474527586824029 0.25173175486124 0.13977154800821018 0.12916295680654793
1 0.4796339996072165 0.2844324694697041 0.1429056383672897 0.13088923111680745
34 0.6134095567888089 0.32268382123329786 0.14132495764913067 0.1276823439616777
26 0.741698183252242 0.3575235679539375 0.1506908672900508 0.12661116689245625
7 0.7273953096174793 0.44971438998020485 0.1444772287263696 0.13253361827193721
8 0.5920845235131258 0.4160686510614813 0.15231699980360816 0.1376305540475858
4 0.45831805669061304 0.37937979929788757 0.14447722872636942 0.13253361827193721
1 0.3316010205862595 0.34618443973237767 0.13977154800821018 0.12916295680654793
24 0.706878797419035 0.5478276633859532 0.14444995764913066 0.1278461182719372
17 0.5762236950579028 0.5089588359326189 0.14603972872636942 0.13261550542706696
1 0.44714927341492994 0.4732968956344144 0.14604881908544892 0.13417800542706698
32 0.3165305324901162 0.44067806818108013 0.14763859016268785 0.13894739258219674
28 0.6910134237842722 0.6399365982570908 0.15231699980360833 0.1376305540475858
9 0.5595861617822198 0.6025893272261916 0.14918290944452864 0.1359042797373263
16 0.4281588997801672 0.5652420561952926 0.14292381908544893 0.13401423111680746
14 0.29596856849627384 0.5309788415868285 0.144486319085449 0.1340961182719372
39 0.6751662308676687 0.7351705331282284 0.14762949980360834 0.13738489258219672
41 0.5406094236860763 0.6968782377870697 0.1476113190854491 0.13425989258219673
38 0.41152591168402386 0.6596537974888653 0.14918290944452864 0.1359042797373263
36 0.28012592075921017 0.6269940264579661 0.14920109016268784 0.13902927973732632
39 0.6554082427715254 0.8294185001115416 0.15231699980360816 0.13763055404758617
13 0.5232042759490128 0.7928115355030776 0.14762949980360815 0.13738489258219672
31 0.39334860430603974 0.7571086516273082 0.1491738190854491 0.1343417797373263
33 0.26348838748352704 0.7206245177515388 0.15076359016268787 0.13911116689245623
18 0.6387570739572229 0.9207052414051144 0.14762949980360815 0.13738489258219672
29 0.5049996974937898 0.8855788896415205 0.14446813836728972 0.13097111827193722
22 0.3759161854917372 0.8483544493433162 0.1428874576491305 0.1277642311168073
40 0.2452838090283041 0.8133918718899817 0.14921018052176746 0.1405917797373263