9 0.88984375 0.73828125 0.0984375 0.1640625
33 0.8171875 0.75390625 0.1015625 0.1703125
13 0.7453125 0.7734375 0.1046875 0.171875
31 0.67265625 0.79453125 0.1078125 0.175
11 0.6 0.81171875 0.1015625 0.1671875
14 0.52578125 0.83203125 0.103125 0.16875
36 0.453125 0.846875 0.109375 0.171875
22 0.3796875 0.86484375 0.10625 0.171875
13 0.30546875 0.88359375 0.1140625 0.178125
24 0.84140625 0.55703125 0.1015625 0.1640625
12 0.76953125 0.575 0.1015625 0.1671875
19 0.69609375 0.59453125 0.1 0.1703125
19 0.62109375 0.61015625 0.1 0.1609375
28 0.54765625 0.62890625 0.10625 0.171875
37 0.47578125 0.64765625 0.10625 0.1765625
8 0.4 0.66484375 0.1046875 0.1796875
14 0.32578125 0.68359375 0.1046875 0.1765625
36 0.25390625 0.70078125 0.10625 0.175
37 0.7921875 0.375 0.103125 0.1734375
29 0.7203125 0.39375 0.10625 0.1765625
33 0.64609375 0.4125 0.1125 0.18125
12 0.57265625 0.4296875 0.10625 0.1796875
32 0.496875 0.4453125 0.1125 0.178125
12 0.4234375 0.46328125 0.103125 0.1734375
29 0.34921875 0.48125 0.1078125 0.178125
24 0.27265625 0.496875 0.1078125 0.178125
40 0.2015625 0.51796875 0.1078125 0.175
7 0.74453125 0.1890625 0.1 0.1671875
38 0.66953125 0.2078125 0.109375 0.18125
21 0.59609375 0.2265625 0.10625 0.1796875
37 0.52109375 0.24453125 0.10625 0.1796875
16 0.44921875 0.2671875 0.10625 0.1765625
8 0.37109375 0.28046875 0.109375 0.1828125
23 0.29765625 0.2953125 0.1125 0.184375
31 0.22109375 0.31328125 0.1078125 0.175
34 0.14609375 0.3296875 0.10625 0.175