11 0.6075391702278763 0.8477355401190498 0.11630681043863902 0.0960615228654909
8 0.6328129150367916 0.7709175797747637 0.12135833148532633 0.1024752139724832
31 0.6573964151073788 0.6956894012816428 0.12264781570031094 0.09784227767481415
24 0.6805084204396378 0.6220782864908528 0.11290879465362344 0.09126489546082901
24 0.7026571652485532 0.5453694535512282 0.11492632096198285 0.09913195916315978
24 0.7279764126883043 0.469332743206942 0.11639781570031094 0.09762402286549073
18 0.7524234048663837 0.3917608147138212 0.11805132096198286 0.09924108656782157
2 0.7754444049369709 0.3165871999230312 0.11823333148532651 0.10236608656782167
6 0.7996638839608706 0.2351090214299104 0.11639781570031094 0.09762402286549073
41 0.5020935360552441 0.8114929944728864 0.11474431043863902 0.09600695916315978
32 0.5258957861258312 0.736292097830931 0.1197958314853265 0.10242065027015243
27 0.5513060388272544 0.6618178874866447 0.11309080517696728 0.09438989546082902
33 0.5742815362670056 0.5858630226958548 0.1197958314853265 0.10242065027015243
16 0.5980382837067568 0.5098808760538993 0.11492632096198285 0.09913195916315978
9 0.621840533777344 0.4346799794119439 0.11796031570031093 0.09767858656782166
34 0.6448160312170952 0.358725114621154 0.11318181043863902 0.09595239546082901
1 0.6691265155026669 0.2788094361280331 0.11648882096198285 0.09918652286549072
34 0.6945822708349259 0.20511647578374684 0.11777830517696727 0.09455358656782167
21 0.3998639071442838 0.7767038214220612 0.12126732622365459 0.10091271397248339
21 0.4243564019531991 0.6999131429289404 0.1197048262236546 0.10085815027015244
40 0.4474229046546222 0.6255207781381504 0.12135833148532651 0.1024752139724832
39 0.4720519073560453 0.5510738496450295 0.1197048262236546 0.10085815027015244
7 0.4934194021649606 0.4743922985565704 0.11456229991529536 0.09288195916315996
17 0.5187386496047118 0.3983555882122841 0.11657982622365459 0.10074902286549073
28 0.5424498944136271 0.3215921915703287 0.11979583148532633 0.10242065027015243
9 0.5654253918533784 0.24563732677953878 0.11309080517696728 0.09438989546082902
18 0.58895462613895 0.16574893013758335 0.11961382096198285 0.09929565027015248
24 0.29529052823332347 0.7419964939247322 0.11474431043863911 0.09600695916315996
8 0.31987402830391065 0.6667683154316114 0.11934080517696728 0.09460815027015243
36 0.3436762783744978 0.591567418789656 0.12117632096198286 0.09935021397248338
28 0.36582502318341314 0.5148585858500314 0.1197958314853265 0.10242065027015243
33 0.3895817706231644 0.438876439208076 0.11814232622365459 0.10080358656782167
32 0.4117305154320797 0.36216760626845146 0.12301183674699842 0.10409227767481424
14 0.43470601287183097 0.2862127414776615 0.12135833148532651 0.10247521397248338
27 0.4591075024190744 0.2078595629845407 0.11648882096198285 0.09918652286549072
31 0.4819919945971538 0.13034219819375067 0.12108531570031093 0.09778771397248334