27 0.8098003065176732 0.5571298240554187 0.19157317021222225 0.17609084308955403
11 0.7539308598043051 0.6075929114876321 0.19480727298576409 0.18079652380771344
26 0.6927199496600689 0.6525554326630668 0.18997430262104195 0.1745192527304745
14 0.6337982381290619 0.699875339377121 0.1948072729857639 0.18079652380771344
31 0.5756032252112842 0.7495435412707149 0.19160953780340292 0.17765334308955402
39 0.5174445798846868 0.7976492431643087 0.19480727298576409 0.18079652380771344
21 0.45928593455808964 0.8457549450579028 0.18677656743868062 0.1713760720123151
16 0.39736650959621456 0.8875879210537978 0.1883754350298613 0.17294766237139497
17 0.33953517259024235 0.9216311229473917 0.19106402393569458 0.15421584308955402
32 0.701336455928333 0.416636113381226 0.20436411094166687 0.18866356596219108
21 0.641633494397326 0.4639514749157404 0.2012027433504862 0.18708288524403188
17 0.581930532866319 0.5112668364502546 0.19160953780340292 0.17765334308955402
17 0.5237537037441314 0.5601537883438488 0.18997430262104179 0.1745192527304745
6 0.4633240435998953 0.6051208546988232 0.19960387575930572 0.18551129488495235
14 0.40509266309093694 0.6563515565924172 0.19160953780340292 0.17765334308955402
27 0.34540788535552025 0.7028856681269315 0.19636977298576408 0.18080561416679294
39 0.2826344752112841 0.7478390989432866 0.1883754350298613 0.17294766237139497
23 0.2236582122935063 0.7975027556573406 0.2011663757593057 0.18552038524403186
16 0.5922186419081248 0.27066910752749357 0.1932084053945836 0.17922493344863372
12 0.5325338641727081 0.31720321906200794 0.19956750816812524 0.18394879488495217
2 0.47195873366374974 0.36842028541698246 0.20436411094166687 0.18866356596219108
23 0.41063872074597185 0.41807030659241723 0.19956750816812524 0.18394879488495236
13 0.35253462680614545 0.4638322584860111 0.19640614057694455 0.18236811416679294
36 0.2935401800927774 0.5142771652000653 0.2027652433504863 0.1870919756031114
2 0.22993096856177037 0.5615698008368806 0.19644250816812514 0.18393061416679296
41 0.17091833805281198 0.6127959575509347 0.19480727298576403 0.18079652380771344
38 0.11050686170416613 0.6569817739059092 0.20436411094166682 0.18866356596219092
2 0.480720710296736 0.1262509661351417 0.20596297853284734 0.1902351563212707
26 0.41633024876572905 0.17353905659241717 0.20596297853284734 0.1902351563212707
3 0.35660910343913177 0.2216356681269315 0.21708231648875015 0.19811128883482798
26 0.29917715672576367 0.2720896652000652 0.2027652433504863 0.1870919756031114
34 0.24016452621680529 0.32331582191411934 0.20436411094166687 0.18866356596219108
4 0.17728201329902746 0.3729567527304745 0.2027652433504863 0.1870919756031114
7 0.11601655176802048 0.42026302390590925 0.19956750816812519 0.18394879488495217
6 0.07683133767156233 0.4684414486721401 0.15366267534312467 0.17750789734428024
24 0.0457261548259026 0.5182641866700876 0.0914523096518052 0.16777837334017515