3 0.7328125 0.11852108399396255 0.1875 0.11795569279472176
3 0.55 0.17462163446881623 0.1875 0.11639319279472175
3 0.3703125 0.22985000673042455 0.1875 0.11639319279472175
3 0.1875 0.28595055720527823 0.190625 0.118046621007967
8 0.7546875 0.19288458650124501 0.190625 0.1180466210079671
8 0.5703125 0.24824935108272142 0.184375 0.11317726458147633
8 0.3921875 0.30343225923770706 0.1859375 0.11478522868809904
8 0.21171875 0.35868336355262664 0.1875 0.11639319279472175
13 0.77421875 0.2673162851684615 0.1875 0.11795569279472176
13 0.5953125 0.3225219253767585 0.190625 0.1211716210079671
13 0.4125 0.3778412258516122 0.1875 0.12108069279472175
13 0.23046875 0.4331377942731545 0.1875 0.11795569279472176
18 0.7953125 0.3432650197290553 0.184375 0.11786476458147632
18 0.615625 0.3969308919906636 0.178125 0.11299540815498563
18 0.43359375 0.452227460412206 0.1828125 0.1146943004748536
18 0.2546875 0.506651850620503 0.1796875 0.11304087226160817
23 0.81484375 0.41535296839627184 0.190625 0.11804662100796719
23 0.6359375 0.47133985860456884 0.1828125 0.1146943004748536
23 0.45625 0.5242244808661771 0.178125 0.11143290815498563
23 0.2765625 0.5794528531277854 0.178125 0.11299540815498563
28 0.8359375 0.4881767029568656 0.1859375 0.11478522868809904
28 0.65703125 0.5433823431651625 0.178125 0.11143290815498563
28 0.48046875 0.5969572872135256 0.1796875 0.11304087226160817
28 0.3015625 0.6506004274218226 0.18125 0.11621133636823089
33 0.85703125 0.5602191875174594 0.1828125 0.1146943004748536
33 0.67890625 0.6154020956724451 0.1796875 0.11304087226160835
33 0.50078125 0.6690225038274307 0.175 0.10977947994174038
33 0.32265625 0.7234241619824163 0.175 0.1097794799417402
38 0.87734375 0.6307219041313645 0.1859375 0.11478522868809904
38 0.7 0.6882258302330388 0.175 0.10977947994174038
38 0.51953125 0.7419144345479586 0.18125 0.11308633636823089
38 0.34296875 0.7970518785963214 0.1765625 0.11294994404836309
41 0.896875 0.700466102798581 0.178125 0.10987040815498564
41 0.71796875 0.7572342430068779 0.1734375 0.10348401583511765
41 0.54375 0.812303490895307 0.178125 0.10830790815498545
41 0.36640625 0.8659011669969813 0.171875 0.10656355172849494