7 0.19609375 0.22578125 0.0640625 0.1625
37 0.27265625 0.22109375 0.0671875 0.171875
31 0.35390625 0.21875 0.06875 0.171875
23 0.4328125 0.2140625 0.0703125 0.16875
13 0.51171875 0.21328125 0.06875 0.1671875
21 0.5921875 0.21015625 0.065625 0.1625
14 0.67109375 0.209375 0.0671875 0.165625
41 0.75078125 0.20859375 0.065625 0.1671875
36 0.8296875 0.20390625 0.06875 0.16875
22 0.19609375 0.41953125 0.065625 0.1703125
40 0.27421875 0.415625 0.071875 0.1640625
12 0.35390625 0.41328125 0.06875 0.1734375
17 0.43203125 0.409375 0.06875 0.165625
26 0.5125 0.4046875 0.0671875 0.1734375
29 0.59296875 0.40625 0.0671875 0.1671875
2 0.67421875 0.40390625 0.071875 0.16875
22 0.7546875 0.4 0.0671875 0.1703125
19 0.8328125 0.39765625 0.065625 0.165625
28 0.19609375 0.6125 0.06875 0.1765625
9 0.2734375 0.609375 0.0625 0.1703125
6 0.35625 0.609375 0.065625 0.1671875
13 0.4359375 0.603125 0.0703125 0.1828125
16 0.51484375 0.603125 0.0703125 0.1734375
32 0.59609375 0.5953125 0.0703125 0.1765625
40 0.67734375 0.596875 0.0734375 0.171875
19 0.75625 0.5953125 0.065625 0.1671875
3 0.83671875 0.59375 0.0703125 0.16875
11 0.19765625 0.80859375 0.0671875 0.1828125
37 0.275 0.80703125 0.06875 0.1796875
34 0.35546875 0.803125 0.06875 0.178125
26 0.43671875 0.79921875 0.06875 0.1828125
39 0.51640625 0.796875 0.0734375 0.18125
14 0.5984375 0.7984375 0.0703125 0.171875
4 0.6796875 0.7984375 0.0703125 0.165625
8 0.759375 0.78984375 0.071875 0.1734375
13 0.8390625 0.78984375 0.0703125 0.1671875