19 0.14453125 0.7359375 0.13125 0.065625
2 0.14140625 0.678125 0.1328125 0.06875
34 0.13828125 0.61953125 0.1234375 0.0640625
29 0.13828125 0.56015625 0.13125 0.0671875
17 0.13671875 0.50234375 0.1265625 0.0671875
40 0.13515625 0.44453125 0.128125 0.0703125
37 0.28671875 0.73359375 0.1328125 0.0640625
1 0.7782378203125 0.9325579390625001 0.7852312046875001 0.8835861843749999 0.657096475 0.8863250359375 0.654569865625 0.9316601296875 0.7782378203125 0.9325579390625001
11 0.7830820859375 0.8706093546875 0.7838637765625001 0.82098460625 0.65576946875 0.824592175 0.6548260953125 0.8707420546875 0.7830820859375 0.8706093546875
21 0.784840715625 0.8087686328125001 0.787246065625 0.7608273890625 0.6606137328125 0.762643590625 0.6598320421875 0.8122683390625 0.784840715625 0.8087686328125001
26 0.7682472078125 0.751049953125 0.775159753125 0.7003407625 0.642477409375 0.7049788421875001 0.6447005140625001 0.75275829375 0.7682472078125 0.751049953125
26 0.771669915625 0.6917614515625 0.76928513125 0.6405071312499999 0.6473216749999999 0.6430302578125 0.6464995625000001 0.6917862890625 0.771669915625 0.6917614515625
8 0.7717644671875 0.627368509375 0.7769252359375 0.6054348515625 0.7727078390625 0.58121863125 0.64607550625 0.5830348328125 0.6442024734375 0.6092042156249999 0.6468366343749999 0.63260565 0.7717644671875 0.627368509375
18 0.7768916703125 0.571500946875 0.7714212515625001 0.5203544875 0.64491018125 0.5247768421875 0.6440476484375 0.5726641546875 0.7768916703125 0.571500946875
23 0.7022506749999999 0.46186331562499994 0.6469113296875 0.46814842343749996 0.6475916171875 0.51598180625 0.7773095828125001 0.514057740625 0.776386775 0.46101205468749995 0.7022506749999999 0.46186331562499994
28 0.773938959375 0.4526863625 0.77259619375 0.401685659375 0.6430264328125 0.40679502031250003 0.6442883578124999 0.45605828906249996 0.773938959375 0.4526863625
33 0.761673159375 0.3440588046875 0.63194171875 0.34569329843749996 0.6332036453125001 0.394956565625 0.758820903125 0.3934658890625 0.761673159375 0.3440588046875
41 0.7551246328125 0.3361665015625 0.757869103125 0.2844428375 0.630194753125 0.286005421875 0.6284518828125 0.3371139890625 0.7551246328125 0.3361665015625
4 0.780968903125 0.22736693125000002 0.6595197203125001 0.2298720828125 0.6544756406250001 0.27645535 0.7801467921875 0.2761229640625 0.780968903125 0.22736693125000002
9 0.7804391109375 0.171697115625 0.6599376312499999 0.1724288765625 0.6610648234375 0.21879642187499998 0.778426771875 0.21701423281249999 0.7804391109375 0.171697115625
18 0.7872306328125 0.0519618234375 0.664429540625 0.047553190625000005 0.65822218125 0.0912766875 0.777991528125 0.096951475 0.7872306328125 0.0519618234375