39 0.1046875 0.23515625 0.0859375 0.121875
26 0.203125 0.2328125 0.078125 0.11875
29 0.30390625 0.23125 0.0875 0.1171875
21 0.403125 0.23046875 0.084375 0.1203125
24 0.5015625 0.22890625 0.084375 0.1203125
28 0.6 0.22734375 0.0875 0.121875
41 0.6984375 0.2265625 0.08125 0.1203125
24 0.79765625 0.2265625 0.08125 0.1125
32 0.896875 0.22421875 0.0828125 0.121875
12 0.896875 0.36171875 0.08125 0.1203125
19 0.796875 0.3609375 0.08125 0.1140625
8 0.7 0.3640625 0.0828125 0.121875
1 0.60234375 0.36640625 0.075 0.1125
23 0.50234375 0.3640625 0.084375 0.11875
34 0.40078125 0.36640625 0.0796875 0.1171875
11 0.30546875 0.365625 0.084375 0.1140625
38 0.2078125 0.36796875 0.0859375 0.11875
22 0.10859375 0.3703125 0.0828125 0.1171875
32 0.1125 0.50703125 0.0859375 0.11875
8 0.209375 0.503125 0.0828125 0.1203125
2 0.30625 0.503125 0.0859375 0.1171875
13 0.40625 0.50078125 0.0875 0.1171875
34 0.50234375 0.50078125 0.0828125 0.1171875
36 0.60078125 0.49765625 0.0859375 0.115625
4 0.7 0.496875 0.0828125 0.1171875
3 0.79765625 0.49765625 0.0875 0.1203125
31 0.8953125 0.5 0.0796875 0.1203125
28 0.11640625 0.63671875 0.084375 0.11875
1 0.2125 0.634375 0.0875 0.1171875
1 0.3109375 0.63515625 0.0796875 0.1109375
40 0.40859375 0.6359375 0.0875 0.1140625
18 0.50625 0.6328125 0.08125 0.11875
19 0.603125 0.63125 0.075 0.1125
14 0.70078125 0.63203125 0.0796875 0.103125
16 0.7984375 0.63046875 0.0796875 0.1109375
24 0.8953125 0.63125 0.071875 0.10625