6 0.36174404678544914 0.8852294239901033 0.18185107869190792 0.19116587226160817
37 0.4228542694541308 0.9018462741483877 0.18185107869190792 0.19116587226160817
17 0.48089403612344883 0.9149329870346229 0.17867153469127164 0.17013402593075427
37 0.541113920790858 0.9212541890337981 0.1816692653564534 0.1574916219324038
9 0.6036684647914943 0.9268282391129403 0.18468517735518084 0.14634352177411927
4 0.32463330342931374 0.7162377315910928 0.18659312269254427 0.19598976458147632
26 0.3849622760979955 0.7328318496960662 0.1881738040260897 0.19759772868809905
34 0.44451908943345 0.750184485747728 0.178689716024817 0.1879499440483631
33 0.5041122654359953 0.77066212179939 0.1850124413589988 0.1943818004748538
8 0.5667577161043589 0.7849806860642972 0.18817380402608955 0.19759772868809905
36 0.2598846246817266 0.11846180964605373 0.16767949069063529 0.18138169530200415
36 0.30851302868395375 0.13627744695135685 0.19449652936027154 0.20402958511458982
36 0.37043177335295363 0.15526077916295272 0.19291584802672598 0.2024216210079671
39 0.43081529002227176 0.17654239726792595 0.18975448535963507 0.19920569279472175
39 0.4927158533577261 0.19396322947952188 0.18659312269254436 0.19598976458147638
3 0.555415848026726 0.2129692937444291 0.20081925469445316 0.2104614415410805
3 0.6188516393618624 0.2280918400626477 0.19449652936027134 0.20402958511458974
3 0.6799891340308623 0.24705244022093228 0.1960772106938169 0.20563754922121244
18 0.7426254940324531 0.2605897544858395 0.18975448535963507 0.19920569279472175
18 0.8029908293682256 0.2803088725908127 0.19133516669318062 0.20081365690134448
28 0.8679800300365892 0.294695633015654 0.19449652936027134 0.20402958511458982
24 0.3029775741167674 0.8686807699917527 0.17551017202418073 0.18317151583511765
33 0.9183238333465903 0.3134061805875138 0.16335233330681936 0.18763169530200424
38 0.9482022373488175 0.33770749861334476 0.10359552530236513 0.16715405925034235