24 0.7952996128922116 0.14152129938295227 0.1684682001845701 0.06970448770335987
9 0.8056246460502037 0.21727073312617362 0.16670544108527138 0.06657039734428025
12 0.8151684292081957 0.29302471204893477 0.17658108883351814 0.07443743949875792
28 0.826374841915837 0.3703321006126163 0.1717934592838688 0.07284766842151909
1 0.8327936250738291 0.44610426025353667 0.1684682001845701 0.06970448770335977
36 0.8408249730066458 0.5226485795353775 0.1684682001845701 0.06970448770335977
21 0.8488563209394627 0.5991928988172182 0.1700307001845701 0.06971357806243947
38 0.858199844998156 0.6718218777399794 0.1731557001845701 0.0697317587805987
39 0.8631061929309729 0.7483843777399793 0.1573304410852714 0.06651585518980259
7 0.6104437515411595 0.147286006933887 0.17159320018457008 0.06972266842151909
28 0.6207687846991515 0.22303544067710832 0.16680557063492074 0.06813289734428025
21 0.6311438826319683 0.2995661244203297 0.17159320018457008 0.06972266842151917
23 0.6383439157899604 0.37533373888171023 0.17169332973421944 0.07128516842151918
40 0.6473067080472511 0.45421726298401116 0.1671059592838688 0.07282039734428025
33 0.6575816764304185 0.5291854467272324 0.17169332973421944 0.07128516842151918
17 0.6648317743632353 0.6057343111886132 0.16856832973421945 0.07126698770335978
14 0.6735442427464026 0.680711585290914 0.1698304410852714 0.06658857806243948
17 0.6815255259043947 0.7564746545727548 0.16368057063492075 0.06811471662612104
16 0.4232441401901075 0.15306435002344113 0.16993057063492073 0.06815107806243947
18 0.4374754233480996 0.22879105786896342 0.1747182001845701 0.0697408491396783
8 0.4448256508305656 0.306902422330344 0.17169332973421944 0.07128516842151908
29 0.4544194987633823 0.38343765125310514 0.1762807001845701 0.06974993949875792
8 0.46166959669619906 0.4599865157144857 0.1778432001845701 0.06975902985783762
39 0.46965087985419113 0.5357495849963264 0.1698304410852714 0.06658857806243948
19 0.48065703346253386 0.609931973560008 0.17481832973421946 0.0713033491396784
39 0.4885882518457013 0.6849137928418487 0.1669057001845701 0.06969539734428025
24 0.49427584977851796 0.761471747662309 0.16524307063492075 0.06812380698520074
1 0.23833821406423078 0.1580478075743758 0.1697303115356222 0.06502607806243947
6 0.24720087677187214 0.23536883167667674 0.17159320018457008 0.06972266842151917
4 0.2591885394795136 0.3126716750608185 0.1731557001845701 0.0697317587805987
37 0.2680011374123303 0.38921144916311945 0.17461807063492082 0.06817834913967831
31 0.2776450501199717 0.46652792808588056 0.17013082973421945 0.07127607806243948
23 0.2864075832779638 0.5422864521881815 0.1778432001845701 0.06975902985783762
22 0.29438886643595585 0.6180495214700222 0.17149307063492084 0.06816016842151917
2 0.3001765939184219 0.6961699762904825 0.17169332973421944 0.07128516842151918
26 0.31113268275193995 0.7695711148541641 0.1653432001845701 0.06968630698520073