14 0.8421875 0.7703125 0.0953125 0.1453125
41 0.78359375 0.79296875 0.096875 0.153125
39 0.7234375 0.8046875 0.09375 0.1453125
40 0.66171875 0.8140625 0.096875 0.1515625
1 0.82109375 0.1546875 0.09375 0.15
11 0.759375 0.171875 0.096875 0.1578125
21 0.6953125 0.1828125 0.09375 0.1515625
21 0.63515625 0.203125 0.096875 0.1578125
26 0.575 0.21484375 0.090625 0.1515625
17 0.51015625 0.21484375 0.0953125 0.153125
22 0.45078125 0.2296875 0.09375 0.153125
28 0.3875 0.23359375 0.09375 0.153125
33 0.32578125 0.23984375 0.0953125 0.1515625
4 0.26640625 0.253125 0.090625 0.1453125
27 0.165625 0.2828125 0.090625 0.1484375