1 0.9068516991286492 0.6306920825611064 0.08590757485477489 0.10283731252120454
1 0.8365563157540377 0.6118577478073833 0.08590757485477489 0.10283731252120454
1 0.7640991188971908 0.5968478175001639 0.08590757485477489 0.10283731252120454
6 0.6902784751834972 0.5693106053417791 0.08910534946188076 0.10450893992586625
6 0.619056292594674 0.5473239887368907 0.08903257485477489 0.10294643992586608
6 0.5456359092200624 0.5283805265785059 0.08583480024766885 0.10127481252120454
11 0.4728876139347921 0.5071205962712865 0.08768839867609249 0.1075793762235353
11 0.3997583289886041 0.49442713411290173 0.08285534946188075 0.10429068511654264
11 0.326119621792675 0.47079617195451695 0.08598034946188075 0.10439981252120453
16 0.248266449542934 0.4571577686891395 0.08768839867609249 0.1075793762235353
16 0.17573647807898127 0.44058533838192016 0.08768839867609249 0.1075793762235353
16 0.09813801695411078 0.4324156851165428 0.08278257485477487 0.10272818511654265