3 0.5733832683173656 0.09514103562200221 0.12801653663473136 0.12499760487264704
8 0.5181468916776855 0.15544867751015268 0.1280984237898611 0.12656010487264702
13 0.46196549072774584 0.2125812546234785 0.1248096494796016 0.1232348457733484
18 0.40339939620024123 0.2687823874123303 0.1248096494796016 0.1232348457733484
23 0.346313914517607 0.3235211497508314 0.12308337516934209 0.12000971622369905
28 0.2902144007227971 0.38221622686415724 0.12801653663473136 0.12499760487264702
33 0.23341552408311692 0.4424237392026583 0.12801653663473136 0.12499760487264702
38 0.17345070386587186 0.5016497424418608 0.12480964947960164 0.12323484577334831
41 0.1222024643813214 0.5637702082041345 0.12472776232447189 0.12167234577334832
2 0.7081853934867078 0.2159017234680712 0.12801653663473153 0.12499760487264702
7 0.6544705732694627 0.275528244905871 0.12472776232447202 0.1216723457733484
12 0.5992341966297826 0.3358358867940215 0.12801653663473136 0.12499760487264702
17 0.5431346828349727 0.3945309639073472 0.12308337516934209 0.12000971622369913
22 0.48703516904016275 0.453226041020673 0.12472776232447184 0.12167234577334832
27 0.4309356552453528 0.5119211181339989 0.1248096494796016 0.12323484577334849
32 0.37397300429541314 0.5690036304725 0.12801653663473136 0.12499760487264702
37 0.31631099050060324 0.6275985780361765 0.12308337516934209 0.12000971622369896
40 0.2570455331282284 0.6853121460502036 0.1280984237898611 0.12656010487264702
1 0.8651458016727368 0.35832666023440607 0.1248096494796016 0.1232348457733484
6 0.8067844250330566 0.41843404302325793 0.1248096494796016 0.12323484577334831
11 0.7507667983933765 0.47869162013658356 0.1248096494796016 0.12323484577334831
16 0.693722260288307 0.5342116324750847 0.1248096494796016 0.12323484577334831
21 0.637622746493497 0.5929067095884106 0.12645403663473137 0.12489747532299766
26 0.5797969583884276 0.648376657152087 0.1248096494796016 0.12323484577334831
31 0.5195864767057933 0.7029151603912895 0.1248096494796016 0.12323484577334831
36 0.45789538217828873 0.7589160340808428 0.1280984237898611 0.12656010487264702
31 0.39875275553860856 0.81897335209487 0.1280984237898611 0.12656010487264702
4 0.9687272854473068 0.5043982287098585 0.06254542910538632 0.11780686613141392
9 0.9398348631835546 0.5617007865448529 0.1203302736328908 0.11990958667404979
14 0.8850709565794054 0.6196646784330033 0.1248096494796016 0.12323484577334831
19 0.8272861120519007 0.6759158759966798 0.12472776232447202 0.12167234577334832
29 0.7704462918346557 0.735342138335181 0.1248096494796016 0.12323484577334831
34 0.715827390884716 0.7925748449981561 0.12143898801421252 0.11834708667404978
24 0.6543819578226007 0.8532632186877092 0.12308337516934209 0.12000971622369931