29 0.49453125 0.11171875 0.1875 0.159375
32 0.540625 0.171875 0.19375 0.165625
41 0.58515625 0.234375 0.1859375 0.1578125
1 0.62890625 0.29765625 0.1828125 0.15625
9 0.67265625 0.36171875 0.1859375 0.1578125
11 0.71484375 0.4234375 0.1859375 0.159375
36 0.75625 0.48828125 0.1859375 0.1578125
9 0.796875 0.55078125 0.1828125 0.1546875
32 0.84140625 0.6125 0.1953125 0.1671875
33 0.3359375 0.22578125 0.1984375 0.16875
24 0.37890625 0.2921875 0.190625 0.1625
27 0.42421875 0.353125 0.1953125 0.1671875
12 0.46953125 0.4171875 0.19375 0.165625
4 0.51015625 0.48046875 0.1890625 0.1609375
3 0.55390625 0.54296875 0.1953125 0.1671875
2 0.59765625 0.60546875 0.1921875 0.165625
38 0.63828125 0.6703125 0.190625 0.1625
7 0.68125 0.73359375 0.1859375 0.159375
18 0.17265625 0.34765625 0.1953125 0.165625
7 0.215625 0.4109375 0.19375 0.1640625
33 0.26015625 0.47265625 0.190625 0.1625
17 0.30390625 0.5359375 0.1859375 0.159375
11 0.34765625 0.6 0.190625 0.1625
18 0.39140625 0.66328125 0.19375 0.165625
41 0.43671875 0.72421875 0.190625 0.1625
31 0.47734375 0.790625 0.1875 0.159375
3 0.51875 0.85625 0.1921875 0.1640625
38 0.05078125 0.46796875 0.1015625 0.1671875
34 0.075 0.5296875 0.15 0.1640625
21 0.09765625 0.59140625 0.1953125 0.165625
27 0.1421875 0.65703125 0.196875 0.16875
32 0.184375 0.7234375 0.1984375 0.1703125
34 0.22890625 0.78359375 0.1921875 0.1640625
19 0.27265625 0.84921875 0.1859375 0.1578125
14 0.31484375 0.91171875 0.1875 0.159375
24 0.3625 0.94765625 0.18125 0.1046875