16 0.4951570387963712 0.14606653438305414 0.19696123119538153 0.17077383538669527
28 0.4435323543149196 0.19577386850380507 0.19852373119538153 0.1708283990890261
22 0.39268891983346815 0.24550848447572138 0.20017715940862688 0.17400796279135697
8 0.343430717405328 0.29607891414996856 0.2017396594086268 0.17406252649368784
36 0.29343672908381047 0.3481845619730503 0.20173965940862687 0.17406252649368792
13 0.2457637587089816 0.3995908053496284 0.20178512351524952 0.17562502649368775
8 0.1982044486007095 0.45490329872620644 0.20178512351524955 0.17562502649368775
16 0.14975022822588063 0.506282260251619 0.19852373119538153 0.1708283990890262
29 0.10678748990436313 0.5586334447351897 0.18620558762187223 0.17664188947037934
31 0.626737310899695 0.26929075797418434 0.2017396594086268 0.17406252649368784
23 0.5798228584715548 0.31994303320192785 0.20656355172849494 0.1789137176006804
37 0.5281981739901033 0.3696503673226787 0.2017396594086268 0.17406252649368792
26 0.4798121497752085 0.4233730788480913 0.2017396594086268 0.17406252649368792
37 0.4282329294003796 0.47464291296884226 0.2017396594086268 0.17406252649368775
18 0.37736676286561677 0.5235962789407586 0.20334762351524951 0.1756795901960187
14 0.33052050659741056 0.576592304168502 0.19856919530200418 0.17239089908902622
13 0.28133050032920437 0.6295064838427492 0.20334762351524951 0.1756795901960187
32 0.23285354790106422 0.6801041953681619 0.20173965940862687 0.17406252649368775
26 0.7614653150563301 0.39340535896997625 0.2049101235152495 0.17573415389834945
16 0.7114485946815012 0.444729756793058 0.19696123119538136 0.17077383538669527
4 0.662971642253361 0.4953274683184706 0.2017396594086268 0.17406252649368775
19 0.6129549218785322 0.5466518661415524 0.2001316953020041 0.17244546279135697
41 0.5645007015037035 0.598030827666965 0.2017396594086268 0.17406252649368775
39 0.5136799990755632 0.6485466936388813 0.19852373119538136 0.1708283990890262
11 0.46683374280735707 0.7015427188666248 0.2017396594086268 0.17406252649368775
29 0.41844771859246216 0.7552654303920374 0.20973401583511767 0.1805853450053423
21 0.369257712324256 0.8081796100662846 0.20173965940862698 0.17406252649368775
7 0.8996148697543258 0.5176563692215952 0.2007702604913483 0.17406252649368775
12 0.8469805808914476 0.5696528896400153 0.20173965940862715 0.17406252649368775
40 0.8001343246232416 0.6226489148677588 0.21294994404836273 0.18381947241000382
26 0.74772839014179 0.6723289671373442 0.2017396594086268 0.17406252649368792
21 0.7009048659268953 0.7261062423650877 0.2017396594086268 0.17406252649368775
23 0.649302913498755 0.7765948264858386 0.20973401583511767 0.1805853450053423
18 0.6000674431239261 0.8279465061600858 0.19847826708875882 0.1692658990890262
36 0.553289383015654 0.8832862813878293 0.19852373119538136 0.17082839908902586
36 0.5009289126408252 0.9245573170564508 0.19852373119538153 0.15088536588709828