6 0.88671875 0.6140625 0.146875 0.1140625
37 0.8609375 0.67109375 0.146875 0.1140625
17 0.840625 0.72890625 0.1421875 0.1125
37 0.8140625 0.78515625 0.146875 0.1140625
9 0.784375 0.83984375 0.1484375 0.115625
4 0.7765625 0.4828125 0.1515625 0.115625
26 0.75078125 0.5390625 0.1515625 0.1171875
34 0.7265625 0.59609375 0.1453125 0.1109375
33 0.7046875 0.65390625 0.15 0.115625
8 0.6765625 0.7109375 0.153125 0.115625
36 0.3421875 0.0703125 0.15 0.09375
36 0.325 0.11875 0.15625 0.121875
36 0.30078125 0.17734375 0.15625 0.1203125
39 0.27890625 0.23671875 0.153125 0.11875
39 0.253125 0.2953125 0.15 0.1171875
3 0.228125 0.35546875 0.1625 0.125
3 0.2 0.41328125 0.15625 0.121875
3 0.17578125 0.471875 0.159375 0.121875
18 0.146875 0.528125 0.1546875 0.1171875
18 0.1234375 0.58671875 0.1546875 0.11875
28 0.09375 0.6453125 0.15625 0.121875
24 0.9109375 0.55859375 0.140625 0.109375
33 0.07109375 0.703125 0.1421875 0.115625
38 0.0578125 0.7578125 0.115625 0.11875