29 0.73203125 0.20859375 0.175 0.0859375
32 0.73984375 0.2875 0.18125 0.090625
41 0.74609375 0.3671875 0.175 0.0828125
1 0.75078125 0.446875 0.16875 0.084375
9 0.75703125 0.528125 0.175 0.0828125
11 0.7609375 0.6046875 0.175 0.084375
36 0.76484375 0.684375 0.175 0.0828125
9 0.7671875 0.7625 0.171875 0.0796875
32 0.77265625 0.840625 0.184375 0.0890625
33 0.54296875 0.2109375 0.184375 0.0921875
24 0.546875 0.2921875 0.178125 0.0890625
27 0.5546875 0.371875 0.184375 0.0890625
12 0.56015625 0.453125 0.18125 0.0890625
4 0.56328125 0.53125 0.175 0.0875
3 0.56875 0.61015625 0.18125 0.0921875
2 0.57421875 0.68984375 0.178125 0.0921875
38 0.57578125 0.76953125 0.18125 0.0859375
7 0.58046875 0.8484375 0.175 0.084375
18 0.34765625 0.2171875 0.184375 0.0875
7 0.35234375 0.29609375 0.184375 0.0859375
33 0.35859375 0.37578125 0.18125 0.0859375
17 0.36484375 0.45546875 0.175 0.084375
11 0.36953125 0.53515625 0.178125 0.0890625
18 0.375 0.61484375 0.18125 0.0890625
41 0.38203125 0.69453125 0.178125 0.0890625
31 0.38359375 0.775 0.178125 0.084375
3 0.38515625 0.8546875 0.18125 0.0875
38 0.1484375 0.21953125 0.184375 0.0890625
34 0.16015625 0.3 0.18125 0.0875
21 0.16640625 0.37890625 0.184375 0.0875
27 0.1703125 0.46171875 0.184375 0.090625
32 0.1734375 0.54296875 0.1875 0.090625
34 0.1796875 0.62109375 0.18125 0.0875
19 0.184375 0.7015625 0.175 0.0828125
14 0.1890625 0.7796875 0.178125 0.084375
24 0.19609375 0.8609375 0.175 0.084375