6 0.484375 0.05363616140561404 0.1296875 0.10727232281122807
12 0.5265625 0.12103697965506091 0.1296875 0.12545213112353099
4 0.5671875 0.1992086012308223 0.1265625 0.12365283278320494
34 0.61015625 0.2732963740513391 0.1234375 0.11872853444287887
23 0.696875 0.4300064701072913 0.13125 0.12713303029369402
3 0.7390625 0.5080596925128897 0.134375 0.1304948286340201
7 0.78203125 0.5805849653334065 0.1234375 0.11716603444287887
36 0.821875 0.6541282864942495 0.125 0.11884693361304191
7 0.3734375 0.11232759833103727 0.125 0.1172844336130419
33 0.41953125 0.18695982281122805 0.13125 0.12869553029369402
6 0.46015625 0.26513144438698943 0.1296875 0.12545213112353099
13 0.503125 0.34156296720750623 0.13125 0.12869553029369402
9 0.590625 0.49977636367837697 0.1203125 0.11692923610255299
11 0.63359375 0.5723016364988938 0.13125 0.12557053029369403
24 0.67578125 0.6495736089044921 0.1203125 0.11536673610255299
37 0.71796875 0.7198143313100905 0.1296875 0.12388963112353099
22 0.26875 0.17885409273195987 0.1296875 0.12388963112353099
2 0.3109375 0.25534481513755825 0.1328125 0.13037642946385705
22 0.353125 0.3310542875431566 0.1296875 0.12545213112353099
14 0.39609375 0.40826706036367344 0.125 0.12353443361304191
40 0.48515625 0.5655808076643811 0.1296875 0.128577131123531
38 0.528125 0.6381060804848979 0.1296875 0.127014631123531
29 0.56875 0.7147152020606593 0.1234375 0.12185353444287887
40 0.61171875 0.7864592248811761 0.125 0.12509693361304192
28 0.159375 0.24417328464337157 0.13125 0.12869553029369402
18 0.20234375 0.3229485574638884 0.1265625 0.12209033278320494
1 0.2484375 0.3975807819440792 0.1234375 0.11872853444287887
19 0.29140625 0.47166855476459607 0.125 0.1204094336130419
27 0.3796875 0.6282602516503852 0.125 0.11884693361304191
29 0.421875 0.7055322240559836 0.125 0.1204094336130419
22 0.46484375 0.7772762468765004 0.121875 0.11548513527271567
36 0.50546875 0.8515416184522617 0.1265625 0.12052783278320475