33 0.31328125 0.83125 0.109375 0.0734375
27 0.43359375 0.82890625 0.1078125 0.06875
12 0.5546875 0.82734375 0.1046875 0.0703125
37 0.67421875 0.8265625 0.10625 0.0734375
14 0.3140625 0.74609375 0.103125 0.0765625
38 0.43359375 0.740625 0.1078125 0.075
19 0.55390625 0.73828125 0.1046875 0.0703125
40 0.6703125 0.7375 0.10625 0.075
1 0.31015625 0.6546875 0.1078125 0.0734375
37 0.43203125 0.653125 0.1046875 0.0703125
24 0.55390625 0.6546875 0.1 0.0703125
33 0.66953125 0.65078125 0.10625 0.0703125
34 0.309375 0.5671875 0.1078125 0.0734375
11 0.43203125 0.56328125 0.1125 0.0734375
28 0.55234375 0.56328125 0.1078125 0.078125
14 0.66953125 0.5625 0.10625 0.0734375
27 0.3078125 0.478125 0.109375 0.06875
13 0.43125 0.478125 0.1109375 0.078125
2 0.54921875 0.475 0.1015625 0.078125
29 0.67109375 0.47734375 0.10625 0.075
39 0.30546875 0.390625 0.1078125 0.075
38 0.42734375 0.38671875 0.109375 0.0765625
33 0.55078125 0.3875 0.1046875 0.078125
39 0.6734375 0.3859375 0.1046875 0.075
21 0.30234375 0.30078125 0.109375 0.0765625
18 0.42734375 0.29765625 0.109375 0.075
38 0.55078125 0.29765625 0.1078125 0.0796875
31 0.671875 0.29453125 0.10625 0.0765625
18 0.30234375 0.20703125 0.1078125 0.06875
28 0.42734375 0.20390625 0.109375 0.0765625
18 0.54921875 0.2046875 0.109375 0.0734375
26 0.67265625 0.2046875 0.109375 0.0703125
26 0.303125 0.115625 0.109375 0.0703125
3 0.428125 0.11484375 0.115625 0.078125
9 0.5515625 0.11484375 0.1078125 0.0734375
22 0.67421875 0.1125 0.10625 0.0734375