39 0.12421875 0.17691218566469696 0.175 0.19048613466105585
26 0.22421875 0.19373260871552217 0.16875 0.1840178798517324
29 0.3265625 0.21203368621285112 0.1765625 0.1889781983633867
21 0.4265625 0.23041660926367635 0.1734375 0.187306570958725
24 0.5265625 0.24879953231450158 0.1734375 0.187306570958725
28 0.6265625 0.2664012053653268 0.178125 0.19215776206571755
41 0.7265625 0.284784128416152 0.171875 0.18568950725639413
24 0.8265625 0.30394830146697727 0.1671875 0.17927581614940155
32 0.90546875 0.32853658449926904 0.13125 0.17489585099579194
12 0.90390625 0.4528098982015999 0.171875 0.18568950725639405
19 0.803125 0.4321105070019401 0.1671875 0.18083831614940155
8 0.7046875 0.4167980202487841 0.1734375 0.188869070958725
1 0.60546875 0.3999503153467934 0.159375 0.17431549763774729
23 0.50390625 0.377715705998299 0.1734375 0.187306570958725
34 0.4015625 0.36019587850097007 0.1671875 0.18240081614940157
11 0.30546875 0.3401140461943177 0.1703125 0.18250994355406328
38 0.20625 0.324047591292327 0.175 0.18892363466105594
22 0.10625 0.3072271682415018 0.16875 0.1824553798517324
32 0.0875 0.43835068266947214 0.1734375 0.187306570958725
8 0.18515625 0.45369045127379354 0.175 0.18892363466105594
2 0.28359375 0.4721279380269497 0.1765625 0.1889781983633867
13 0.3859375 0.49042901552427864 0.175 0.18736113466105575
34 0.48203125 0.508167097830931 0.171875 0.18568950725639405
36 0.58125 0.5250148027329217 0.1734375 0.18574407095872497
4 0.6828125 0.543343162081416 0.1703125 0.18250994355406328
3 0.78125 0.5625618988345721 0.178125 0.19059526206571747
31 0.8796875 0.5849056355877281 0.1703125 0.18407244355406327
28 0.07734375 0.5621428467346227 0.1546875 0.1850893065307547
1 0.16640625 0.5793452157017638 0.175 0.18736113466105592
1 0.26640625 0.599290638752589 0.1625 0.17442462504240908
40 0.36484375 0.6192906255057451 0.171875 0.18412700725639403
18 0.4640625 0.6353570804077359 0.171875 0.18568950725639405
19 0.56171875 0.6530405990120574 0.159375 0.17431549763774717
14 0.6609375 0.673013303914048 0.15625 0.16795637023308566
16 0.759375 0.6898882906672041 0.1640625 0.17604168874473985
24 0.85703125 0.7099155592715256 0.1515625 0.166230179126093