1 0.5066508964708707 0.06359354156572584 0.09223596680652087 0.06657537799792801
1 0.5028262342284531 0.13461451695861998 0.09223596680652087 0.06657537799792804
1 0.5019489732307909 0.20783369313730243 0.09223596680652087 0.06657537799792798
6 0.48923456306296575 0.28316117886927883 0.09247276514684692 0.06970037799792798
6 0.4828885520653037 0.35663506617283175 0.09091026514684693 0.06962760339082212
6 0.4780458414825601 0.4308174288692788 0.09223596680652087 0.06657537799792798
11 0.47164063089981634 0.5050725661728317 0.09692346680652086 0.06679370181924557
11 0.4738883699021542 0.5781461931373024 0.0935616684661948 0.06352315260503386
11 0.4650802097343291 0.6532917423515141 0.09536096680652087 0.06672092721213971
16 0.466972751226178 0.7310528693159848 0.09692346680652086 0.06679370181924557
16 0.4668767402285157 0.8042356581911143 0.09692346680652086 0.06679370181924575
16 0.47285313047560906 0.8794710986378205 0.0919991684661948 0.06345037799792799