21 0.6146585249183312 0.8658707457045868 0.13892263527271584 0.12867163387576924
40 0.5561463626759137 0.7975611589789985 0.13747853444287905 0.13015224672063966
37 0.4961900996036591 0.7308959594085398 0.13892263527271584 0.1286716338757694
31 0.43863678611648604 0.6648891791053864 0.1371233369323898 0.12546474672063965
24 0.3785029242889869 0.5958802295349277 0.1356792361025528 0.1269453595655099
33 0.32089041121673234 0.5290921992317744 0.14408373195336796 0.13516729534115868
37 0.26159699897431477 0.46082355608375086 0.14060353444287887 0.13031602103089918
22 0.20074108673189714 0.392636800090857 0.13892263527271584 0.1286716338757694
7 0.14301017448947956 0.3242862697877037 0.1337615385920638 0.12217597241038014
41 0.7043470643355876 0.7866568792416719 0.13556083693238996 0.12538285956551007
24 0.645172051263333 0.7199507360936483 0.13399833693238977 0.12530097241038013
12 0.5882815886059969 0.6523405122129302 0.13736013527271584 0.12858974672063966
16 0.5307282751188239 0.5863337319097769 0.13556083693238996 0.1253828595655099
36 0.4698723628764063 0.5181469759168831 0.13892263527271584 0.1286716338757694
9 0.41460359980415173 0.4512361148810352 0.13892263527271584 0.1286716338757694
6 0.35597303839157113 0.38136402815544673 0.13399833693238988 0.12530097241038013
23 0.2952355253193165 0.31473977216255294 0.14084033278320493 0.13344102103089917
39 0.2360013126619805 0.2472523790145294 0.1356792361025528 0.1269453595655099
29 0.7900701541677624 0.7068664806665815 0.13075493776222674 0.12357469810012063
6 0.7341977398507524 0.6423403132082984 0.13399833693238997 0.12530097241038013
9 0.6757447771934164 0.57481197648271 0.13051813942190088 0.12044969810012063
18 0.6183098628764063 0.5103676961795567 0.13736013527271584 0.12858974672063966
39 0.5613602006339887 0.44197622229883854 0.1305181394219007 0.12044969810012063
28 0.5028480383915711 0.3736666355732501 0.13747853444287889 0.13015224672063966
6 0.4444542753193166 0.3069195488476616 0.13892263527271584 0.1286716338757694
41 0.38744541349181744 0.23774682496694344 0.1372417361025528 0.12702724672063964
3 0.32905165041956286 0.170999738241355 0.14072193361304192 0.13187852103089917
7 0.8801138910955079 0.6323401142036666 0.12883724025173784 0.11880531094499087
32 0.8240046784381718 0.5646889467453835 0.1374785344428787 0.13015224672063966
18 0.7641076149509988 0.4988049971749248 0.13399833693238977 0.12530097241038013
17 0.7066135010489072 0.43357946687177157 0.12727474025173766 0.11872342378986112
11 0.6497822379766527 0.36675049299105333 0.13387993776222692 0.12373847241038013
7 0.593732224904398 0.29988057553277037 0.13231743776222693 0.12365658525525039
33 0.5367233630768989 0.23070785165205213 0.13231743776222676 0.12365658525525039
11 0.4783887995897259 0.1647420149264637 0.13063653859206373 0.12201219810012062
13 0.4213207381771453 0.0947880410457455 0.14072193361304192 0.13187852103089917