16 0.8045745840592715 0.7610938559747513 0.07714699430041705 0.16193949400955035
28 0.7321547234019451 0.7687128938163665 0.07721972948277785 0.16506449400955034
22 0.6596803113578479 0.7739881816579818 0.08034472948277785 0.16517362141421188
8 0.5872058993137507 0.779263469499597 0.07413109707395851 0.16651786660488846
36 0.5138956858828825 0.7821677254900468 0.07729246466513899 0.16818949400955016
13 0.44218434004319507 0.7866890451828275 0.078854964665139 0.1682440577118811
8 0.3672388914299659 0.7864137374709463 0.07881859707395851 0.16668155771188112
16 0.29472811179468816 0.7901265253125614 0.07721972948277793 0.16506449400955017
29 0.22145426595500065 0.7945932813030113 0.0803810970739585 0.16673612141421187
31 0.7864570976426394 0.5863840326537737 0.0772560970739585 0.16662699400955033
23 0.7154724504161811 0.5885888841977197 0.07889133225631965 0.1698065577118811
37 0.6430344059632643 0.5954266720393349 0.07729246466513899 0.16818949400955016
26 0.568924758736806 0.5975223961786192 0.07729246466513899 0.16818949400955016
37 0.4949060304882991 0.6035243703179036 0.078854964665139 0.1682440577118811
18 0.4232310522397921 0.6096081900106842 0.07732883225631966 0.16975199400955016
14 0.3506839050133338 0.6117584778522994 0.07874586189159735 0.1635565577118811
13 0.2773736915824658 0.6146627338427493 0.07732883225631956 0.16975199400955035
32 0.20486291194718803 0.6183755216843644 0.078854964665139 0.1682440577118811
26 0.7697930084524656 0.40704127303512677 0.07576633225631965 0.1696974303072194
16 0.6965373464083683 0.4122892790255766 0.07714699430041669 0.16193949400955016
4 0.6248078167730906 0.4160293487183572 0.07729246466513899 0.16818949400955016
19 0.5507709047289934 0.42125007285764154 0.07565722948277784 0.1650099303072194
41 0.4790231912981254 0.42420889255042216 0.07729246466513899 0.16818949400955036
39 0.40656696304961837 0.43026543039203735 0.07718336189159736 0.16350199400955018
11 0.3340016320275698 0.4316344682336526 0.078854964665139 0.1682440577118811
29 0.2590925510055212 0.4329216605217715 0.0805629350298613 0.17454862141421187
21 0.18580052137024342 0.4366071665122213 0.07881859707395847 0.16668155771188112
7 0.7546732354667016 0.22697182711881075 0.07725609707395834 0.16662699400955017
12 0.6798550734226043 0.23216526940692975 0.07729246466513899 0.16818949400955016
40 0.607307926196146 0.23431555724854491 0.08059930262104195 0.17611112141421198
26 0.5333255655388196 0.24188003138782924 0.07881859707395851 0.16668155771188112
21 0.4599608007211808 0.24244053737827906 0.07725609707395834 0.16662699400955017
23 0.3867233224726738 0.24846979336872882 0.08049019984750014 0.17142362141421197
18 0.313431292837396 0.2521552993591786 0.07253222948277793 0.16490080290255768
36 0.23926709422416687 0.2519072734984629 0.07874586189159735 0.1635565577118811
36 0.16526654977125022 0.25869049763774726 0.07721972948277793 0.16506449400955017