33 0.8811829571794254 0.5363448614901332 0.17631450725639403 0.18080069990914288
27 0.8099676668907394 0.6328757027382774 0.16990081614940172 0.17578565128862386
12 0.7386978128997226 0.7309690439864216 0.16990081614940172 0.17578565128862386
37 0.6697989907598714 0.8281583045018712 0.17313494355406328 0.17907442559888337
14 0.8078744319516818 0.4918379449363613 0.1715178798517325 0.1774300384437538
38 0.7352057690676577 0.5853256733396351 0.17631450725639422 0.18080069990914288
19 0.6631819469278064 0.6826787081653443 0.16990081614940172 0.17578565128862386
40 0.5951462203414513 0.777483275103229 0.17475200725639403 0.18071881275401314
1 0.7324949752355927 0.43964135911528396 0.17313494355406328 0.17907442559888337
37 0.6619790893934104 0.5384750067858632 0.16990081614940156 0.17578565128862386
24 0.5929711398488975 0.6387892673013129 0.16343256134007814 0.16920810266810485
33 0.5227007906672041 0.7305916649718922 0.16990081614940156 0.17578565128862386
34 0.6592682955613455 0.39279069256151206 0.17313494355406328 0.17907442559888337
11 0.5848734415703287 0.4910478081199158 0.17798613466105592 0.18400758706427264
28 0.515947337579312 0.5890183186353652 0.1780406983633867 0.18557008706427283
14 0.4471303609929569 0.6838638291508149 0.17313494355406328 0.17907442559888337
27 0.5845336795894293 0.3444594131628699 0.1715178798517325 0.1774300384437537
13 0.5131819800449161 0.44489650441101414 0.18445438947037934 0.19058513568479168
2 0.4428025034585611 0.5398239020815934 0.17157244355406326 0.1789925384437538
29 0.37535705391404794 0.6400562754419132 0.17475200725639423 0.1807188127540133
39 0.5113888454686782 0.295264996609098 0.17475200725639423 0.18071881275401314
38 0.43780252332882696 0.3926999185899368 0.17798613466105592 0.18400758706427264
33 0.367958760081983 0.4946176226829513 0.17636907095872498 0.1823631999091429
39 0.2950718423886354 0.5943553510862252 0.17151787985173242 0.1774300384437538
21 0.4366815113479273 0.24615246721045586 0.17798613466105592 0.18400758706427264
18 0.3630133436545797 0.3459311391912947 0.17798613466105584 0.18400758706427264
38 0.29085311225890126 0.4471904240170037 0.1780406983633867 0.18557008706427283
31 0.21885657197021535 0.5437622088427128 0.17475200725639423 0.1807188127540133
18 0.3573139590783419 0.19650434927720295 0.16990081614940156 0.17578565128862395
28 0.2828645413849943 0.29632396483560663 0.17798613466105584 0.18400758706427264
18 0.21388387369164663 0.39585697535105624 0.17313494355406328 0.17907442559888356
26 0.14172364229596815 0.4971162601767653 0.17313494355406328 0.17907442559888337
26 0.2794543431064256 0.1483368441888203 0.17313494355406328 0.17907442559888348
3 0.2065128617107471 0.24963707259209428 0.18607145317271012 0.19222952283992142
9 0.13516116216623403 0.35007416384023843 0.17475200725639417 0.18071881275401322
22 0.07403023312495902 0.4489078115108178 0.14806046624991803 0.17718437697836437