33 0.8484375 0.284375 0.13125 0.1359375
27 0.753125 0.2203125 0.1265625 0.13125
12 0.65703125 0.1546875 0.1265625 0.13125
37 0.56328125 0.0890625 0.1296875 0.134375
14 0.7953125 0.35546875 0.128125 0.1328125
38 0.6984375 0.29453125 0.13125 0.1359375
19 0.60234375 0.2296875 0.1265625 0.13125
40 0.51015625 0.16640625 0.1296875 0.1359375
1 0.74140625 0.434375 0.1296875 0.134375
37 0.6453125 0.36796875 0.1265625 0.13125
24 0.55078125 0.29921875 0.121875 0.1265625
33 0.4578125 0.2390625 0.1265625 0.13125
34 0.68828125 0.5078125 0.1296875 0.134375
11 0.5890625 0.44375 0.1328125 0.1375
28 0.4953125 0.37734375 0.1328125 0.1390625
14 0.40234375 0.31328125 0.1296875 0.134375
27 0.634375 0.58359375 0.128125 0.1328125
13 0.5375 0.515625 0.1375 0.1421875
2 0.44296875 0.45234375 0.128125 0.134375
29 0.34921875 0.38359375 0.1296875 0.1359375
39 0.58203125 0.65859375 0.1296875 0.1359375
38 0.48359375 0.59453125 0.1328125 0.1375
33 0.3875 0.525 0.13125 0.1375
39 0.28984375 0.45859375 0.128125 0.1328125
21 0.528125 0.73515625 0.1328125 0.1375
18 0.42890625 0.66875 0.1328125 0.1375
38 0.33125 0.60078125 0.1328125 0.1390625
31 0.23515625 0.53671875 0.1296875 0.1359375
18 0.4703125 0.81328125 0.1265625 0.13125
28 0.3703125 0.74765625 0.1328125 0.1375
18 0.27578125 0.6796875 0.1296875 0.134375
26 0.178125 0.61171875 0.1296875 0.134375
26 0.41328125 0.88984375 0.1296875 0.134375
3 0.31484375 0.821875 0.1390625 0.14375
9 0.2171875 0.75390625 0.1296875 0.1359375
22 0.1203125 0.68828125 0.128125 0.1328125