6 0.4486737794260908 0.863506640861285 0.16823930121764635 0.15051175911805573
4 0.3649687169985568 0.7742246288934378 0.17318189273291534 0.15374586189159736
33 0.2782662003286574 0.6864323817432293 0.17474439273291545 0.15378222948277803
38 0.19508729638585437 0.5940435535709723 0.17499948424818443 0.15690722948277802
31 0.5069009965453339 0.8126175945085073 0.16823930121764635 0.15051175911805573
36 0.4222233654813481 0.7209736487450698 0.17668953000581897 0.15850609707395832
8 0.3392357801749969 0.6309285705728127 0.17474439273291537 0.15378222948277803
26 0.25312319486864565 0.5408107572181946 0.17318189273291545 0.15374586189159736
24 0.5608393263916733 0.7569501291777783 0.16485920970237727 0.14731402393569457
9 0.47947801396413936 0.6677226685967017 0.16485920970237727 0.14731402393569457
16 0.3955816329001536 0.5760969066288545 0.16823930121764635 0.15051175911805573
7 0.31200411623025415 0.48837739466100716 0.17161939273291543 0.15370949430041686
21 0.6188752248744647 0.7037173328250004 0.16823930121764635 0.15051175911805573
6 0.5367326624469306 0.6144716884483337 0.16485920970237727 0.14731402393569457
37 0.45537135001939666 0.5252442278672573 0.16485920970237727 0.14731402393569457
17 0.36997624183422817 0.4343633483082295 0.17318189273291545 0.15374586189159736
9 0.7369081345671435 0.5926187915062158 0.1682393012176462 0.15051175911805573
18 0.6556743678972441 0.5049538309251395 0.1783795757634536 0.160104964665139
6 0.5749667597120756 0.4141820541396532 0.17318189273291545 0.15374586189159736
31 0.49022535576927256 0.3217568583762157 0.17668953000581916 0.15850609707395852
6 0.7941627830499348 0.5393678113578478 0.16329670970237728 0.1472776563445141
33 0.7119564477435836 0.44934091698118117 0.1733094384905499 0.15530836189159736
21 0.6300052039525014 0.3624390226045143 0.1682393012176462 0.15051175911805573
13 0.5481337084944292 0.26696156202343796 0.17668953000581897 0.15850609707395852
24 0.848292431532726 0.48604409602711873 0.16173420970237729 0.14724128875333342
3 0.7677123691051921 0.39683481924163255 0.18163212152108804 0.16174019984750015
36 0.6864148295564754 0.3083886086605561 0.1717469384905499 0.15527199430041677
21 0.6055796756136724 0.21605433187506992 0.1666768012176462 0.15047539152687514
22 0.9050846944096037 0.4366811820831605 0.16173420970237729 0.14724128875333342
2 0.8234682904668006 0.344328721502084 0.169929346975281 0.1521106267092362
19 0.7419156594028149 0.2527575109210075 0.16316916394474285 0.1457151563445141
39 0.6617342097023773 0.15887891793111167 0.1682393012176462 0.15051175911805567