40 0.37421875 0.109375 0.1484375 0.1703125
36 0.4421875 0.1421875 0.146875 0.1890625
37 0.51171875 0.18671875 0.146875 0.1890625
23 0.58203125 0.22890625 0.1515625 0.196875
26 0.72265625 0.3234375 0.1484375 0.1953125
6 0.79140625 0.36328125 0.14375 0.1875
16 0.85703125 0.409375 0.1484375 0.19375
38 0.91953125 0.453125 0.1484375 0.2015625
22 0.275 0.25546875 0.1484375 0.1953125
31 0.3453125 0.2984375 0.15 0.1953125
16 0.41171875 0.3453125 0.146875 0.1890625
8 0.69375 0.525 0.1515625 0.196875
27 0.759375 0.56875 0.1453125 0.190625
3 0.8265625 0.6140625 0.1515625 0.1984375
34 0.16171875 0.43671875 0.146875 0.1921875
13 0.2296875 0.478125 0.1515625 0.196875
33 0.29765625 0.5234375 0.15 0.1953125
4 0.5796875 0.70859375 0.146875 0.1921875
2 0.6484375 0.75078125 0.1484375 0.19375
29 0.7140625 0.79609375 0.14375 0.1875
18 0.065625 0.59609375 0.13125 0.1921875
6 0.12890625 0.63984375 0.1515625 0.1984375
12 0.19921875 0.68125 0.1515625 0.1984375
11 0.26796875 0.7265625 0.146875 0.1921875
27 0.41484375 0.82421875 0.14375 0.1875
1 0.48203125 0.86796875 0.1453125 0.190625
28 0.55 0.9078125 0.1453125 0.184375
41 0.61640625 0.93046875 0.14375 0.1390625