18 0.465625 0.07734375 0.15 0.1546875
40 0.52421875 0.11640625 0.1515625 0.1671875
26 0.58203125 0.16171875 0.1515625 0.1671875
27 0.6390625 0.20859375 0.153125 0.16875
23 0.76328125 0.30234375 0.153125 0.1671875
4 0.8203125 0.34765625 0.153125 0.16875
41 0.8765625 0.39296875 0.15 0.1640625
29 0.9296875 0.4359375 0.140625 0.1640625
8 0.35234375 0.2140625 0.1546875 0.1703125
6 0.41015625 0.2609375 0.15 0.1640625
17 0.465625 0.30625 0.1515625 0.1671875
7 0.70390625 0.4890625 0.1484375 0.1640625
28 0.76015625 0.53515625 0.1546875 0.1703125
41 0.8203125 0.58046875 0.146875 0.1625
28 0.22109375 0.37890625 0.15625 0.171875
3 0.27578125 0.42578125 0.1609375 0.178125
16 0.3359375 0.46953125 0.153125 0.1671875
12 0.57265625 0.65390625 0.1546875 0.16875
6 0.63125 0.7 0.153125 0.16875
38 0.6875 0.7453125 0.153125 0.16875
29 0.103125 0.525 0.15625 0.171875
22 0.1609375 0.56796875 0.159375 0.1765625
36 0.221875 0.61328125 0.15625 0.171875
31 0.27890625 0.6609375 0.1578125 0.1734375
19 0.40234375 0.753125 0.15 0.165625
40 0.4578125 0.8 0.15625 0.171875
2 0.5140625 0.8453125 0.1546875 0.16875
41 0.57265625 0.88984375 0.1515625 0.1671875