39 0.91015625 0.2265625 0.1515625 0.1390625
26 0.8625 0.3171875 0.146875 0.1328125
29 0.8140625 0.409375 0.15 0.140625
21 0.76484375 0.49921875 0.1484375 0.1375
24 0.71640625 0.58984375 0.1484375 0.1375
28 0.66875 0.6796875 0.153125 0.1421875
41 0.6203125 0.7703125 0.1484375 0.1359375
24 0.5703125 0.86015625 0.1421875 0.1328125
32 0.52265625 0.928125 0.15 0.09375
12 0.40390625 0.89296875 0.1484375 0.1359375
19 0.4546875 0.80234375 0.14375 0.1328125
8 0.5 0.71328125 0.1515625 0.1375
1 0.546875 0.6234375 0.1390625 0.1265625
23 0.59921875 0.5328125 0.1484375 0.1375
34 0.6484375 0.43984375 0.1453125 0.1328125
11 0.696875 0.35390625 0.1453125 0.1359375
38 0.74296875 0.2640625 0.15 0.1390625
22 0.790625 0.1734375 0.1453125 0.134375
32 0.6703125 0.11953125 0.1484375 0.1375
8 0.625 0.20859375 0.15 0.1390625
2 0.5765625 0.296875 0.15 0.140625
13 0.528125 0.3890625 0.1484375 0.1390625
34 0.48125 0.47578125 0.1484375 0.1359375
36 0.434375 0.565625 0.146875 0.1375
4 0.38515625 0.65703125 0.1453125 0.1359375
3 0.3359375 0.7453125 0.1515625 0.1421875
31 0.284375 0.8328125 0.146875 0.134375
28 0.55625 0.06796875 0.1484375 0.1359375
1 0.51015625 0.15546875 0.1484375 0.1390625
1 0.46015625 0.2453125 0.1390625 0.1296875
40 0.41015625 0.33359375 0.1453125 0.1375
18 0.3640625 0.4234375 0.1484375 0.1359375
19 0.3171875 0.51171875 0.1390625 0.1265625
14 0.2671875 0.60078125 0.1328125 0.125
16 0.2203125 0.68984375 0.140625 0.1296875
24 0.17109375 0.77734375 0.1328125 0.1203125