39 0.21015625 0.221875 0.0640625 0.1625
22 0.28828125 0.22109375 0.0640625 0.1609375
32 0.36171875 0.21875 0.065625 0.1640625
13 0.43828125 0.21640625 0.065625 0.1703125
38 0.5140625 0.21875 0.065625 0.1671875
9 0.5890625 0.21796875 0.0640625 0.1578125
31 0.66484375 0.2140625 0.0625 0.165625
26 0.74296875 0.21640625 0.065625 0.1609375
8 0.8171875 0.21796875 0.0609375 0.1671875
7 0.21171875 0.40625 0.0671875 0.16875
7 0.28828125 0.40625 0.0671875 0.1609375
36 0.36328125 0.40078125 0.0640625 0.165625
1 0.440625 0.4015625 0.0625 0.1578125
11 0.5171875 0.40234375 0.0640625 0.159375
24 0.59296875 0.4046875 0.0640625 0.1609375
37 0.6671875 0.403125 0.0609375 0.1609375
14 0.74453125 0.4 0.0625 0.1640625
37 0.81875 0.40390625 0.0609375 0.1625
9 0.2125 0.59140625 0.0640625 0.1609375
14 0.28828125 0.590625 0.065625 0.171875
2 0.36484375 0.58828125 0.0703125 0.1734375
28 0.44140625 0.584375 0.06875 0.165625
34 0.515625 0.58515625 0.0640625 0.1609375
27 0.5890625 0.584375 0.0625 0.16875
1 0.6671875 0.584375 0.0625 0.1609375
37 0.7453125 0.58671875 0.0625 0.1640625
40 0.81953125 0.58515625 0.0640625 0.1640625
36 0.2125 0.77734375 0.06875 0.171875
21 0.2890625 0.7734375 0.0625 0.1671875
9 0.36484375 0.771875 0.0625 0.1609375
2 0.4421875 0.77109375 0.071875 0.16875
14 0.51796875 0.77109375 0.0640625 0.159375
32 0.5921875 0.771875 0.065625 0.1640625
27 0.66875 0.77265625 0.0625 0.1640625
9 0.74453125 0.7703125 0.0625 0.1609375
23 0.82109375 0.7703125 0.065625 0.1640625