3 0.15859375 0.2296875 0.0765625 0.0890625
8 0.24375 0.23046875 0.075 0.0890625
13 0.32734375 0.23046875 0.071875 0.0875
18 0.4125 0.22734375 0.0703125 0.0890625
23 0.49453125 0.2234375 0.0734375 0.0859375
28 0.5796875 0.2234375 0.075 0.0875
33 0.665625 0.225 0.075 0.0875
38 0.753125 0.22265625 0.075 0.0859375
41 0.8375 0.22890625 0.0703125 0.0875
2 0.1515625 0.40234375 0.075 0.0875
7 0.234375 0.40546875 0.0671875 0.090625
12 0.3203125 0.40703125 0.075 0.0890625
17 0.4046875 0.40703125 0.071875 0.0859375
22 0.4890625 0.40703125 0.071875 0.0859375
27 0.57421875 0.4078125 0.071875 0.0875
32 0.65859375 0.40625 0.075 0.0875
37 0.74375 0.40546875 0.0671875 0.0875
40 0.83046875 0.403125 0.075 0.0890625
1 0.14453125 0.60625 0.0734375 0.0859375
6 0.23125 0.60625 0.071875 0.0859375
11 0.31640625 0.60703125 0.0734375 0.0890625
16 0.4 0.6046875 0.0703125 0.0890625
21 0.484375 0.60546875 0.0734375 0.0890625
26 0.56875 0.6015625 0.0734375 0.0875
31 0.653125 0.596875 0.0734375 0.0890625
36 0.73984375 0.59140625 0.075 0.0890625
31 0.828125 0.58984375 0.075 0.0890625
4 0.15625 0.79609375 0.071875 0.0828125
9 0.24140625 0.79453125 0.0703125 0.0828125
14 0.325 0.79375 0.075 0.0859375
19 0.409375 0.79140625 0.071875 0.0859375
29 0.49453125 0.7921875 0.071875 0.0859375
34 0.578125 0.79140625 0.065625 0.0875
24 0.6671875 0.78984375 0.0734375 0.084375