1 0.309375 0.2609375 0.0984375 0.1390625
6 0.42265625 0.25703125 0.1015625 0.134375
11 0.53984375 0.2578125 0.09375 0.1359375
16 0.65625 0.25703125 0.096875 0.134375
16 0.65859375 0.57109375 0.0953125 0.140625
16 0.32109375 0.734375 0.090625 0.134375
16 0.43125 0.73125 0.090625 0.1359375
6 0.31015625 0.41953125 0.0953125 0.1296875
6 0.66015625 0.41171875 0.0984375 0.1359375
6 0.54921875 0.73046875 0.0984375 0.134375
1 0.42734375 0.41484375 0.09375 0.1375
1 0.5453125 0.575 0.0921875 0.1296875
1 0.665625 0.73125 0.0859375 0.128125
11 0.54296875 0.4140625 0.0921875 0.134375
11 0.315625 0.57265625 0.0984375 0.1296875
11 0.43203125 0.57109375 0.090625 0.1375