1 0.3265625 0.2921875 0.0859375 0.1203125
1 0.33125 0.43125 0.08125 0.1140625
1 0.64375 0.56796875 0.0796875 0.1171875
1 0.65 0.7109375 0.078125 0.1109375
6 0.43203125 0.2875 0.0828125 0.11875
6 0.43671875 0.43046875 0.0828125 0.1125
6 0.54296875 0.5703125 0.08125 0.1140625
6 0.5453125 0.70546875 0.0859375 0.1171875
11 0.53671875 0.28515625 0.0828125 0.121875
11 0.5390625 0.4296875 0.084375 0.11875
11 0.43984375 0.5671875 0.0828125 0.11875
11 0.44453125 0.70703125 0.0828125 0.11875
16 0.63671875 0.28359375 0.0859375 0.1171875
16 0.64140625 0.42890625 0.0796875 0.121875
16 0.33515625 0.56875 0.08125 0.1109375
16 0.34453125 0.71015625 0.0796875 0.1203125