29 0.09252726353209062 0.7051459579295563 0.18505452706418124 0.12651821337743777
32 0.11839690478812206 0.6308397266189896 0.19289733020561534 0.13476775595208465
41 0.14551641568388535 0.5573693756302539 0.18944454827463014 0.1298617346647614
1 0.17263592657964863 0.4838990246415181 0.18621028763096842 0.12808071337743776
9 0.20678668747541193 0.41092034654926024 0.18464778763096845 0.12797145273377614
11 0.2336876770838517 0.34057499556052456 0.19122556956195363 0.13309599530842303
36 0.26700255765778413 0.2683229371464358 0.1896630695619536 0.1329867346647612
9 0.29334081855354743 0.19479795583586917 0.18308528763096837 0.12786219209011432
32 0.3235306991274798 0.12232737613445696 0.1895538089182919 0.13142423466476125
33 0.27066460911138196 0.7773044532379791 0.19591306956195362 0.1334237772394081
24 0.29851073968531444 0.7046699825710743 0.1878820482746301 0.12975247402109957
27 0.32568488090290854 0.6304183815823385 0.1879913089182919 0.13131497402109957
12 0.35749189179867186 0.5572758125245881 0.1896630695619536 0.13298673466476138
4 0.3836662617289425 0.48609458121402155 0.17828852698730663 0.12597191015912906
3 0.4130748923028749 0.4135693711907784 0.19435056956195354 0.13331451659574647
2 0.4410302835204691 0.3393724005238736 0.1864288089182919 0.13120571337743786
38 0.47423590345073974 0.26868284210978477 0.18464778763096845 0.12797145273377603
7 0.5043711537028412 0.19699351240837254 0.17828852698730663 0.12597191015912915
18 0.4429659440085743 0.8505884059717552 0.18777278763096844 0.12818997402109958
7 0.47388244426067594 0.7789537065921739 0.18653806956195354 0.13276821337743777
33 0.5003299658001008 0.7038662252816072 0.18788204827463026 0.12975247402109957
17 0.529121237339526 0.6289426349365332 0.18788204827463026 0.12975247402109957
11 0.5608189875916274 0.5573625658787827 0.18141352698730664 0.12619043144645267
18 0.5876653468782363 0.4877984648900471 0.18944454827463025 0.1298617346647612
41 0.6179098577739996 0.4145466351886348 0.18788204827463026 0.12975247402109957
31 0.6449747383479322 0.34185753419989917 0.18933528763096846 0.1282992346647612
3 0.6766724886000336 0.2702774651421486 0.19769409084927717 0.1366580378830699
38 0.6230251485839358 0.9251999119238399 0.19133483020561534 0.1346584953084232
34 0.6510351701233608 0.850221691256935 0.1926788089182919 0.13164275595208466
21 0.6773188006972932 0.7774779599463685 0.19445983020561536 0.13487701659574647
27 0.7044383115930565 0.7040076089576328 0.18621028763096845 0.12808071337743776
32 0.7331749528106506 0.6298652686125589 0.19289733020561534 0.13476775595208465
34 0.7609118227409214 0.5587932979456539 0.18777278763096844 0.12818997402109958
19 0.7934454533148537 0.4864866092097344 0.179632505699983 0.12295617080279087
14 0.8244165838887861 0.414070659830153 0.17963250569998337 0.12295617080279087
24 0.8529893341408876 0.34227206948507904 0.1763982450563212 0.12117514951546741