2 0.15546875 0.2109375 0.0796875 0.171875
2 0.16796875 0.4046875 0.078125 0.16875
2 0.18046875 0.59140625 0.078125 0.165625
2 0.1921875 0.78828125 0.0796875 0.178125
7 0.234375 0.20703125 0.0765625 0.175
7 0.246875 0.4015625 0.071875 0.16875
7 0.259375 0.5921875 0.0734375 0.165625
7 0.2703125 0.7796875 0.0734375 0.165625
12 0.3140625 0.2 0.0765625 0.171875
12 0.3234375 0.39375 0.075 0.16875
12 0.33671875 0.5875 0.08125 0.1703125
12 0.34765625 0.775 0.078125 0.16875
17 0.3921875 0.1953125 0.0796875 0.171875
17 0.4046875 0.39140625 0.078125 0.165625
17 0.41640625 0.58203125 0.078125 0.165625
17 0.42578125 0.77421875 0.075 0.165625
22 0.47109375 0.190625 0.0828125 0.1796875
22 0.48359375 0.3859375 0.0796875 0.175
22 0.4953125 0.58046875 0.075 0.16875
22 0.5046875 0.7671875 0.0765625 0.171875
27 0.55 0.1859375 0.0796875 0.18125
27 0.56171875 0.38359375 0.0734375 0.171875
27 0.57265625 0.571875 0.075 0.16875
27 0.5828125 0.7640625 0.075 0.171875
32 0.6296875 0.1828125 0.08125 0.1765625
32 0.640625 0.3765625 0.0796875 0.175
32 0.65078125 0.56875 0.0796875 0.175
32 0.66171875 0.75625 0.0796875 0.175
37 0.709375 0.1765625 0.0765625 0.175
37 0.7203125 0.371875 0.078125 0.175
37 0.73046875 0.5625 0.0796875 0.175
37 0.740625 0.75390625 0.0734375 0.175
40 0.7875 0.17109375 0.08125 0.1765625
40 0.796875 0.36484375 0.0796875 0.171875
40 0.80859375 0.5546875 0.078125 0.171875
40 0.81796875 0.7453125 0.0796875 0.178125