8 0.9175739321800697 0.5530000949817898 0.16485213563986073 0.20456574852966192
13 0.8799694018792017 0.436501991747858 0.1950618461240282 0.20061523292582972
37 0.8249344501318406 0.3236202114447047 0.1887027433504862 0.1956001843053107
2 0.77071711597566 0.21225998756398648 0.19030161094166687 0.19724457146044044
21 0.846069793406077 0.5931547834709721 0.19349934612402783 0.20053334577069998
40 0.792542790271945 0.4778473660126889 0.19829594889756966 0.20546650723608922
32 0.7382890885245837 0.3649246421319708 0.19506184612402783 0.20061523292582972
33 0.6833086881639933 0.25438661182881744 0.19349934612402783 0.20053334577069998
31 0.7578982993900005 0.6361036013133679 0.19669708130638916 0.20382212008095948
28 0.703553678664688 0.5192746274326497 0.2030561840799308 0.2088371687014785
12 0.651589175530556 0.40388532281923684 0.1966607137152085 0.2022596200809595
11 0.5973718413743752 0.2925250989385187 0.19669708130638916 0.20382212008095948
32 0.667237585009202 0.6729252498884584 0.2030561840799308 0.2088371687014785
22 0.6137469494662504 0.5591803324301753 0.19349934612402783 0.20053334577069998
19 0.5593659611497573 0.4407888585494571 0.19190047853284736 0.1988889586155702
14 0.509927045971528 0.33308922320334966 0.18866637575930573 0.1940376843053107
11 0.5773944882195841 0.7112684548859839 0.19985844889756949 0.205548394391219
34 0.5215237350854519 0.5960838681603955 0.19030161094166687 0.19724457146044044
37 0.4703222981557296 0.4798723699694178 0.1871038757593057 0.19395579715018094
19 0.42071972881718783 0.3651414846233104 0.18390614057694457 0.19066702283992143
4 0.48755139142996595 0.7496116598835096 0.19506184612402783 0.20061523292582956
13 0.4316079031134728 0.6313020731579211 0.19829594889756966 0.20546650723608922
7 0.37971613516170183 0.5190377685445083 0.19349934612402803 0.20053334577069998
4 0.3285328820275698 0.40360752035353065 0.19349934612402803 0.20053334577069998
29 0.3954190960271188 0.7904214456137298 0.19989481648875013 0.207110894391219
38 0.34185572530180613 0.6735515281554467 0.20305618407993062 0.2088371687014785
31 0.28912815596326435 0.5589844171195988 0.19349934612402792 0.20053334577069998
3 0.23865341764677123 0.4403882253510562 0.19829594889756957 0.20546650723608922
2 0.30245099923750074 0.828928424921515 0.19186411094166686 0.19732645861557002
7 0.2488876285121881 0.7120585074632318 0.19669708130638908 0.20382212008095948
14 0.1968867577868755 0.595106702849819 0.2030561840799307 0.2088371687014785
26 0.14962793844833375 0.4802529867710169 0.19349934612402792 0.20053334577069998
12 0.22794196171843822 0.853952758367743 0.1551992591180557 0.16419305404758616
24 0.15750021551816035 0.7512648496158872 0.18390614057694457 0.19066702283992143
28 0.10713457997520888 0.6373561578473447 0.18888458130638902 0.2034126843053107
14 0.08249564304548655 0.5197525780191612 0.14506184612402792 0.1979948439616777