1 0.9287957869349264 0.40481490049971375 0.129371674511885 0.1675703595655099
1 0.8145986935899037 0.28435299355688026 0.16525462743398442 0.1663287641334942
1 0.6816379634754062 0.1656549824756038 0.1589228068171334 0.1613137155129752
1 0.5478823465914333 0.06427942673053721 0.16361030681713337 0.12855885346107443
6 0.8926985998411394 0.46056361149013314 0.16366485389503396 0.16468437697836452
6 0.758970256496117 0.34112529398642155 0.1573057597392328 0.15810682835784542
6 0.6260231631510946 0.22164603290514512 0.16366485389503396 0.16468437697836444
6 0.49461129626712175 0.1036473846687389 0.1573057597392326 0.15810682835784542
11 0.8393593656694522 0.5203380811869799 0.16366485389503396 0.16468437697836436
11 0.70331454586338 0.39946009441596286 0.16525462743398442 0.1663287641334943
11 0.5696134760573079 0.2784592769122513 0.16366485389503396 0.16468437697836444
11 0.4390101327122854 0.1588571850982802 0.1668444009729347 0.16797315128862395
16 0.7837309285756654 0.5771103816165212 0.1668444009729347 0.16797315128862386
16 0.6500162220001181 0.45689081411280963 0.16684440097293454 0.16797315128862386
16 0.5147662889635212 0.33519063376422775 0.16366485389503396 0.16468437697836444
16 0.3841356720795483 0.21715104195025664 0.16366485389503396 0.16468437697836444
21 0.7296377179429283 0.6353632948909327 0.16684440097293454 0.16797315128862386
21 0.5951553981368563 0.514403420964786 0.16684440097293454 0.16797315128862386
21 0.4614406915613089 0.39418385346107443 0.16207508035608367 0.1630399898232347
21 0.3307964379078609 0.27692551164710333 0.16525462743398434 0.1663287641334942
26 0.6740092808491416 0.692135595320474 0.1668444009729347 0.16797315128862386
26 0.542611050734644 0.5733556970840679 0.16684440097293454 0.16797315128862386
26 0.4119940706201463 0.45453485527009674 0.1668444009729347 0.16797315128862406
26 0.27906061404459903 0.3342743441888203 0.16207508035608367 0.1630399898232346
31 0.6214785702164045 0.7503066214397559 0.1668444009729347 0.16797315128862406
31 0.4870098871798076 0.6285654975136092 0.16525462743398442 0.1663287641334943
31 0.35483040706530994 0.5098265428547679 0.16525462743398425 0.1663287641334943
31 0.22421342695081226 0.3910057010407967 0.16366485389503396 0.16468437697836452
36 0.5681938831226179 0.8069560911366025 0.17161372158978558 0.1729063127540133
36 0.43447917654707047 0.686736523632891 0.17158644805083548 0.17134381275401314
36 0.3030809464325729 0.5679566253964847 0.1684069009729347 0.1680550384437538
36 0.17243669277912485 0.4506982835825136 0.16681712743398433 0.16641065128862387
39 0.5148955592593559 0.8643868108334493 0.1668171274339844 0.16641065128862387
39 0.3835246026838086 0.744044412597043 0.168434174511885 0.1696175384437538
39 0.2520854622608854 0.6276082643606369 0.16366485389503396 0.16468437697836436
39 0.11915200568533815 0.5073477532793603 0.163664853895034 0.16468437697836436