8 0.4582040121748646 0.05262440206994805 0.1476580243497292 0.1052488041398961
13 0.35570234943080714 0.12089803754315658 0.14612279788867957 0.14683022365499818
37 0.2571342102257 0.21050683443359014 0.14132620373287824 0.14022502614450919
2 0.1585387974816425 0.2985531313240236 0.13979097727182857 0.14166912697434614
21 0.5180659817360554 0.10077202384620207 0.1445330243497292 0.14514932448483514
40 0.416345568991998 0.18905511907696168 0.14773984496658024 0.1500736228251612
32 0.31696890624794044 0.27716061555247673 0.14456029788867958 0.14671182448483525
33 0.22073088027335813 0.36581056368766574 0.1429432508107789 0.14346842531467222
31 0.5810665880667214 0.16953275662476264 0.14612279788867966 0.14683022365499818
28 0.47779731209213916 0.25871550102568525 0.15091939204448082 0.15343542116548728
12 0.3760632625786064 0.3462173462564448 0.14612279788867966 0.14683022365499826
11 0.2790030762955986 0.43258274397671526 0.14615007142762995 0.1483927236549981
32 0.6386529914752881 0.24183288649889376 0.1508921185055307 0.15187292116548728
22 0.5384950787312306 0.32999758255949035 0.14456029788867966 0.14671182448483525
19 0.4336496659871731 0.418517476130576 0.1429432508107789 0.14346842531467222
14 0.33963265908731427 0.4999585755105205 0.13976370373287814 0.14010662697434598
11 0.6962257581143796 0.3133517663730249 0.14773984496658024 0.1500736228251612
34 0.5960814821397973 0.4022977124336215 0.1397909772718286 0.14166912697434597
37 0.4935525458567894 0.4890775072494626 0.13976370373287814 0.14010662697434614
19 0.39177758603483126 0.5742356024802222 0.13658415665497756 0.1367448286340201
4 0.7561150012145207 0.3831305474919115 0.14456029788867966 0.14671182448483525
13 0.652119022317839 0.47549749147791565 0.14771257142762978 0.14851112282516113
7 0.552687812495881 0.5604779879534307 0.1445330243497292 0.14514932448483506
4 0.4509264894433979 0.6464173331841903 0.1445330243497292 0.14514932448483506
29 0.8168536781620377 0.45675637902571664 0.1508921185055307 0.15187292116548717
38 0.7143656521874554 0.5458799238415577 0.1493296185055307 0.15175452199532433
31 0.6141804659044475 0.6324821199021542 0.1429432508107789 0.14346842531467202
3 0.5085128928519645 0.7187174630583215 0.14771257142762995 0.14851112282516113
2 0.8775923551095548 0.5303822105595216 0.13981825081077873 0.14323162697434597
7 0.7743094423654973 0.6187837049604443 0.14615007142762995 0.1483927236549981
14 0.6710128928519646 0.7064039493613669 0.1508921185055307 0.15187292116548717
26 0.5676345227215809 0.7893366937622895 0.1445330243497292 0.14514932448483506
12 0.934197316556366 0.6038304433380823 0.131605366887268 0.14671182448483505
24 0.8366242560824894 0.6930723873240863 0.1397909772718286 0.14166912697434597
28 0.7340816830300063 0.7790709321399275 0.14612279788867966 0.1468302236549981
14 0.6291271761301476 0.861340825711013 0.14612279788867966 0.1468302236549981