12 0.37890625 0.090625 0.1484375 0.1375
37 0.44296875 0.1546875 0.1390625 0.1421875
13 0.50546875 0.22890625 0.1515625 0.153125
34 0.57265625 0.29921875 0.1421875 0.14375
8 0.6390625 0.3734375 0.15 0.1515625
41 0.70234375 0.44765625 0.1453125 0.146875
39 0.77265625 0.521875 0.1453125 0.146875
6 0.83828125 0.59921875 0.1453125 0.146875
22 0.903125 0.6734375 0.1375 0.15
40 0.27890625 0.1734375 0.1453125 0.146875
39 0.34140625 0.24453125 0.1421875 0.14375
41 0.4078125 0.31640625 0.1453125 0.146875
36 0.47109375 0.3890625 0.146875 0.1484375
34 0.5359375 0.46640625 0.1453125 0.146875
24 0.6015625 0.5375 0.1421875 0.14375
18 0.66875 0.61015625 0.1421875 0.14375
40 0.7375 0.68671875 0.15 0.1515625
18 0.8015625 0.7625 0.14375 0.1453125
38 0.1828125 0.26015625 0.1453125 0.146875
9 0.24375 0.33359375 0.134375 0.1375
24 0.30625 0.4046875 0.134375 0.1375
40 0.37109375 0.47578125 0.146875 0.1484375
33 0.4375 0.54921875 0.146875 0.1484375
9 0.50078125 0.621875 0.128125 0.1296875
11 0.56796875 0.6984375 0.14375 0.1453125
24 0.63203125 0.778125 0.134375 0.1375
28 0.7 0.85078125 0.1515625 0.153125
37 0.08671875 0.34609375 0.1359375 0.1390625
13 0.14765625 0.41796875 0.15 0.1515625
32 0.2078125 0.4890625 0.146875 0.1484375
9 0.275 0.559375 0.146875 0.1484375
22 0.3375 0.6375 0.146875 0.1484375
36 0.403125 0.7125 0.146875 0.1484375
24 0.46875 0.79140625 0.1390625 0.1421875
3 0.5328125 0.865625 0.1546875 0.1578125
8 0.59921875 0.93203125 0.1515625 0.1359375