1 0.5964815787714497 0.8198322048705853 0.18793744668999893 0.1870529451585096
6 0.6555833114258139 0.734117716539515 0.18797380935708982 0.19017794515850978
11 0.7130589094127691 0.6428069324508099 0.18319540268936266 0.18198280788560622
16 0.7713248480664969 0.5523411712409223 0.1832135840229082 0.18354530788560625
16 0.5011834287078163 0.3437483238065995 0.18949994668999892 0.18718049091614422
16 0.19313621339908787 0.4996804909161442 0.1800158586887263 0.17704021637033698
16 0.2499123773869975 0.41533718394862207 0.18159654002227174 0.17873026212797144
6 0.45944410809195035 0.7142044739563808 0.17848972135581712 0.18003767061270254
6 0.6389748773869975 0.4470960775996213 0.18477608402290802 0.18367285364324068
6 0.30895956604072544 0.32493519561755163 0.18321358402290802 0.18354530788560605
1 0.5208714094127691 0.6271188042617621 0.18475790268936265 0.18211035364324069
1 0.4413095367202248 0.4301802892588526 0.1768908586887262 0.1767851248550681
1 0.36565391402768055 0.23356063865002946 0.1705681333545445 0.17002494182452982
11 0.5791464387332697 0.5374342930518745 0.18159654002227157 0.17873026212797144
11 0.3302191374124509 0.6092144718303488 0.1800522213558171 0.18016521637033697
11 0.38929359806649694 0.5211562334992784 0.18315904002227174 0.17885780788560607