27 0.47465265434774373 0.7897053918974785 0.18855727298576408 0.1936586020792367
11 0.5330457293858688 0.7430187234312836 0.19175500816812524 0.19702040041956295
26 0.5874416354460423 0.6927218028904962 0.18699477298576409 0.19354020290907387
14 0.6418557253018061 0.6432061323497089 0.19175500816812524 0.19702040041956295
31 0.6994129989531602 0.5942349134685955 0.18859364057694455 0.19522110207923687
39 0.7554623239912852 0.5477258437576451 0.19175500816812524 0.19702040041956295
21 0.8114570976426393 0.4988730240466948 0.18535953780340292 0.19029680373891084
16 0.8610927685204519 0.4458063010163965 0.1853959053945836 0.19185930373891083
17 0.9106050190438717 0.3962314308905276 0.1787899619122566 0.19533950124939983
32 0.35490058595913254 0.6547761300746238 0.202947081306389 0.20878669461070398
21 0.4100777420193061 0.6044200099487549 0.1966607137152085 0.20675059793005204
17 0.46527308187506994 0.5548451398228862 0.18859364057694455 0.19522110207923687
17 0.5236479731176046 0.5073772213566912 0.18699477298576409 0.19354020290907387
6 0.5764450115865977 0.4556361999860668 0.19662434612402802 0.20518809793005205
14 0.6355829690335421 0.4073278319347904 0.18859364057694455 0.19522110207923687
27 0.6907783088893058 0.3577529618089216 0.19175500816812524 0.19702040041956295
39 0.7443202297671183 0.3043902408532157 0.1853959053945836 0.19185930373891075
23 0.8011144372140627 0.2562594715571838 0.19818684612402784 0.20530649710021498
16 0.23038828238816017 0.5170770657622581 0.19171864057694457 0.19545790041956296
12 0.2856018060395143 0.4682834456363893 0.19662434612402793 0.20518809793005185
2 0.3438857783040976 0.41690927717019444 0.2013845813063891 0.20866829544054113
23 0.4021879343642711 0.3663163587039995 0.19662434612402785 0.20518809793005194
13 0.45582077422003503 0.31685988774829366 0.1933538757593057 0.198701299589726
36 0.5149587316669794 0.26855151969701724 0.1982232137152085 0.2068689971002149
2 0.5700631525447919 0.21507039957114835 0.1933902433504862 0.2002637995897259
41 0.6283834924005557 0.16525873110495343 0.19175500816812524 0.1970204004195629
38 0.6827793984607293 0.11496181056416607 0.20294708130638917 0.20878669461070404
2 0.10740211122600726 0.37769710227972947 0.1998584488975696 0.210112396270378
26 0.16328778210381972 0.3241567825687791 0.2029834488975696 0.21034919461070406
3 0.21926437195958356 0.27452271285782875 0.21254028685347243 0.21887208963168217
26 0.27763926320211824 0.2270547943916338 0.1997857137152085 0.20698739627037802
34 0.3367772206490627 0.1787464263403574 0.20138458130638898 0.20866829544054105
4 0.3934623253224654 0.12592815704432553 0.1997857137152085 0.20698739627037796
7 0.4501656137914584 0.08824259335665981 0.19662434612402785 0.17648518671331961
6 0.5041257619678473 0.06105220870864386 0.18950152393569458 0.12210441741728773
24 0.5543614981001389 0.035483523645709426 0.17747299620027784 0.07096704729141885