36 0.66328125 0.1078125 0.1484375 0.13125
21 0.6984375 0.159375 0.1453125 0.1296875
39 0.72890625 0.2109375 0.1484375 0.13125
28 0.765625 0.259375 0.1484375 0.13125
9 0.790625 0.3140625 0.1359375 0.11875
2 0.82734375 0.36484375 0.1484375 0.13125
26 0.078125 0.38359375 0.153125 0.1359375
31 0.1078125 0.440625 0.1515625 0.134375
36 0.1453125 0.48984375 0.146875 0.1296875
17 0.16875 0.5484375 0.15 0.13125
32 0.21328125 0.5921875 0.15 0.1328125
37 0.24375 0.6453125 0.146875 0.1296875
40 0.27734375 0.69765625 0.1484375 0.1328125
4 0.3046875 0.75078125 0.1453125 0.1296875
24 0.3390625 0.803125 0.146875 0.1296875
24 0.37734375 0.8484375 0.1359375 0.1171875
21 0.4804158 0.90559995 0.3856963265625 0.9826237703125 0.4664187703125 0.9793345828125 0.5165437390625 0.940059665625 0.4804158 0.90559995