1 0.7546875 0.32734375 0.1359375 0.1046875
1 0.615625 0.31796875 0.13125 0.1015625
1 0.45703125 0.615625 0.13125 0.1
1 0.31328125 0.60859375 0.125 0.096875
6 0.7515625 0.4328125 0.134375 0.1015625
6 0.60859375 0.4234375 0.1296875 0.1015625
6 0.46171875 0.515625 0.13125 0.1015625
6 0.32578125 0.5046875 0.134375 0.1046875
11 0.74765625 0.5375 0.1390625 0.103125
11 0.60234375 0.52578125 0.1359375 0.1046875
11 0.47265625 0.41328125 0.1359375 0.103125
11 0.33125 0.40390625 0.1359375 0.103125
16 0.7421875 0.6375 0.134375 0.10625
16 0.59609375 0.62734375 0.1375 0.1
16 0.47734375 0.30859375 0.1265625 0.1
16 0.33515625 0.30390625 0.134375 0.1