1 0.7267262904583219 0.7225780981797275 0.17678573320977692 0.14562605172849494
6 0.7660119905509892 0.6158590852476038 0.17694942431676958 0.15031355172849495
11 0.8027902495366638 0.504520768475414 0.17511410580511538 0.14245558762187222
16 0.8395685085223384 0.3931824517032244 0.1736607332097769 0.1455351235152496
16 0.5392287134243292 0.3026018819615338 0.17985616950744615 0.1441544799417403
16 0.27671138837407094 0.5784813865138803 0.17344247840045365 0.13928512351524952
16 0.3137351840202344 0.47417431974169055 0.17500497840045356 0.13933058762187223
6 0.5741990019837345 0.6769653844688163 0.16880954210278443 0.14071123119538137
6 0.6924281244942548 0.34506686361913375 0.1752232332097769 0.14558058762187223
6 0.3520759430059091 0.3627905388628782 0.17366073320977699 0.1455351235152496
1 0.6165005746717401 0.5670304433234471 0.17667660580511538 0.14250105172849495
1 0.500724263331662 0.40929816284034615 0.16870041469812272 0.13758623119538155
1 0.3888269201404183 0.25067097209068845 0.1637946598887993 0.13119983887551348
11 0.6533333973597456 0.4572546265512575 0.17349704210278444 0.14084762351524951
11 0.4294296498068163 0.6295628502247916 0.16886410580511538 0.14227373119538153
11 0.46777040879249104 0.5181790693459792 0.17656747840045348 0.13937605172849493