34 0.284375 0.13515625 0.0515625 0.125
14 0.34609375 0.134375 0.0484375 0.125
24 0.40546875 0.1296875 0.0515625 0.121875
36 0.46328125 0.128125 0.0515625 0.1265625
41 0.52265625 0.12890625 0.05 0.1265625
28 0.58203125 0.12734375 0.05 0.125
2 0.2828125 0.278125 0.0515625 0.1328125
26 0.34453125 0.275 0.0515625 0.1265625
24 0.403125 0.27421875 0.05 0.1296875
6 0.4640625 0.2671875 0.0515625 0.1265625
6 0.52265625 0.26796875 0.05 0.125
29 0.58125 0.26796875 0.0484375 0.1265625
11 0.28046875 0.42265625 0.0515625 0.1265625
11 0.340625 0.42109375 0.0515625 0.1265625
2 0.40234375 0.41875 0.053125 0.13125
8 0.46171875 0.41484375 0.0515625 0.13125
38 0.51953125 0.41484375 0.0515625 0.1296875
1 0.12890625 0.7296875 0.0515625 0.1328125
1 0.190625 0.73046875 0.05 0.1328125
16 0.25078125 0.7296875 0.0484375 0.1359375
21 0.3125 0.73203125 0.0484375 0.1296875
26 0.37265625 0.7359375 0.0515625 0.1296875
7 0.434375 0.7375 0.05 0.1296875
17 0.49296875 0.7390625 0.0484375 0.128125
17 0.55234375 0.7359375 0.0484375 0.1296875
23 0.61171875 0.73203125 0.0484375 0.1296875
28 0.67109375 0.7375 0.0515625 0.1328125
33 0.7296875 0.73125 0.05 0.128125
4 0.7875 0.73515625 0.0484375 0.1296875
9 0.8453125 0.728125 0.05 0.1234375
7 0.9577546296874999 0.6563786015625 0.9166666671874999 0.661522634375 0.922453703125 0.780864196875 0.9635416671874999 0.7736625515625 0.9577546296874999 0.6563786015625