21 0.15703125 0.3 0.071875 0.1078125
40 0.2453125 0.3 0.078125 0.1015625
37 0.334375 0.2984375 0.0703125 0.109375
31 0.4203125 0.29765625 0.0671875 0.109375
24 0.51015625 0.29765625 0.0703125 0.10625
33 0.59765625 0.29765625 0.078125 0.109375
37 0.68671875 0.29765625 0.071875 0.109375
22 0.77734375 0.29609375 0.0734375 0.10625
7 0.865625 0.296875 0.0625 0.109375
41 0.15859375 0.42109375 0.0703125 0.1046875
24 0.246875 0.41953125 0.071875 0.1015625
12 0.33359375 0.4203125 0.071875 0.10625
16 0.4203125 0.4203125 0.06875 0.10625
36 0.51015625 0.41875 0.071875 0.1078125
9 0.59609375 0.4203125 0.0734375 0.10625
6 0.6859375 0.421875 0.071875 0.1015625
23 0.775 0.41953125 0.078125 0.10625
39 0.86328125 0.41875 0.0703125 0.10625
29 0.16328125 0.5390625 0.071875 0.0984375
6 0.24765625 0.5390625 0.0703125 0.103125
9 0.3359375 0.5390625 0.0671875 0.1015625
18 0.42109375 0.5375 0.0734375 0.1046875
39 0.50859375 0.5390625 0.0671875 0.1015625
28 0.59765625 0.5390625 0.0765625 0.103125
6 0.68515625 0.53828125 0.071875 0.1078125
41 0.7734375 0.540625 0.0703125 0.1078125
3 0.8609375 0.53984375 0.0734375 0.109375
7 0.16171875 0.65703125 0.0640625 0.1015625
32 0.2484375 0.65859375 0.0765625 0.103125
18 0.3359375 0.65625 0.071875 0.103125
17 0.421875 0.65546875 0.0671875 0.0984375
11 0.50859375 0.65625 0.0671875 0.10625
7 0.59453125 0.65703125 0.0671875 0.1046875
33 0.6828125 0.659375 0.06875 0.103125
11 0.76953125 0.65859375 0.06875 0.1015625
13 0.859375 0.6609375 0.0765625 0.10625