38 0.84140625 0.184375 0.115625 0.1375
27 0.884375 0.3125 0.10625 0.1328125
23 0.925 0.44140625 0.115625 0.1375
7 0.95859375 0.5671875 0.0828125 0.128125
28 0.7484375 0.2109375 0.115625 0.1359375
27 0.78984375 0.33671875 0.1125 0.1375
19 0.83203125 0.46640625 0.1078125 0.1265625
28 0.875 0.596875 0.1171875 0.1390625
17 0.78125 0.625 0.109375 0.128125
1 0.74140625 0.496875 0.1109375 0.13125
34 0.696875 0.3671875 0.1078125 0.1296875
26 0.65546875 0.2421875 0.1046875 0.1390625
7 0.5640625 0.2671875 0.1125 0.1328125
8 0.6046875 0.3984375 0.115625 0.140625
4 0.6484375 0.528125 0.1125 0.1328125
1 0.68828125 0.6515625 0.109375 0.128125
24 0.46796875 0.2984375 0.10625 0.1328125
17 0.51328125 0.425 0.1109375 0.134375
1 0.55546875 0.55 0.1125 0.134375
32 0.59453125 0.67734375 0.1171875 0.1359375
28 0.37734375 0.32421875 0.115625 0.140625
9 0.42109375 0.4515625 0.1140625 0.1375
16 0.46484375 0.57890625 0.1140625 0.13125
14 0.50625 0.7078125 0.1140625 0.1328125
39 0.28359375 0.35078125 0.115625 0.1359375
41 0.328125 0.48125 0.1125 0.1359375
38 0.371875 0.60625 0.1140625 0.1375
36 0.41171875 0.73359375 0.1171875 0.1375
39 0.190625 0.38125 0.115625 0.140625
13 0.23359375 0.509375 0.115625 0.1359375
31 0.2765625 0.63515625 0.1125 0.1375
33 0.31953125 0.7609375 0.1171875 0.1390625
18 0.10078125 0.4078125 0.115625 0.1359375
29 0.14296875 0.5375 0.1109375 0.1328125
22 0.18671875 0.6625 0.1078125 0.13125
40 0.228125 0.7890625 0.11875 0.1375