21 0.8778808275453713 0.3921574886425049 0.136309989246633 0.14445120373287815
40 0.803567878207325 0.4457558214342205 0.13779971463952734 0.14291597727182861
37 0.73070826695862 0.5016706306869858 0.13474748924663302 0.14442393019392785
31 0.6594839303170208 0.5559956664008008 0.1299144400324213 0.1412171095770768
24 0.5843533436754217 0.6103888859619916 0.13311221463952716 0.14283415665497756
33 0.5116028943373754 0.6639599452147569 0.14121581306795045 0.14922052434972918
37 0.4379984203922234 0.7191071412369974 0.13638276385373888 0.14601370373287814
22 0.36275867183996546 0.7758441107981882 0.136309989246633 0.1444512037328783
7 0.2884457225019192 0.8294424435899039 0.12664389081820956 0.1380375624991764
41 0.8105542404894873 0.2957558214342205 0.12976889081820958 0.1380921095770768
24 0.7385122665443353 0.35087574391751064 0.13133139081820958 0.13811938311602728
12 0.665798204509842 0.40366555317027597 0.13467471463952715 0.14286143019392786
16 0.5930841424753487 0.45645536242304113 0.13140416542531544 0.13968188311602708
36 0.5186620312266437 0.5123974452147568 0.136309989246633 0.14445120373287815
9 0.44676560649570324 0.564392367698047 0.13467471463952715 0.14286143019392786
6 0.371671407157657 0.6180043372592378 0.13133139081820958 0.1381193831160271
23 0.2979941586053991 0.6747140332814783 0.1395077638537389 0.1460682508107789
39 0.22442607196379996 0.7290799793037188 0.13311221463952716 0.14283415665497756
29 0.7430457169158388 0.20326040422593614 0.13125861621110388 0.13655688311602718
6 0.6734930421848984 0.2552144164008007 0.13140416542531544 0.1396818831160272
9 0.5999249555432993 0.3095803624230412 0.12649834160399784 0.13491256249917621
18 0.5295182562052531 0.36311051136738104 0.1346019400324213 0.14129893019392795
39 0.45527808147431265 0.4151463441590966 0.12649834160399784 0.13491256249917621
28 0.3809287448327135 0.46952592695081224 0.13616444003242129 0.14132620373287813
6 0.30814190819111437 0.5238782362035777 0.13467471463952715 0.14286143019392786
41 0.23312048346017397 0.5759277057647684 0.13467471463952715 0.14286143019392786
3 0.1618597595150219 0.6310339914785834 0.1380180384608447 0.1476034772718286
7 0.6811878798599549 0.10676327963132556 0.12486306699689198 0.13332278896022584
32 0.6077289551290145 0.15878547565356604 0.13616444003242129 0.14132620373287824
18 0.5356505938803094 0.21468664813685617 0.1329666654253156 0.13970915665497757
17 0.4652438945422633 0.26821679708119595 0.12315501778268043 0.13017051542127547
11 0.3925662198113229 0.3202253563339613 0.12984166542531544 0.13965460957707682
7 0.3198885450803825 0.3722339155867266 0.12976889081820958 0.1380921095770768
33 0.24486712034944214 0.4242833851479174 0.12969611621110372 0.136529609577077
11 0.17286153370784302 0.47862205763120746 0.1281336162111037 0.1365023360381265
13 0.09698608436979676 0.5322476639618735 0.1379452638537389 0.1460409772718286