4 0.18575830009453648 0.302489716626121 0.10640440782296263 0.1630363311856975
22 0.25514328713504575 0.28337207796424363 0.10722461404351816 0.1724113311856975
1 0.32714542624907356 0.2673930748409856 0.1083770109332404 0.167732921544777
7 0.3979562122528236 0.24672202653818784 0.10552541300675902 0.1708397408266178
34 0.46805409877495324 0.2268276830558503 0.1052520109332404 0.1677147408266178
3 0.5416187378889811 0.21085777029167194 0.11544721715379591 0.17714428298109555
27 0.6129763280397682 0.19643672198887416 0.11163871196999971 0.16931360226293632
22 0.6838554645618978 0.17654692368607638 0.1083770109332404 0.1677329215447771
37 0.7577618562678238 0.16448326092189805 0.10993951093324057 0.16774201190385668
11 0.23792426724833243 0.479265840064492 0.10824030989648117 0.16617042154477701
8 0.30880340377046206 0.4593760417616942 0.10906051611703668 0.175545421544777
7 0.3799559423661103 0.44261124345889646 0.10681451093324039 0.1677238311856975
33 0.45182138044337883 0.42506974033563855 0.10695121196999971 0.1692863311856975
9 0.5246047695574066 0.4090952823919204 0.11021291300675884 0.17086701190385672
32 0.5964702076346752 0.3915537792686624 0.11163871196999971 0.16931360226293632
13 0.6699664962303233 0.37480261650448404 0.11347461404351815 0.17244769262201592
19 0.7419686353443511 0.35882361338122604 0.10708791300675884 0.1708488311856974
4 0.8144786223848606 0.3397241554375079 0.10966610885972194 0.16461701190385664
38 0.2904319869940265 0.659948213502863 0.11558391819055522 0.17870678298109546
40 0.3620923735161562 0.6400629603796051 0.11714641819055523 0.17871587334017516
41 0.43467071107504507 0.6217447524358869 0.10906051611703678 0.175545421544777
31 0.508235350189073 0.6057748396717086 0.11048631508027747 0.17399201190385655
39 0.5806769867112026 0.5858941317279904 0.11374801611703678 0.17557269262201594
17 0.6518978758252304 0.5699105834251926 0.11034961404351833 0.17242951190385672
41 0.7279429659760174 0.5555168061996337 0.1137480161170366 0.17557269262201594
19 0.8022888550900452 0.5395514386149951 0.1085137119699997 0.169295421544777
3 0.8749355431673138 0.522014480671277 0.12068152130083298 0.18342155405833438
34 0.34426776088675765 0.8468851321207739 0.11204881508027746 0.1740011022629364
29 0.4165043458537484 0.8246606741770556 0.11075971715379591 0.17711701190385654
18 0.48993228393101695 0.8071282614128773 0.11273232026407384 0.18181360226293605
26 0.5633602220082855 0.7895958486486989 0.10947061922731435 0.18023292154477702
23 0.6377061111223133 0.7736304810640604 0.11911902130083299 0.18341246369925485
27 0.7096398997179615 0.7568702279408026 0.11429482026407367 0.18182269262201595
28 0.7861928377952301 0.7393559958947834 0.11939242337435144 0.18653746369925467
1 0.8611149253541189 0.7210514234896847 0.11130652130083299 0.18336701190385654
33 0.9346112139497672 0.7043002607255063 0.11558391819055522 0.17870678298109546