6 0.9266731677377645 0.67496611413968 0.14665366452447087 0.15905828453190338
12 0.8692104515366055 0.6086283306412339 0.1751270300058188 0.16225605913900906
4 0.796139871231224 0.5429626352321291 0.1733094384905499 0.15905828453190338
34 0.7277567909258427 0.47751526364434194 0.16654925546001173 0.15251718610347992
23 0.5818866972845417 0.33997026012968523 0.1783795757634536 0.1639641083532209
3 0.5094698212215256 0.27277845202413337 0.1833221672787225 0.16730743217453847
7 0.441804218037327 0.20658621773989908 0.16304161818710822 0.1476841368892682
36 0.37439370636839736 0.14351898345566477 0.16654925546001173 0.1525171861034799
7 0.8579535713907035 0.756755461534646 0.1664217097023773 0.15095468610347976
33 0.7891878538124184 0.6866205899468588 0.17512703000581897 0.16225605913900926
6 0.7153997963858544 0.6216997572342011 0.1733094384905499 0.15905828453190338
13 0.6444816474440211 0.553799473735755 0.17512703000581914 0.16225605913900906
9 0.4977665309239029 0.41543683291754546 0.16160666394474266 0.14917386228216234
11 0.43010092773970426 0.3492445986333112 0.17499948424818434 0.16069355913900923
24 0.35852907455550553 0.2828704278313123 0.16160666394474266 0.14917386228216234
37 0.29327099425012415 0.21756860545773676 0.1749994842481845 0.16069355913900915
22 0.7769584050300649 0.8323675835367179 0.1749994842481845 0.16069355913900907
2 0.7069490518458661 0.7660661873418249 0.1801971672787225 0.16716188296032683
22 0.6353134257828502 0.698910766539826 0.17512703000581914 0.16225605913900906
14 0.563614026841017 0.630974095737827 0.16836684697528082 0.1557149607105856
40 0.41683513744208145 0.4918302049196175 0.1768170757634536 0.16389133374611511
38 0.34995078425788284 0.42567435793893615 0.17512703000581897 0.16225605913900906
29 0.2785064768313187 0.36086268713693714 0.16342425546001174 0.1523716368892682
40 0.21246714652593726 0.29552447745980875 0.16836684697528082 0.15571496071058571
28 0.6955646259423297 0.9126308182352372 0.1783795757634536 0.16396410835322078
18 0.6229564312428619 0.8430952601296852 0.17161939273291543 0.15742300992479769
1 0.5543182594222115 0.774522888541898 0.16342425546001174 0.1523716368892682
19 0.4858076333591955 0.7075130169541108 0.16823930121764635 0.1541524607105858
27 0.3407187897178946 0.5700044007430071 0.16654925546001173 0.15251718610347992
29 0.26752066365487864 0.5027762053339023 0.16667680121764636 0.15407968610347994
22 0.20219881047067995 0.43669313296032675 0.1614791181871082 0.14761136228216235
36 0.13238077592293307 0.37273548676543367 0.16980180121764632 0.15422523531769156