40 0.17578125 0.1875 0.06875 0.171875
36 0.25546875 0.18671875 0.06875 0.1671875
37 0.33515625 0.184375 0.06875 0.165625
23 0.41484375 0.18125 0.0703125 0.171875
26 0.58046875 0.18125 0.0671875 0.171875
6 0.6578125 0.17578125 0.065625 0.1671875
16 0.73515625 0.178125 0.0671875 0.16875
38 0.81328125 0.178125 0.0703125 0.178125
22 0.1765625 0.378125 0.0671875 0.1734375
31 0.25625 0.37421875 0.06875 0.171875
16 0.33515625 0.3765625 0.06875 0.165625
8 0.6609375 0.36875 0.0703125 0.171875
27 0.7375 0.36953125 0.0625 0.171875
3 0.81640625 0.36953125 0.06875 0.175
34 0.17734375 0.596875 0.065625 0.171875
13 0.2546875 0.59375 0.0703125 0.1734375
33 0.334375 0.59375 0.06875 0.171875
4 0.6625 0.59140625 0.065625 0.1734375
2 0.74140625 0.58828125 0.0703125 0.16875
29 0.81875 0.5890625 0.065625 0.1640625
18 0.17421875 0.79296875 0.065625 0.1734375
6 0.25546875 0.7890625 0.06875 0.175
12 0.33515625 0.784375 0.0703125 0.175
11 0.41484375 0.78359375 0.065625 0.1734375
27 0.58671875 0.78359375 0.065625 0.1671875
1 0.66484375 0.7828125 0.065625 0.16875
28 0.74296875 0.7796875 0.065625 0.1703125
41 0.82109375 0.78046875 0.0640625 0.16875