3 0.8916157191508585 0.661525466783299 0.1685978157455871 0.18286281203728053
1 0.8891259188265469 0.608518865953462 0.18435918344033872 0.19185930373891083
2 0.8779605478853842 0.5514759605595216 0.18120690990138827 0.19006000539858475
16 0.33579991598387776 0.9078186197016617 0.15843188311602718 0.13683991701630233
21 0.31325671427959445 0.871194958083944 0.18104326866768633 0.18068500539858476
26 0.2967453242637084 0.8215976997855741 0.1859489569792891 0.19354020290907387
39 0.28716972686149617 0.7659988952214707 0.18435918344033872 0.19185930373891083
12 0.2752231059203336 0.709015189412612 0.1891012305182394 0.19533950124939992
17 0.2555048952875965 0.6549672294545683 0.17958986282348768 0.18681660622842172
22 0.24433952434643397 0.5979243240606279 0.18117963636243806 0.18849750539858476
18 0.2363400637136969 0.5429883703263615 0.18753873051823938 0.19522110207923687
18 0.23609855600305912 0.48433542074127994 0.18115236282348768 0.18693500539858476
28 0.20860875567874756 0.4332232066340514 0.18117963636243806 0.18849750539858476
33 0.1967030450460105 0.3785832508251926 0.18117963636243806 0.18849750539858476
24 0.18246722118274858 0.3249021437715783 0.17164099512873604 0.17841211037760657
24 0.16516094439738738 0.27458283505829006 0.17005122158978567 0.17673121120744356
23 0.15813760267721802 0.18593473215386064 0.144833033278183 0.1623368244848352