13 0.9054189196059896 0.5356659433918048 0.18916216078802073 0.22638458130638917
34 0.856549808908826 0.47832687528753404 0.20192542740790564 0.22006184612402785
4 0.8033562098587657 0.4185531382053119 0.19707415309764614 0.2168277433504862
23 0.7471194979638351 0.36041463630545084 0.20850297602842466 0.22645731648875014
18 0.6925681168015991 0.3045835168144092 0.2037335888732951 0.2247857137152085
34 0.6341514292169281 0.24962456630131893 0.19526599163225705 0.21210387575930573
22 0.5816981365893028 0.18905139542350646 0.19542976594251654 0.21522887575930572
13 0.5209786425821967 0.13492824629718708 0.19863665309764614 0.21686411094166677
4 0.4683991971956095 0.093346690445104 0.196173394391219 0.186693380890208
31 0.7866478239468313 0.6669003724377424 0.20537797602842484 0.22638458130638917
2 0.7312333056294655 0.609524936742291 0.21688868611433296 0.23757665444465292
37 0.6748328194242756 0.54826143484243 0.2118736374938141 0.2312175516711113
21 0.6201995511069098 0.49086781535138846 0.20537797602842467 0.22638458130638917
12 0.5647031456344145 0.43192987965593704 0.2118736374938141 0.2312175516711113
21 0.5085483208946135 0.375353877756076 0.20866675033868418 0.22958231648875013
14 0.45169413330994246 0.3203585596518052 0.2118736374938141 0.2312175516711113
16 0.3992817842598822 0.2605666387739928 0.20036292740790573 0.22002547853284735
32 0.3439491530976463 0.2047537030785414 0.20521420171816523 0.22325958130638907
16 0.6599325949777304 0.80125980148368 0.20537797602842467 0.2263845813063888
3 0.6021333830827998 0.7431576671749995 0.21688868611433315 0.23757665444465292
11 0.5488988404551748 0.6826026800927772 0.2103111374938141 0.2311811840799308
38 0.4948830478275495 0.6220658768061454 0.21516241180407364 0.23441528685347243
3 0.43872822308774867 0.5654898749062844 0.21516241180407344 0.23441528685347243
33 0.384876204770383 0.5080780716196525 0.20694047602842466 0.22642094889756947
8 0.3278991864530173 0.45073900351538165 0.20702236318355452 0.22798344889756966
38 0.2717443617132165 0.3941630016155206 0.21031113749381403 0.2311811840799308
31 0.22027703697341566 0.3374778969421179 0.203733588873295 0.2247857137152085
6 0.5324427600611644 0.9059135467340272 0.2024300384437538 0.1701345813063888
19 0.4789559119156152 0.8703949272429856 0.20537797602842467 0.2263845813063888
8 0.4251448371758144 0.8137643739563538 0.21516241180407364 0.23441528685347243
4 0.3679631009706243 0.7525190558520831 0.2119555246489438 0.2327800516711113
33 0.3118901633859532 0.697505553952222 0.21516241180407344 0.23441528685347243
29 0.25787437075832803 0.6369687506655901 0.2119555246489438 0.2327800516711113
13 0.20180143317365698 0.581955248765729 0.20537797602842475 0.22638458130638917
29 0.14782658412359662 0.5221996954790971 0.20521420171816523 0.22325958130638918
18 0.10729675938379582 0.4652600176674305 0.17692542740790573 0.219479964665139