2 0.1609375 0.20234375 0.06875 0.1703125
2 0.16171875 0.396875 0.06875 0.1671875
2 0.16328125 0.58359375 0.06875 0.1640625
2 0.16328125 0.78046875 0.06875 0.175
7 0.23984375 0.203125 0.065625 0.171875
7 0.240625 0.39765625 0.0640625 0.165625
7 0.2421875 0.5890625 0.0640625 0.1609375
7 0.2421875 0.77734375 0.0640625 0.1625
12 0.31953125 0.20078125 0.065625 0.1703125
12 0.31796875 0.39453125 0.0640625 0.165625
12 0.31953125 0.5890625 0.0703125 0.1640625
12 0.3203125 0.7765625 0.0703125 0.1671875
17 0.39765625 0.20078125 0.06875 0.1703125
17 0.39921875 0.396875 0.06875 0.1640625
17 0.39921875 0.58828125 0.06875 0.1640625
17 0.39765625 0.78046875 0.065625 0.1609375
22 0.4765625 0.20078125 0.071875 0.1765625
22 0.478125 0.39609375 0.06875 0.171875
22 0.478125 0.590625 0.065625 0.1640625
22 0.47734375 0.778125 0.065625 0.1703125
27 0.55546875 0.2 0.0671875 0.1765625
27 0.55625 0.39765625 0.0640625 0.16875
27 0.55625 0.5875 0.065625 0.165625
27 0.55546875 0.7796875 0.0640625 0.1703125
32 0.63515625 0.20234375 0.0703125 0.1734375
32 0.63515625 0.39609375 0.0671875 0.171875
32 0.634375 0.58828125 0.0671875 0.1734375
32 0.634375 0.77578125 0.06875 0.171875
37 0.715625 0.2 0.065625 0.1703125
37 0.71484375 0.39609375 0.0671875 0.171875
37 0.7140625 0.58671875 0.0671875 0.171875
37 0.71328125 0.77890625 0.0640625 0.171875
40 0.79375 0.19921875 0.0703125 0.1734375
40 0.7921875 0.39296875 0.0703125 0.16875
40 0.7921875 0.58359375 0.0671875 0.1703125
40 0.790625 0.77421875 0.0671875 0.175