24 0.1278692678511541 0.6051764582041346 0.1987692418957307 0.23222791640826923
9 0.16324605475344423 0.5443984469453677 0.2046552208490433 0.22637843460686646
12 0.20569959428657025 0.4848522686600226 0.22119027346576187 0.24300473010335963
28 0.24797112329635257 0.42218109037467755 0.2162297576807463 0.23801684145441176
1 0.29285941809115046 0.36434760641380654 0.2112692418957307 0.23302895280546387
36 0.3369209602551124 0.30568280767811085 0.2112692418957307 0.2330289528054638
21 0.38089149715740256 0.24545550894241513 0.2112692418957307 0.2330289528054638
38 0.4219190445830364 0.18815295110742078 0.21292274715740261 0.23469158235511314
39 0.4676340920086702 0.1311507819213744 0.19776818401734034 0.21504041640826918
7 0.26364641510737874 0.7314058960502036 0.21292274715740253 0.23469158235511306
28 0.30527320200966884 0.6710284029900339 0.20630872611071513 0.22804106415651582
21 0.3491527336502871 0.6092386042543382 0.21292274715740253 0.23469158235511323
23 0.393259778445085 0.5513550555186425 0.21457625241907446 0.2363542119047624
40 0.43792056008570324 0.4896153215577715 0.21117823663405896 0.23146645280546368
33 0.4795928496188293 0.4300190784976018 0.21457625241907435 0.2363542119047624
17 0.5236543917827913 0.3713542797619061 0.2128317418957307 0.23312908235511304
14 0.5669346839467532 0.3126394162513857 0.20796223137238706 0.22970369370616517
17 0.6102149761107152 0.25392455274086534 0.20300171558737148 0.2247158050572172
16 0.40888956762527523 0.8597986111941684 0.20805323663405878 0.23126619370616516
18 0.4480815992658934 0.7977084238095248 0.2147582629424182 0.23947921190476257
8 0.49435038353734767 0.7368500693983031 0.21457625241907435 0.2363542119047624
29 0.5360226730704737 0.6772538263381335 0.2147582629424182 0.2394792119047624
8 0.5816012126035996 0.6179079071520871 0.21806527346576168 0.24280447100406094
39 0.6256172521367257 0.5584618584163914 0.20970674189573071 0.23292882325581452
19 0.6665082916698518 0.49881555058139704 0.2163207629424182 0.23957934145441176
39 0.7090073338338138 0.44005062229605196 0.20787122611071512 0.22814119370616517
24 0.7554581286286116 0.3823172678848302 0.20630872611071513 0.22804106415651582
1 0.5490966096480628 0.9362040175802886 0.2026685156438411 0.1275919648394229
6 0.595577496522118 0.9040621460502036 0.2128317418957307 0.19187570789959274
4 0.6372042834244083 0.864311340217794 0.21292274715740261 0.23469158235511323
37 0.6819560703266984 0.804134106256923 0.21301375241907436 0.23625408235511286
31 0.7243186045981524 0.743025427971578 0.2128317418957307 0.23312908235511304
23 0.7675988967621145 0.6843105644610576 0.21806527346576168 0.2428044710040611
22 0.8108791889260762 0.6255957009505373 0.21292274715740261 0.23469158235511323
2 0.8587559758283664 0.5656187260889649 0.2162297576807461 0.23801684145441176
26 0.8970972024684855 0.5066535387043212 0.20580559506302903 0.22814119370616517