36 0.8686403637658666 0.5317816640294606 0.17171498758216436 0.17950403142885668
21 0.8204740596732822 0.5789065639871083 0.16833489606689547 0.17619702090551304
39 0.7726903928536016 0.6213439639447559 0.17171498758216436 0.17950403142885668
28 0.7283665658822001 0.669022600748224 0.17171498758216436 0.17950403142885668
9 0.677059286335423 0.7070000138600513 0.1549420757634536 0.16453147881213823
2 0.6303917093640214 0.7548151585560271 0.17171498758216436 0.17950403142885668
26 0.5266265307547251 0.0626309896884178 0.17487193849054988 0.1252619793768356
31 0.4751119571173034 0.08396344624433147 0.1752226248550679 0.16792689248866294
36 0.42994310726708457 0.12424551094686671 0.1684624418245299 0.17775952090551303
17 0.3740121005991248 0.16171468984370957 0.1718425333397989 0.1810665314288568
32 0.3354280905971852 0.21527930560049024 0.1734050333397989 0.18115753669052861
37 0.28601815089868726 0.2585889608198098 0.16846244182452982 0.17775952090551303
40 0.2371981425637375 0.30419686340829344 0.17327748758216438 0.17959503669052862
4 0.18732581725932596 0.3436457712584489 0.16833489606689528 0.17619702090551304
24 0.13922328604555895 0.3899894212160966 0.16846244182452982 0.17775952090551303
24 0.09796068619534017 0.438267297496221 0.15337957576345354 0.16444047355046648
21 0 0.576754328125 0.0221876859375 0.5960612375000001 0.0525523890625 0.552453175 0 0.5086096734375001 0 0.576754328125