38 0.9180842787822563 0.59921875 0.11413784802388918 0.1375
27 0.8890715388502425 0.46953125 0.10465374525034718 0.1328125
23 0.8584962989182289 0.33984375 0.11253898043270852 0.1359375
7 0.8310096913950347 0.21171875 0.09982077488562524 0.1265625
28 0.8229711473233676 0.62421875 0.11406511284152784 0.134375
27 0.7947032898001731 0.49609375 0.10937761284152785 0.134375
19 0.7641462336637497 0.365625 0.10290940729444457 0.125
28 0.7344067951185067 0.23359375 0.114137848023889 0.1375
17 0.638530597455208 0.2578125 0.10607077488562525 0.1265625
1 0.6699234549784026 0.3859375 0.10766964247680555 0.128125
34 0.6973373273192356 0.5171875 0.10458101006798622 0.1296875
26 0.7256233686380202 0.64453125 0.10167421561506948 0.1390625
7 0.6328539871791314 0.66953125 0.10930487765916688 0.13125
8 0.6007526148382981 0.53828125 0.11417421561506949 0.1390625
4 0.5717944262930552 0.40625 0.1093048776591667 0.13125
1 0.5434356497919095 0.28203125 0.10766964247680555 0.128125
24 0.5331260909026037 0.69140625 0.10465374525034736 0.1328125
17 0.5064752847661801 0.5609375 0.10774237765916687 0.13125
1 0.4797335596518052 0.434375 0.10934124525034736 0.1328125
32 0.4483407021286109 0.30625 0.11562761284152785 0.134375
28 0.439593643239305 0.715625 0.11417421561506949 0.1390625
9 0.4129428371028814 0.58515625 0.11097648043270851 0.1359375
16 0.38547441337527744 0.45625 0.11083101006798621 0.1296875
14 0.35491735723885387 0.32578125 0.1124298776591667 0.13125
39 0.3444986955760063 0.73984375 0.11250261284152785 0.134375
41 0.3163217570307634 0.6078125 0.10934124525034736 0.1328125
38 0.290397649507569 0.4796875 0.111012848023889 0.1375
36 0.2597860419843747 0.3515625 0.11406511284152784 0.134375
39 0.24789579929947853 0.76171875 0.11261171561506958 0.1390625
13 0.21968249316305505 0.63125 0.11250261284152785 0.134375
31 0.1914146356398607 0.503125 0.10941398043270847 0.1359375
33 0.16547234432107608 0.37578125 0.11410148043270843 0.1359375
18 0.15516278543177017 0.78515625 0.11406511284152784 0.134375
29 0.12620459688652724 0.653125 0.10770601006798622 0.1296875
22 0.09948105556774262 0.52578125 0.10614351006798624 0.1296875
40 0.070413764248958 0.3984375 0.11722648043270847 0.1359375