13 0.5674219297115277 0.13378149752442223 0.18157992116215294 0.1619350053985847
34 0.6072643732907638 0.20410657553374234 0.1767833183886111 0.15689230788809566
4 0.6487602358479512 0.2706438027132255 0.17358558320625014 0.15353050954776962
23 0.6902015470183678 0.3395247798927087 0.18157992116215294 0.16193500539858477
18 0.7277911595755553 0.40576600914678423 0.1799446859797918 0.15869160622842174
34 0.7652534855636108 0.4774759884008599 0.17042421561506965 0.15173121120744354
22 0.8083300319163884 0.5433503647505061 0.17202308320625015 0.15341211037760658
13 0.843448607904444 0.6148827452493372 0.1736219507974308 0.1550930095477696
4 0.883418338052812 0.6797390732586572 0.17358558320625014 0.15353050954776962
31 0.4072091686936109 0.22494818133795685 0.18157992116215294 0.16193500539858477
2 0.4470879798640276 0.293710759347277 0.19113675911805572 0.17045790041956294
37 0.48931054103444416 0.3626509361118416 0.1863401563445141 0.16541520290907377
21 0.5300069697960413 0.42991021370624327 0.18157992116215294 0.16193500539858477
12 0.5698857809664579 0.49867279171556333 0.1847776563445141 0.1652968037389108
21 0.6097464083412844 0.5682166197248836 0.18314242116215276 0.16205340456874778
14 0.6472814695117008 0.6368015989789592 0.1847776563445141 0.1652968037389108
16 0.6887955158644786 0.7025575761584423 0.17838218597979177 0.1585732070582587
32 0.7279112608304855 0.7704797045826808 0.17838218597979177 0.1585732070582587
16 0.24310834147128446 0.3150376172260838 0.17998105357097235 0.16025410622842173
3 0.2829507850505205 0.38536269523540395 0.18797539152687515 0.16865860207923689
11 0.3267722138121177 0.4528587711701316 0.18474128875333343 0.16373430373891082
38 0.3698123925737149 0.5202956475197779 0.18950152393569458 0.1672145012493999
3 0.4081105199485412 0.5897210763589349 0.18793902393569456 0.1670961020792369
33 0.4488251325057286 0.6561991039533366 0.18157992116215294 0.16193500539858477
8 0.48792269367614527 0.7249024823775752 0.18310605357097245 0.1604909045687478
38 0.5262208210509716 0.7943279112167323 0.18470492116215292 0.16217180373891082
31 0.5669899849949299 0.8584621888111339 0.17834581838861113 0.1570107070582587
6 0.08607061241501722 0.4037421518694554 0.17214122483003444 0.15881000539858475
19 0.12749825921496488 0.4737595765594276 0.18157992116215294 0.16193500539858477
8 0.16661400418097178 0.5416817049836663 0.18793902393569456 0.1670961020792369
4 0.20880019776020786 0.612184381748231 0.18630378875333342 0.16385270290907386
33 0.247152876521805 0.679266060587388 0.18793902393569456 0.1670961020792369
29 0.2893936214878119 0.7474249873519527 0.18630378875333342 0.16385270290907386
13 0.32692868265822855 0.8160099666060283 0.1815071859797918 0.15881000539858475
29 0.3691876114198257 0.883387643370593 0.17838218597979177 0.1585732070582587
18 0.4091391577726034 0.9348989087179327 0.17681968597979178 0.1302021825641347