29 0.1984375 0.2234375 0.0640625 0.165625
32 0.2765625 0.21875 0.0703125 0.1703125
41 0.3546875 0.215625 0.065625 0.16875
1 0.4328125 0.21171875 0.065625 0.165625
9 0.51328125 0.21484375 0.065625 0.1640625
11 0.58828125 0.21171875 0.06875 0.1703125
36 0.66796875 0.2140625 0.06875 0.16875
9 0.7453125 0.21015625 0.065625 0.1625
32 0.8234375 0.209375 0.0671875 0.16875
33 0.2015625 0.415625 0.0671875 0.175
24 0.27890625 0.41328125 0.0671875 0.1671875
27 0.3578125 0.409375 0.06875 0.165625
12 0.4375 0.41015625 0.0703125 0.1671875
4 0.51328125 0.40625 0.0671875 0.15625
3 0.59140625 0.4046875 0.0671875 0.1734375
2 0.6703125 0.4015625 0.06875 0.1640625
38 0.7484375 0.4046875 0.065625 0.1640625
7 0.82578125 0.4046875 0.065625 0.1578125
18 0.2015625 0.603125 0.0640625 0.16875
7 0.2796875 0.603125 0.0703125 0.1640625
33 0.35859375 0.5984375 0.0671875 0.1671875
17 0.43828125 0.5953125 0.065625 0.1671875
11 0.5171875 0.596875 0.065625 0.1609375
18 0.59140625 0.59453125 0.065625 0.16875
41 0.6703125 0.59375 0.065625 0.1671875
31 0.74765625 0.58984375 0.0640625 0.1703125
3 0.82578125 0.59140625 0.0703125 0.1765625
38 0.203125 0.796875 0.0703125 0.16875
34 0.2828125 0.79375 0.065625 0.171875
21 0.36015625 0.7890625 0.0703125 0.171875
27 0.43828125 0.7859375 0.065625 0.165625
32 0.5171875 0.78359375 0.0703125 0.1703125
34 0.59375 0.78125 0.0640625 0.16875
19 0.67265625 0.7828125 0.0625 0.1609375
14 0.75078125 0.7828125 0.0625 0.1609375
24 0.828125 0.78125 0.0625 0.15625