2 0.10490332742709282 0.7917762171255588 0.09070175046142533 0.17326595048646726
2 0.12981939158360864 0.5982444054371616 0.08893899136212671 0.17011367694751697
2 0.15428487276670252 0.41174384374876427 0.08873873226282805 0.16698867694751698
2 0.178619946022517 0.2150733952908918 0.09110226866002265 0.17951595048646735
7 0.18355925355296954 0.797059780842551 0.08777700956072394 0.17633640340856668
7 0.20852538248431002 0.6027467191541537 0.08268899136212671 0.17000458279171565
7 0.23324118754152717 0.41233990746575644 0.084051232262828 0.16690685633066593
7 0.2561942334994457 0.22503082223840884 0.084051232262828 0.16690685633066593
12 0.26279617057954757 0.8054819813290184 0.08757675046142532 0.1732114034085665
12 0.2845872347360634 0.6118956225627203 0.08581399136212671 0.1700591298696164
12 0.3102845488925793 0.4183774476437982 0.09216412091177606 0.17173072402541756
12 0.33323759485049775 0.23106836241645062 0.08893899136212671 0.17011367694751697
17 0.34062078193059964 0.8115331582765354 0.09070175046142533 0.17326595048646745
17 0.3656870404115894 0.615657596588138 0.088738732262828 0.16698867694751698
17 0.3896215954688066 0.42523714813026564 0.088738732262828 0.16698867694751698
17 0.4113125300756731 0.23321328936396765 0.08561373226282801 0.1669341298696163
22 0.4192266432816517 0.8175979719935276 0.094327398209672 0.18113299756436801
22 0.44424283698781675 0.6225036603051303 0.09090200956072395 0.17639095048646744
22 0.4684277159191573 0.4281769618472578 0.08581399136212671 0.1700591298696164
22 0.48976819710225106 0.2416218530809598 0.08757675046142524 0.1732114034085667
27 0.4978325046327036 0.8236627857105197 0.09130252775932135 0.18264095048646745
27 0.5222176426633428 0.6262110872526472 0.08445175046142524 0.17315685633066594
27 0.545220753396086 0.4381207520252996 0.08581399136212671 0.17005912986961622
27 0.5676929380029525 0.2461105300284768 0.08601425046142523 0.17318412986961632
32 0.577319745533405 0.828178736196987 0.0925646391103733 0.17798072402541756
32 0.6006733096899209 0.6346196509696395 0.09090200956072395 0.17639095048646744
32 0.6231454942967873 0.4426094289728166 0.09090200956072395 0.17639095048646744
32 0.6460985402547059 0.25530034374546895 0.09090200956072395 0.17639095048646736
37 0.6566067273348077 0.8358196866834543 0.08777700956072394 0.17633640340856688
37 0.6800604210409729 0.6406981014561067 0.08933950956072394 0.17636367694751698
37 0.70243247609819 0.4502503794592839 0.09090200956072395 0.17639095048646727
37 0.7248545959302319 0.25902140746246116 0.08465200956072394 0.176281856330666
40 0.7343812739110351 0.8426521136309713 0.0925646391103733 0.17798072402541792
40 0.7561723380675509 0.6490657548646734 0.09070175046142523 0.17326595048646726
40 0.7800568283499436 0.4594265564068009 0.08913925046142523 0.173238676947517
40 0.8016476334071607 0.268965197640503 0.09110226866002265 0.17951595048646735