24 0.91484375 0.5921875 0.1328125 0.1796875
9 0.846875 0.62890625 0.128125 0.175
12 0.77734375 0.66484375 0.1390625 0.1875
28 0.70703125 0.70390625 0.1359375 0.184375
1 0.6375 0.7375 0.1328125 0.1796875
36 0.5671875 0.771875 0.1328125 0.1796875
21 0.496875 0.8078125 0.1328125 0.1796875
38 0.43046875 0.8421875 0.1328125 0.1828125
39 0.35859375 0.875 0.125 0.16875
7 0.8453125 0.4265625 0.1328125 0.1828125
28 0.7765625 0.46328125 0.1296875 0.1765625
21 0.70546875 0.50078125 0.1328125 0.1828125
23 0.6359375 0.53515625 0.134375 0.1828125
40 0.5640625 0.571875 0.134375 0.178125
33 0.49609375 0.60859375 0.134375 0.1828125
17 0.42578125 0.64296875 0.134375 0.1796875
14 0.35703125 0.678125 0.1296875 0.178125
17 0.2875 0.7125 0.128125 0.1734375
16 0.7734375 0.25859375 0.1296875 0.1796875
18 0.70625 0.2984375 0.134375 0.1859375
8 0.63359375 0.33359375 0.134375 0.1828125
29 0.56484375 0.3703125 0.134375 0.1859375
8 0.49375 0.4046875 0.1359375 0.1890625
39 0.4234375 0.43984375 0.13125 0.18125
19 0.35625 0.4765625 0.1359375 0.1859375
39 0.2875 0.51171875 0.13125 0.1765625
24 0.215625 0.54453125 0.1296875 0.1765625
1 0.703125 0.0921875 0.128125 0.1796875
6 0.63203125 0.12890625 0.1328125 0.1828125
4 0.56328125 0.1671875 0.1328125 0.1828125
37 0.4921875 0.203125 0.1328125 0.184375
31 0.42265625 0.240625 0.134375 0.1796875
23 0.353125 0.27578125 0.1359375 0.1890625
22 0.28359375 0.31015625 0.1328125 0.1828125
2 0.21015625 0.34453125 0.1359375 0.184375
26 0.14375 0.38125 0.13125 0.1765625