6 0.5902306411996598 0.09732691354974526 0.14257442431676956 0.14611245159900638
4 0.6765922379342825 0.17415251308220706 0.1441914880191005 0.14768404195808596
33 0.7645708983712359 0.24940652225558924 0.1441914880191005 0.147684041958086
38 0.8492608677011969 0.32936621214713063 0.14742561542376223 0.1508272226762452
31 0.5319345023622527 0.1562479164766115 0.14257442431676956 0.14611245159900635
36 0.6182415353945444 0.2346360160090733 0.14742561542376223 0.1508272226762452
8 0.7030133502780017 0.31225195590061466 0.14580855172143128 0.14925563231716552
26 0.790910165161459 0.3898497150739969 0.14419148801910034 0.147684041958086
24 0.47821673612018395 0.21826664832623885 0.1393948606144388 0.14453177088084707
9 0.5606720828548065 0.2951149737563997 0.13934029691210803 0.14296927088084707
16 0.6469791158870983 0.3735030732888615 0.14262898801910034 0.1476749515990064
7 0.7318054944728865 0.4495565131804029 0.14257442431676956 0.1461124515990063
21 0.41908478358044593 0.27875469643264494 0.1426289880191005 0.1476749515990063
6 0.5031026303150685 0.35559393150372615 0.13934029691210786 0.14296927088084707
37 0.5863392270496912 0.4324377117543472 0.1393948606144388 0.14453177088084707
17 0.672646260081983 0.5108258112868089 0.1441914880191005 0.147684041958086
9 0.30062990554281205 0.4051995426454571 0.14257442431676956 0.1461124515990065
18 0.3839210659797655 0.4804808228960781 0.14904267912609298 0.15239881303532493
6 0.4655405990120573 0.5588961935057787 0.1441914880191005 0.147684041958086
31 0.5533828501931837 0.6380564526791609 0.14742561542376223 0.15082722267624504
6 0.2438417030030741 0.4656739552132437 0.13934029691210786 0.14296927088084707
33 0.3278595497376967 0.542513190284325 0.14580855172143128 0.14925563231716552
21 0.4103967420258156 0.6170177657144856 0.14262898801910034 0.14767495159900648
13 0.49416905209994944 0.7008882507855669 0.14742561542376223 0.1508272226762452
24 0.18867056416566702 0.5245767774219507 0.137723233209777 0.14139768052176754
3 0.27034466090028964 0.6014296480316513 0.1522768065307547 0.15554199375348396
36 0.3536085394860777 0.6774921782822723 0.14413692431676955 0.146121541958086
21 0.4358729132625424 0.7598092537124331 0.14257442431676956 0.1461124515990063
22 0.1304562708817562 0.5811540303488169 0.13772323320977703 0.14139768052176754
2 0.21436499021171712 0.661118265419898 0.14413692431676955 0.146121541958086
19 0.2975470232440089 0.7395245456705191 0.13610616950744614 0.13982609016268785
39 0.37897558331814274 0.8234086662802198 0.14257442431676956 0.1461124515990065