1 0.48526656047717187 0.9160788015517953 0.1460682508107789 0.1378323606144388
1 0.47942170942151174 0.8483555882122842 0.1462318920444808 0.1472073606144388
1 0.4690120892911279 0.7737648159797657 0.146231892044481 0.1472073606144388
6 0.4695808794691699 0.696448347830931 0.14941143912238175 0.15044148801910034
6 0.46466728287773645 0.6201041026402544 0.1478216655834313 0.14882442431676957
6 0.458177549516828 0.5445956711519087 0.14464211850553071 0.14559029691210784
11 0.45327758969486975 0.46747017596123214 0.15100121266133204 0.1520585517214313
11 0.4405242195644862 0.3929612492822098 0.14464211850553071 0.14559029691210784
11 0.43720039651200315 0.3149999403892024 0.14941143912238158 0.1504414880191005
16 0.4237475969984704 0.2358307955613455 0.15100121266133187 0.1520585517214313
16 0.4133379768680868 0.16124002332882692 0.15100121266133187 0.1520585517214313
16 0.39593801704612863 0.08455103775679719 0.14461484496658022 0.14402779691210787