7 0.8865217974990781 0.4038151906852338 0.1337904164082694 0.19517263527271583
37 0.8137258451550397 0.3718655284428162 0.13751619370616516 0.2047844336130419
31 0.7348801519102997 0.34256726951974653 0.13917882325581452 0.20646533278320495
23 0.6604716347914367 0.3097179581071659 0.1374160641565158 0.20322193361304192
13 0.5825073210963462 0.2820413987691777 0.13721580505721712 0.2000969336130419
21 0.5051239983019571 0.25129903901627104 0.13379041640826905 0.19517263527271583
14 0.4294533698320418 0.2230188284335274 0.13721580505721712 0.2000969336130419
41 0.35217017658730204 0.19383896868062073 0.13399067550756777 0.19829763527271585
36 0.27634935379291287 0.1632150080978771 0.1374160641565158 0.20322193361304192
22 0.833343140033224 0.5809328751234683 0.13419093460686646 0.20142263527271603
40 0.7583536320136595 0.5511493641258062 0.1403408050572171 0.20033373195336796
12 0.6818016239940949 0.521247453957981 0.13917882325581452 0.20646533278320495
17 0.6059808011997058 0.49062349337523736 0.13721580505721712 0.2000969336130419
26 0.5292285340808427 0.45759658320741226 0.13751619370616516 0.2047844336130419
29 0.4505830999354016 0.4314233242843425 0.13555317550756776 0.19841603444287886
2 0.3724685919158371 0.4014030149463544 0.14054106415651582 0.20345873195336797
22 0.2950352043466233 0.36987940519344764 0.1374160641565158 0.20322193361304192
19 0.21931451110188344 0.3408179446107041 0.13399067550756785 0.19829763527271585
28 0.7794833621170192 0.7595538599766212 0.13927895280546387 0.20802783278320494
9 0.7045439188722794 0.7305515989789592 0.13262843460686646 0.20130423610255282
6 0.624866910852715 0.700412890470808 0.13399067550756777 0.19829763527271585
13 0.5489459585086764 0.6682264298880642 0.1429046005537103 0.216077131123531
16 0.4717628948135859 0.6406090701351577 0.14230382325581453 0.206702131123531
32 0.3948103685954242 0.6044571599673325 0.13927895280546387 0.20802783278320494
40 0.31465249922480765 0.5789467518740998 0.14386632325581444 0.20682053029369402
19 0.23971305598006784 0.5499444908764376 0.13399067550756785 0.19829763527271602
3 0.16159854796050338 0.5199241815384494 0.13897856415651583 0.20334033278320493
11 0.7241612137504637 0.9157901900489229 0.1429046005537103 0.16841961990215423
37 0.6485406500553732 0.9028219597575511 0.14270434145441174 0.19435608048489783
34 0.5718384477113347 0.8798743249090425 0.14270434145441174 0.2129521311235308
26 0.49440506014212104 0.8483507151561358 0.1429046005537103 0.21607713112353083
39 0.41629055212255645 0.8183304058181478 0.14602960055371028 0.21631392946385689
14 0.3368638679771153 0.7920979473099965 0.13917882325581452 0.20646533278320495
4 0.2573370542820248 0.7643029888018452 0.1372158050572172 0.2000969336130421
8 0.18267821328903838 0.7275474273892646 0.14230382325581448 0.2067021311235308
13 0.10559527914359723 0.7014925676363579 0.1340908050572172 0.19986013527271584