18 0.9187623466498046 0.3534571183875381 0.14032244355406326 0.17735479534115867
3 0.8567360618034143 0.3208360481702931 0.14673613466105592 0.1823698439616777
11 0.7964905317663474 0.2818830907979183 0.14500994355406327 0.17760045680654796
1 0.7336557150687917 0.2500842141582381 0.14344744355406328 0.17751856965141818
24 0.6036805275899961 0.17579462234426702 0.1385962524470708 0.1725854081860289
21 0.5409821201482676 0.14008949570458684 0.13854168874473985 0.17102290818602892
38 0.48149055826003534 0.10187684475464716 0.1418303798517325 0.17587418249628844
6 0.42258927341364494 0.07689063037129609 0.13692462504240907 0.15378126074259219
9 0.8211730401190499 0.5129759605401935 0.13530756134007832 0.1677341338757694
8 0.7585564782308175 0.4749270839005133 0.1402678798517325 0.17579229534115867
32 0.6980926933844274 0.4422241265281385 0.1418303798517325 0.17587418249628844
1 0.44269340917100913 0.2973055314348071 0.1385962524470708 0.1725854081860289
18 0.3823660335804459 0.26069632406243226 0.14333831614940157 0.1743935696514182
4 0.3195857805852211 0.2273349474227521 0.1402678798517325 0.17579229534115867
28 0.7064408736068286 0.6944483678217113 0.14344744355406328 0.17751856965141818
18 0.6476487161651001 0.6585385232942067 0.1385962524470706 0.1725854081860289
22 0.5857588405745368 0.6220112030769617 0.13536212504240908 0.1692966338757694
28 0.3318674926587878 0.47857322082850046 0.14500994355406327 0.17760045680654796
40 0.2691963670682247 0.44208684418882027 0.13854168874473985 0.17102290818602892
36 0.20951383222183434 0.4093429432388806 0.14026787985173242 0.17579229534115867
40 0.6088242852249085 0.8547484599743665 0.14506450725639403 0.17916295680654812
39 0.48571665663912034 0.7847778759623116 0.14350200725639403 0.17908106965141818
2 0.422318844750888 0.7467699429001964 0.14517363466105593 0.18228795680654794
9 0.546852564080849 0.8205648897571216 0.13541668874473983 0.17085913387576923
41 0.2948238165279197 0.6684512703535306 0.1401587524470708 0.17266729534115868
6 0.2327975316815294 0.6358302001362856 0.14350200725639412 0.17908106965141818
29 0.17004456053746994 0.6016875734966054 0.14026787985173242 0.17579229534115867
29 0.10958077569107963 0.5689846161242306 0.13218256134007816 0.1675703595655099