6 0.2863835233378592 0.11065472468743853 0.17684902667183913 0.1432837524470707
37 0.2546550333397989 0.16347218984104822 0.1802291181871082 0.14651787985173245
17 0.2194189060688349 0.2117112823993196 0.17372402667183912 0.143174625042409
37 0.18840789319195733 0.26372021570176385 0.17684902667183908 0.1432837524470707
9 0.1607769718303488 0.3187450215995464 0.18035666394474276 0.14808037985173242
4 0.44835723591517435 0.14652275890085664 0.18517170970237729 0.149806570958725
26 0.41656497303829687 0.19855897405446635 0.18348166394474283 0.14818950725639413
34 0.3847089372826019 0.24981393920807604 0.1767214809142045 0.1417212524470707
33 0.3496003557692725 0.2996155317663474 0.1833541181871082 0.14662700725639413
8 0.31962568440766403 0.3547221832176263 0.18348166394474275 0.14818950725639404
36 0.9604268012176463 0.3325048326851705 0.07914639756470727 0.14735120435383645
36 0.9404012147033469 0.3801437245178025 0.11919757059330607 0.15200398801910042
36 0.9233969811437255 0.4332786482015999 0.15320603771254895 0.15309526206571747
39 0.9058975085041275 0.4823262726110367 0.18529925546001175 0.15136907095872498
39 0.8726065185060673 0.5351983014669772 0.1820467097023773 0.14969744355406328
3 0.8378805742656414 0.5896873940252487 0.19843698424818434 0.15961808057737184
3 0.8063434029040331 0.6448486091788583 0.1885518012176462 0.15304069836338668
3 0.7722073900271553 0.6969666698859643 0.19349439273291544 0.15632938947037936
18 0.7437314457867295 0.7512375076349123 0.18829670970237727 0.1499156983633867
18 0.7095954329098519 0.8033555683420183 0.18829670970237727 0.1499156983633867
28 0.6782495801846953 0.8608605334956281 0.1885518012176462 0.15304069836338668
24 0.31752208197237136 0.06471228602751666 0.1717788893989355 0.12942457205503333
33 0.6454847486713658 0.9105802805004032 0.18478907242947357 0.14511907095872517
38 0.6180292994299702 0.9389607408446892 0.18032497091226496 0.09043157095872516