32 0.9407995695545356 0.6248349779489887 0.11840086089092879 0.19577060266810484
11 0.9108810701585096 0.5087662426483097 0.17823785968298084 0.19083079715018095
28 0.8604101810736842 0.39126116010659284 0.2026779451585096 0.19576395861557022
14 0.8003818636451804 0.275318577564876 0.19760780788560622 0.19083079715018095
41 0.901505812282602 0.6610756931232796 0.19698837543479614 0.19247518430531088
36 0.8393159153218687 0.5426255862713032 0.19604530788560623 0.19074890999505117
38 0.7790325063780956 0.4235580037295863 0.20098789940087514 0.19411957146044045
19 0.719004188949592 0.30761542118786933 0.19097517061270253 0.18581574852966193
16 0.8238179453276875 0.6958391174789677 0.20280549091614403 0.19732645861557022
24 0.7587832635050974 0.5757446234718615 0.19591776212797143 0.18918640999505118
19 0.6977823774401418 0.45741734735257966 0.19942539940087514 0.1940376843053107
24 0.6384715371328207 0.34073445838842764 0.19422771637033698 0.18754202283992144
9 0.7392514977532818 0.7271909367917015 0.20280549091614422 0.19732645861557022
4 0.6772780430518746 0.6064789670948548 0.19929785364324068 0.1924751843053107
37 0.6163409298657362 0.48893294097557305 0.20098789940087514 0.19411957146044045
26 0.5587839081948669 0.3746756891665508 0.20098789940087514 0.19411957146044045
23 0.6574114374517798 0.7633530868371301 0.2077480824314133 0.20069712008095947
11 0.5953104369927379 0.6410786171402834 0.20605803667377884 0.19905273292582973
36 0.5351545738065995 0.5235735345985665 0.20280549091614422 0.19732645861557038
12 0.4749349377416439 0.40528720205684954 0.20436799091614422 0.19740834577069996
22 0.5751249669985569 0.7940464868825586 0.20436799091614438 0.19740834577069996
4 0.5155590351759667 0.6742385979184066 0.19942539940087514 0.19403768430531088
37 0.4514331491110111 0.5557475474888652 0.19760780788560606 0.19083079715018095
22 0.3934934901672382 0.4368027956798429 0.19760780788560606 0.19083079715018095
17 0.4932849066970547 0.8302086369279872 0.2028054909161444 0.19732645861557002
8 0.431773837601561 0.7056313608087054 0.2077480824314133 0.20069712008095947
8 0.37246299729424 0.5889484718445532 0.2077480824314133 0.20069712008095947
21 0.31315215698691884 0.47226558288040116 0.2061855824314133 0.20061523292582972
29 0.40930839048619727 0.8592576498182858 0.20267794515850976 0.19576395861557003
31 0.35202243578478987 0.7387913415868285 0.20267794515850976 0.19576395861557003
24 0.2887415725986515 0.621122484734852 0.19591776212797152 0.18918640999505137
1 0.22936695941251317 0.5036583457707 0.19422771637033698 0.18754202283992144
6 0.3265595344270607 0.8938163562861495 0.18395989606689528 0.1761131999091429
6 0.26627612548328783 0.7747487737444325 0.19253767061270252 0.18589763568479184
19 0.2028039436606976 0.6547361668924563 0.18746753333979882 0.1809644742194024
39 0.14642678471692475 0.5358733022385637 0.19097517061270247 0.18581574852966193