24 0.6569404371171536 0.9426839494705224 0.17467530452090294 0.11463210105895527
9 0.5940222098185771 0.922209785306778 0.17725609707395834 0.15558042938644406
12 0.5300499755861466 0.8961850505261826 0.1969880220358334 0.20762989894763492
28 0.4626799844198618 0.8546070482924215 0.19379028685347244 0.2064250982129913
1 0.39756282427562567 0.8081763331954575 0.18739481648875023 0.20006600405718977
36 0.3332450979269798 0.7625405048679686 0.18739481648875014 0.20006600405718977
21 0.26658362157833393 0.7168637662320544 0.18739481648875014 0.20006600405718977
38 0.20313806420763947 0.6751478246740408 0.19059255167111128 0.20324555113509035
39 0.14031010267663246 0.6264142698855023 0.17616637575930572 0.18737508928453755
7 0.7637515219389244 0.838777091309837 0.1905925516711111 0.20324555113509035
28 0.6971627807726396 0.7962253526739227 0.18263458130638915 0.19685918344033873
21 0.629738238219584 0.7513162272685333 0.19059255167111128 0.20324555113509035
23 0.5654386956665284 0.7064616489410446 0.1921550516711113 0.20327282467404081
40 0.4971783517267019 0.6591951367661799 0.18739481648875014 0.20006600405718977
33 0.4313708605604171 0.6166570348997408 0.1921550516711113 0.20327282467404081
17 0.36627188421177126 0.5710075698027769 0.18899368407993072 0.20165577759614023
14 0.301209275454306 0.5269206047058128 0.18423344889756965 0.1984489569792892
17 0.2369097329012504 0.4820660263783241 0.18099934612402793 0.19370690990138845
16 0.8657471669811813 0.6913993051889851 0.18423344889756949 0.1984489569792892
18 0.7968510434060769 0.6503691562446452 0.19379028685347244 0.2064250982129913
8 0.7309344494662505 0.603143554378206 0.1921550516711113 0.20327282467404081
29 0.6635462745043755 0.5597969289728166 0.19379028685347244 0.2064250982129911
8 0.5992103643601393 0.5133798506453278 0.1954255220358334 0.2095773717519414
39 0.5333119542159032 0.46693549877888874 0.18739481648875014 0.20006600405718977
19 0.467540830640799 0.4259598969124497 0.1938266544446529 0.20798759821299112
39 0.40325947188333366 0.38188656858496084 0.18579594889756965 0.1984762305182394
24 0.33888719414791696 0.3339069902574721 0.18263458130638907 0.19685918344033873
1 0.9371045289696877 0.5467374159838778 0.12579094206062463 0.19143529788867966
6 0.9003182694703824 0.4991123936627434 0.19059255167111147 0.20324555113509052
4 0.8321670283040976 0.4565333814878788 0.19059255167111147 0.20324555113509052
37 0.7655055519554518 0.41085664285196455 0.1921550516711111 0.20327282467404081
31 0.6988804431979864 0.36674240421605026 0.1889936840799308 0.20165577759614015
23 0.6330184006449308 0.32186055234961114 0.1954255220358334 0.20957737175194158
22 0.5679376080918752 0.2769923372526472 0.1874311840799308 0.20162850405718977
2 0.5012033965608682 0.2281905986167329 0.19379028685347244 0.2064250982129911
26 0.43699477298576406 0.18724227028924417 0.18579594889756948 0.19847623051823943