18 0.07641125683694497 0.6359267672214395 0.12685605357097235 0.15622853444287887
3 0.09763098698531297 0.5759248051888033 0.17227765634451403 0.1643496103776066
11 0.1140541143601393 0.5108801456456782 0.20196515634451404 0.16659919461070416
1 0.15484146209968788 0.4539206732400798 0.20196515634451404 0.16659919461070416
24 0.23218259925815996 0.32564323050347543 0.1970958183886113 0.15843149710021498
21 0.27055346181534745 0.26538115934263257 0.19397081838861122 0.15819469875988892
38 0.304963522985764 0.20247934025638212 0.20032992116215292 0.16335579544054105
6 0.34108155452090283 0.1459459203402947 0.19233558320625016 0.1549512995897259
9 0.1965438785121881 0.7378346545687477 0.19080945079743064 0.15639540041956296
8 0.23327950588701443 0.6743291842377419 0.20029355357097237 0.16179329544054113
32 0.270941853626563 0.6171329134918174 0.19716855357097235 0.16155649710021508
1 0.42578778210381973 0.36760927801860893 0.19393445079743063 0.15663219875988893
18 0.46101546086541684 0.30632915851743997 0.19720492116215294 0.163118997100215
4 0.5002039410137848 0.24768878694167862 0.20029355357097228 0.16179329544054094
28 0.37708732332569517 0.8552384099673326 0.20032992116215292 0.16335579544054113
18 0.4115519358828825 0.794680340881082 0.19709581838861112 0.1584314971002149
22 0.44834211464447976 0.7335186205500761 0.1922992156150695 0.15338879958972598
28 0.6024613445085073 0.48627953549178604 0.2019651563445141 0.16659919461070416
40 0.6400145894745142 0.42439576474586166 0.19397081838861113 0.158194698759889
36 0.6768956872140628 0.36714029441485574 0.19869468597979179 0.16011239627037802
40 0.5331938125921188 0.9390661904615192 0.2019651563445141 0.12186761907696173
39 0.6083548539109034 0.8400081867365415 0.20345492116215294 0.16359259378086718
2 0.6443274150813201 0.777224766820454 0.20661628875333343 0.16539189212119326
9 0.5707834251493062 0.9011107074824659 0.19389808320625015 0.15506969875988902
41 0.7208509346486116 0.6473256244987683 0.1971321859797918 0.15999399710021506
6 0.7592581647969796 0.5886260533379255 0.20345492116215275 0.16359259378086702
29 0.7984284611497573 0.529204431762164 0.19869468597979179 0.16011239627037793
29 0.8345283088893058 0.4718897618460767 0.1907003480238892 0.15170790041956295