3 0.06413905673136067 0.47246522586268497 0.11871473201781738 0.1394445482746301
1 0.09045665607095128 0.5167561752422662 0.13744655068427192 0.13919317599857095
2 0.1277117554105419 0.5602823001162156 0.1358658693507265 0.13752141535490914
16 0.45664089867122704 0.020100060507775724 0.14140679734245404 0.04020012101555145
21 0.4944136186744087 0.04222643278383491 0.14195223734881743 0.08445286556766982
26 0.5323499706794994 0.06351692473806322 0.13900905068427197 0.12703384947612645
39 0.56726132001909 0.10107264699445193 0.1389908693507264 0.13773993664223266
12 0.6045164193586807 0.14459877186840114 0.14215223201781732 0.14108345792955612
17 0.6471675433640895 0.1814924844895343 0.1342670066836355 0.1342871547112475
22 0.6844226427036801 0.22501860936348353 0.13584768801718106 0.13595891535490923
18 0.7169902420432708 0.26887251616841795 0.1421340506842718 0.13952095792955613
18 0.7441527260502705 0.31857758522616847 0.13739200668363552 0.13450567599857094
28 0.7929902153882702 0.3495655052726547 0.13584768801718106 0.13595891535490914
33 0.8294458833943154 0.3915837604684348 0.13584768801718106 0.1359589153549093
24 0.8674276887332697 0.43036775502055313 0.12796246268299924 0.1291626121366006
24 0.9061543814051329 0.4659721192508407 0.12794428134945407 0.12760011213660044
23 0.9523868473702937 0.5384755499409886 0.09522630525941267 0.12708665990702758