6 0.31953125 0.1359375 0.121875 0.16875
34 0.3859375 0.1640625 0.121875 0.16875
34 0.45390625 0.19296875 0.115625 0.1609375
1 0.51875 0.22421875 0.1234375 0.171875
40 0.659375 0.2828125 0.1234375 0.1671875
37 0.72265625 0.31171875 0.125 0.1703125
41 0.79140625 0.340625 0.125 0.16875
23 0.8546875 0.3671875 0.1234375 0.1671875
12 0.24765625 0.2953125 0.121875 0.16875
2 0.3125 0.32578125 0.1265625 0.1703125
17 0.378125 0.3546875 0.125 0.16875
22 0.64921875 0.47578125 0.121875 0.16875
34 0.715625 0.503125 0.11875 0.165625
1 0.78125 0.53203125 0.125 0.171875
4 0.1625 0.48125 0.125 0.1703125
4 0.2265625 0.51171875 0.125 0.16875
12 0.29375 0.53828125 0.125 0.165625
33 0.56484375 0.65859375 0.125 0.1703125
33 0.6296875 0.68984375 0.125 0.1703125
14 0.69453125 0.71796875 0.1265625 0.1734375
2 0.08515625 0.64296875 0.128125 0.1765625
4 0.1515625 0.67265625 0.1265625 0.1734375
29 0.215625 0.70234375 0.1234375 0.16875
32 0.28515625 0.73203125 0.1328125 0.1796875
1 0.42421875 0.79296875 0.1265625 0.1734375
6 0.49140625 0.82265625 0.125 0.1703125
29 0.5578125 0.84921875 0.1265625 0.1734375
1 0.62109375 0.87890625 0.1171875 0.1625