19 0.5578125 0.92421875 0.084375 0.1203125
2 0.46909879375 0.9464218328125 0.5070373671875 0.9664287874999999 0.5294281765625 0.9140042859375 0.5482031218750001 0.8684303015625 0.508333025 0.8509712546875001 0.46909879375 0.9464218328125
28 0.4591936875 0.8309428796875 0.4195628 0.9289974578125 0.4594105375 0.948104371875 0.499790021875 0.8481375234374999 0.4591936875 0.8309428796875
26 0.41245788437500003 0.8135238609375 0.37062592968749997 0.914019515625 0.4101440875 0.9307868296875 0.450523571875 0.83081998125 0.41245788437500003 0.8135238609375
1 0.364808696875 0.7968473125 0.32683979218750003 0.89224715 0.3639920921875 0.9102857406249999 0.4015866984375 0.8158420359375 0.364808696875 0.7968473125
38 0.31537745625 0.77835996875 0.2771990421875 0.87588574375 0.31725628906250003 0.892866721875 0.3563480875 0.794598478125 0.31537745625 0.77835996875
16 0.5977458640625 0.7522145109375 0.5592378703125 0.8474006859375001 0.6003732937499999 0.8648089953125 0.6378478328125 0.76589975625 0.5977458640625 0.7522145109375
22 0.5499318875 0.7343681640625 0.510301 0.8324227437499999 0.5494448609375 0.8501461921875 0.588207084375 0.7495383515625 0.5499318875 0.7343681640625
11 0.45343526562500003 0.6961222046875 0.4122318375 0.7902400562499999 0.44950420781249995 0.8127441796875001 0.49054284687500005 0.7174565281249999 0.45343526562500003 0.6961222046875
34 0.55625 0.12109375 0.08125 0.1171875
34 0.50546875 0.1109375 0.0796875 0.1140625
34 0.459375 0.09140625 0.0796875 0.1140625
3 0.50234375 0.77109375 0.084375 0.1203125
36 0.7765625 0.51171875 0.0875 0.121875
36 0.7234375 0.4984375 0.0875 0.121875
3 0.6734375 0.48046875 0.0890625 0.125
8 0.62265625 0.46640625 0.084375 0.11875
13 0.57578125 0.44609375 0.0828125 0.1171875
4 0.52734375 0.42890625 0.08125 0.1125
4 0.47890625 0.40859375 0.078125 0.1125
1 0.409375 0.3890625 0.078125 0.1125
32 0.70546875 0.16640625 0.084375 0.1203125
37 0.6546875 0.1515625 0.084375 0.1203125
40 0.60546875 0.1359375 0.0859375 0.1203125