19 0.07148606107350741 0.5562937623572897 0.11969686379145843 0.11258752471457925
2 0.0807466296875 0.5837401015625 0.036772820312499996 0.6147337984375 0.0674656765625 0.6484011703125 0.147988728125 0.593470859375 0.11918069375 0.5574717765625 0.0807466296875 0.5837401015625
28 0.153284503125 0.6013415296875 0.0687386640625 0.6581748765625 0.0991328703125 0.6938666984374999 0.1820542984375 0.6380972 0.153284503125 0.6013415296875
26 0.1847677625 0.64656174375 0.1002219265625 0.7033950890625 0.1282559921875 0.739169509375 0.21287830937500002 0.6808229875 0.1847677625 0.64656174375
1 0.2138908875 0.69186455625 0.13385041875 0.7450157265625 0.162405309375 0.778254415625 0.24325798281250002 0.7245713203124999 0.2138908875 0.69186455625
38 0.24796372187500001 0.7324626390625 0.16467443125 0.7877415109375 0.1930763640625 0.8240065578125 0.2759213125 0.7697502390625 0.24796372187500001 0.7324626390625
16 0.1914612578125 0.45197640000000006 0.10706837656249998 0.5057833921875 0.136206034375 0.543029690625 0.2166908453125 0.48885596875 0.1914612578125 0.45197640000000006
22 0.22213231093750002 0.497728540625 0.1364828828125 0.5530900078125 0.1653291578125 0.5883325 0.24825058437499997 0.53256300625 0.22213231093750002 0.497728540625
11 0.28237083281249997 0.5877609390625 0.2025452703125 0.644429090625 0.23545256874999998 0.6770119609374999 0.314098065625 0.6203851109375 0.28237083281249997 0.5877609390625
34 0.8386702950215975 0.41974467497922185 0.13524912860909738 0.11009919467652321
34 0.8631988227570142 0.46757467992213775 0.1320877610179167 0.10840936068413462
34 0.8969568801277088 0.50953668684222 0.1320877610179167 0.10840936068413462
3 0.22673725873680603 0.5868155449805345 0.14008209897381957 0.11654019566510634
36 0.3950267849536114 0.2721030820524035 0.14327983415618065 0.11979252965749528
36 0.4250422464846183 0.3209371714819997 0.14327983415618065 0.11979252965749528
3 0.45656565662885445 0.36749117790779035 0.14640483415618064 0.11991986364988402
8 0.4850004343642712 0.41548035034119224 0.13848323138263902 0.11491402866891196
13 0.5195397417349656 0.4574741907593717 0.13688436379145835 0.11328786167271758
4 0.5502455342880213 0.5024338636870651 0.13212412860909736 0.10997186068413445
4 0.5840399592498964 0.5459583706071472 0.1305252610179167 0.10834569368794007
1 0.6237759128971185 0.6100182120139099 0.1305252610179167 0.10834569368794007
32 0.7511676821800697 0.28193165718472474 0.14008209897381968 0.11654019566510651
37 0.7803473423243058 0.32839016311622377 0.14008209897381949 0.11654019566510643
40 0.8110713186729516 0.3741310860439172 0.140118466565 0.11810269566510642