1 0.728125 0.60234375 0.1375 0.1453125
1 0.66171875 0.48203125 0.1328125 0.1390625
1 0.3203125 0.5125 0.13125 0.1390625
1 0.25078125 0.38984375 0.1265625 0.1328125
6 0.6359375 0.65703125 0.134375 0.14375
6 0.5671875 0.53359375 0.13125 0.1375
6 0.409375 0.46171875 0.1328125 0.1390625
6 0.346875 0.34453125 0.1375 0.14375
11 0.54296875 0.70859375 0.1375 0.146875
11 0.4765625 0.58359375 0.1375 0.1453125
11 0.50390625 0.41484375 0.1359375 0.14375
11 0.43671875 0.29453125 0.1359375 0.14375
16 0.4546875 0.75859375 0.1375 0.1421875
16 0.38515625 0.6328125 0.134375 0.1453125
16 0.59609375 0.3640625 0.1296875 0.134375
16 0.52421875 0.24375 0.1328125 0.1421875