24 0.90625 0.36015625 0.165625 0.1421875
24 0.7578125 0.2640625 0.165625 0.1421875
24 0.6109375 0.165625 0.1625 0.1390625
24 0.465625 0.071875 0.165625 0.1421875
24 0.6578125 0.725 0.165625 0.140625
24 0.51015625 0.62890625 0.1578125 0.1359375
24 0.36640625 0.53203125 0.1609375 0.1375
24 0.22421875 0.4359375 0.159375 0.1375
4 0.828125 0.48515625 0.1640625 0.140625
4 0.67578125 0.3859375 0.165625 0.14375
4 0.52890625 0.28984375 0.1671875 0.1453125
4 0.384375 0.1953125 0.1640625 0.1421875
9 0.78359375 0.5453125 0.16875 0.14375
9 0.63515625 0.45078125 0.16875 0.14375
9 0.490625 0.35234375 0.165625 0.1421875
9 0.3453125 0.25703125 0.165625 0.1421875
14 0.74140625 0.60703125 0.16875 0.14375
14 0.5921875 0.509375 0.1625 0.1390625
14 0.4484375 0.4125 0.1671875 0.14375
14 0.303125 0.31640625 0.1640625 0.140625
19 0.7015625 0.66796875 0.1640625 0.140625
19 0.5515625 0.56796875 0.1625 0.1390625
19 0.4078125 0.47265625 0.165625 0.140625
19 0.26171875 0.375 0.1578125 0.1359375
29 0.6171875 0.7859375 0.1640625 0.1421875
29 0.471875 0.6890625 0.16875 0.14375
29 0.32578125 0.5921875 0.1609375 0.1375
29 0.18046875 0.49609375 0.1625 0.1390625
34 0.575 0.84375 0.1625 0.1375
34 0.42890625 0.7484375 0.1546875 0.1328125
34 0.28359375 0.65078125 0.1578125 0.1359375
34 0.14375 0.55546875 0.1578125 0.1359375