13 0.8868396105604172 0.6296862996743411 0.21301306553881966 0.22827438962701407
34 0.8399814879352435 0.5622253895301048 0.20818009517409736 0.22191528685347245
4 0.7978108653100697 0.4948735821594104 0.20498235999173636 0.2187175516711113
23 0.7517339926848962 0.4274308558107645 0.21457556553881965 0.22831075721819455
18 0.7072923552420837 0.3631494970532992 0.2113778303564585 0.22511302203583358
34 0.6581450340036807 0.2979777855222922 0.20178462480937523 0.21551981648875013
22 0.6167192937873265 0.22908166194718804 0.2018209924005557 0.21708231648875015
13 0.5660276563445141 0.16465483282500046 0.20498235999173636 0.2187175516711113
4 0.5241297906531945 0.109021775454306 0.20450958130638916 0.19840505167111128
31 0.7393671581474658 0.7347887609210076 0.21301306553881966 0.22827438962701407
2 0.6940715355222922 0.667364218367952 0.22420513867708358 0.239466462765278
37 0.6487395453059379 0.5983771758148964 0.21937216831236128 0.23310735999173637
21 0.6042433564763546 0.531752067057431 0.21301306553881966 0.22827438962701407
12 0.5589295500555906 0.4635462745043755 0.21937216831236128 0.23310735999173637
21 0.5129072288171879 0.39844729815572955 0.2162108007211808 0.23147212480937512
14 0.4661218413743753 0.3341113880114934 0.21937216831236128 0.2331073599917363
16 0.423914851158021 0.26519708064079894 0.20818009517409736 0.22191528685347234
32 0.37867377991961826 0.20011628808774334 0.2113778303564585 0.2251130220358335
16 0.5911680071212854 0.8422167883720839 0.21301306553881966 0.22827438962701407
3 0.5435286344961117 0.7747376944322573 0.22420513867708358 0.239466462765278
11 0.5013216442797576 0.7058233870615629 0.2178096683123613 0.2330709924005557
38 0.4583334040634033 0.6368908958952781 0.22256990349472244 0.23630509517409734
3 0.4115116490294102 0.570992485751042 0.22256990349472244 0.23630509517409734
33 0.3685779601998268 0.5044037445847572 0.21457556553881965 0.22831075721819455
8 0.3217562051658337 0.4385053344405211 0.21461193313000013 0.22987325721819457
38 0.2757157001318406 0.3726251080918752 0.2178096683123613 0.2330709924005557
31 0.23438087889343776 0.307635234516771 0.2113778303564585 0.2251130220358335
6 0.44391310704503545 0.9169907443004167 0.2118493026210418 0.16601851139916662
19 0.4006709469007993 0.8768242584524655 0.21301306553881966 0.22827438962701407
8 0.35697419186680623 0.8109985834905906 0.22256990349472244 0.23630509517409734
4 0.3100433340592714 0.7404126733463544 0.21940853590354187 0.23466985999173637
33 0.26482044661645887 0.6761131307932988 0.22256990349472244 0.23630509517409734
29 0.22106914019569496 0.6079437058314238 0.21940853590354187 0.23466985999173637
13 0.1750468189572921 0.542844729482778 0.21301306553881966 0.22827438962701407
29 0.13129551253652819 0.47467530452090295 0.2113778303564585 0.22511302203583342
18 0.10011694129812534 0.4099218202884723 0.18634146276527797 0.22296864057694457