39 0.8224157848724543 0.26969821021594464 0.1506424233743516 0.19454864126984167
22 0.7508237488687042 0.25331054904946276 0.15234162441111074 0.1962112708194909
32 0.6832063133833339 0.23589131400885752 0.15234162441111074 0.1962112708194909
13 0.6140947284163432 0.21779095851790164 0.15601342855814765 0.20266152991878955
38 0.5430105403390746 0.2044782325765951 0.15417752648462937 0.1994364003691403
9 0.4743384527801856 0.19023406231081452 0.14866982026407366 0.1897610117201923
31 0.4060764683315744 0.17130239204503397 0.15091582544787005 0.19767364126984166
26 0.33349813077268553 0.15730854565337674 0.1520682223375922 0.19308627081949098
8 0.26319519269541697 0.1439457549372455 0.14935332544786997 0.1975735117201923
7 0.7474568666818991 0.4516281331026189 0.1575759285581478 0.20276165946843888
7 0.6765777301597694 0.43597165716131225 0.15376742337435162 0.19474890036914036
36 0.6100149467479176 0.4153773573458824 0.15091582544787005 0.19767364126984166
1 0.5382178591890285 0.40133344617940053 0.14710732026407386 0.18966088217054294
11 0.46727037214851935 0.3864582202380939 0.1489432223375921 0.19288601172019232
24 0.3968990835528711 0.3738766795219627 0.1505057223375922 0.19298614126984165
37 0.32914494703074143 0.3580199444813575 0.14724402130083297 0.19122338217054297
14 0.25938881310050993 0.3384071537652263 0.15064242337435152 0.19454864126984167
37 0.18803122294972288 0.3282194278239198 0.14751742337435153 0.19434838217054295
9 0.6731424974545847 0.6350704912144683 0.1489432223375923 0.19288601172019232
14 0.6031129614508346 0.6185827004983372 0.15784933063166626 0.2058866594684389
2 0.5340013764838438 0.6004823450073813 0.15941183063166625 0.20598678901808826
28 0.464108541516853 0.5824320542912501 0.1574392275213885 0.2011991594684389
34 0.3954364539579641 0.5681878840254695 0.1505057223375922 0.19298614126984148
27 0.3284635674358345 0.5522810842100396 0.1527517275213885 0.200898770819491
1 0.25673483039532513 0.5374559230435578 0.15064242337435152 0.19454864126984148
37 0.18337524283643622 0.5235121414267251 0.15064242337435152 0.19454864126984148
40 0.1156894568326862 0.5068741563861199 0.15234162441111074 0.19621127081949083
36 0.5987597777088906 0.8192940993263178 0.15941183063166625 0.20598678901808826
21 0.5304977932602795 0.8003624290605373 0.15091582544786988 0.1976736412698415
9 0.460536607774909 0.7830933883444062 0.1489432223375923 0.19288601172019232
2 0.3897258217711589 0.7666556624030996 0.16253683063166627 0.20618704811738695
14 0.3195595847306496 0.7517303716869683 0.1489432223375923 0.19288601172019212
32 0.2516003966533811 0.7382173866463632 0.15234162441111074 0.19621127081949083
27 0.1798716596128718 0.7233922254798812 0.15091582544787002 0.1976736412698415
9 0.11069172412750136 0.7060731199889253 0.14894322233759225 0.19288601172019232
23 0.057991699905463545 0.6904166440476187 0.11598339981092709 0.19621127081949083