34 0.1526591347914366 0.25539847133108795 0.11818640036914023 0.14195668973360737
14 0.2079881824473982 0.22651212596999265 0.11496127081949092 0.1402668557412186
24 0.25921072100406106 0.19465994809938336 0.11319851172019231 0.13707818874502423
36 0.3106335186600226 0.16593277022877403 0.11662390036914028 0.14189302273741303
41 0.36455026064045815 0.13945384186387313 0.11496127081949101 0.14026685574121864
28 0.4183668730712443 0.11141241349897224 0.11496127081949101 0.1402668557412186
2 0.21258245218715494 0.38376621045667303 0.1201494185677376 0.14827035672980174
26 0.2661988055186425 0.3525997820917722 0.11828652991878955 0.14351918973360736
24 0.31845291794942876 0.32462202072306556 0.11828652991878955 0.14351918973360736
6 0.37181894740679294 0.2895493423581647 0.11818640036914019 0.14195668973360745
6 0.4242232541620531 0.26391533098945824 0.11496127081949084 0.1402668557412186
29 0.477308681367664 0.2366869861226545 0.11506140036914018 0.1418293557412186
11 0.27104339913252257 0.5137601165784524 0.11818640036914019 0.14195668973360737
11 0.3255911967884841 0.4849056047154544 0.1166239003691402 0.14189302273741297
2 0.3799888001199717 0.4537073428524563 0.1217119185677376 0.1483340237259963
8 0.4320426534514592 0.4226045814837498 0.12004928901808824 0.14670785672980174
38 0.4843968954318948 0.3961893201150433 0.1199491594684389 0.14514535672980172
1 0.26645933528054855 0.8578112055137572 0.12024954811738686 0.14983285672980173
1 0.32261969771133475 0.8296742766545646 0.11848678901808825 0.14664418973360754
16 0.3763862453672963 0.8008515982896638 0.12024954811738686 0.14983285672980173
21 0.43269680212255646 0.7750584194304713 0.11506140036914018 0.14182935574121877
26 0.4890574236526414 0.7500464905712787 0.11828652991878955 0.14351918973360753
7 0.5453179156330769 0.7234720617120863 0.11838665946843889 0.14508168973360736
17 0.598503472388337 0.6978062168452827 0.11506140036914018 0.1418293557412186
17 0.6506574552694739 0.6682659554765762 0.11516152991878954 0.14339185574121877
23 0.7026612438261368 0.6363819441078696 0.1168241594684389 0.145018022737413
28 0.7592221244555203 0.6144950152486771 0.1201494185677376 0.14827035672980174
33 0.8096133482373586 0.581893420876165 0.11828652991878955 0.14351918973360753
4 0.8629490993170927 0.5585713260093612 0.11506140036914018 0.14182935574121877
9 0.9125590730989309 0.5260015651349464 0.11329864126984149 0.13864068874502422
7 1 0.44094032812500006 0.9831171953125001 0.4098486546875 0.9482188656250001 0.4333765890625 1 0.5289361375 1 0.44094032812500006