1 0.7504778982732981 0.7043189653942502 0.15588893692972228 0.12945754307885
6 0.7398151148382982 0.5908902499231254 0.15127417211208344 0.13225476114786475
11 0.7229750665856594 0.4738994918773537 0.15109233415618065 0.12444226114786475
16 0.7084605845374303 0.35785387479707464 0.1511650693385418 0.12756726114786482
16 0.3964320568020136 0.3829860067083894 0.15581620174736122 0.12633254307885
16 0.2802731946260758 0.7340407722957296 0.14945709897381948 0.1212080005042031
16 0.26797517600871473 0.6236277961809431 0.1510195989738195 0.12131726114786474
6 0.5936642006099995 0.7176116510280767 0.14640483415618064 0.12411447921687965
6 0.554862805852083 0.3674588317182246 0.1527639369297223 0.12923902179152655
6 0.25349706155166624 0.5060196791006641 0.15120143692972238 0.12912976114786473
1 0.5823110861529509 0.6002220552351211 0.15265483415618064 0.12455152179152655
1 0.4078760902370135 0.496469352501345 0.1447695989738195 0.12088021857321785
1 0.23663882950343718 0.38981017105489235 0.14306162860909738 0.11452095792955612
11 0.5677966041047219 0.484176438154842 0.14949346656500015 0.1227705005042031
11 0.4408840395158327 0.7257087382710574 0.14647756933854178 0.12723947921687967
11 0.427168991263194 0.6089365015126094 0.15258209897381966 0.12142652179152655