24 0.05981484511890228 0.549801176947517 0.11962969023780456 0.1948330332781829
9 0.09653296450821391 0.5946557552750058 0.15952040041956286 0.19003643912238158
12 0.15890198732873076 0.63876999391092 0.17308599295103008 0.20431712743398442
28 0.22103421180892155 0.6860092325468343 0.16960579544054105 0.19957508035608348
1 0.28358083338468293 0.7277797211827487 0.16612559793005194 0.1948330332781829
36 0.3468495053753628 0.770345096588138 0.16612559793005185 0.1948330332781829
21 0.4099997781958796 0.8144729719935275 0.16612559793005185 0.1948330332781829
38 0.4693622001865595 0.8569701635515411 0.1663623962703779 0.1979580332781829
39 0.5343117713474024 0.898000312495881 0.15592180373891082 0.18373189204448082
7 0.134462707459244 0.3934887215897857 0.16636239627037797 0.197958033278183
28 0.19599128069467936 0.4383705734562248 0.1612012995897259 0.19162621266133187
21 0.25896395475995165 0.4848421988616143 0.16636239627037802 0.1979580332781829
23 0.3214513767506315 0.5273939374975285 0.16792489627037802 0.1979853068171334
40 0.3861049499860668 0.5723303364418684 0.16600719875988892 0.19327053327818292
33 0.4460710232215021 0.6171849147693571 0.1679248962703781 0.1979853068171334
17 0.509339695212182 0.6597502901747465 0.16768809793005204 0.19486030681713337
14 0.5709866676177804 0.7030696420411857 0.161319698759889 0.19318871266133186
17 0.6334740896084602 0.7456213806770999 0.1594020012493999 0.18847393912238158
16 0.23560192281587247 0.23566831330995508 0.16300059793005195 0.19477848620028232
18 0.29454994771098175 0.28363425486796867 0.16816169461070407 0.2011103068171333
8 0.3601031701165801 0.32702179058178366 0.16792489627037793 0.1979853068171334
29 0.4216317433520154 0.3719036424482227 0.168161694610704 0.20111030681713338
8 0.48562246575761375 0.4152639046230874 0.16996099295103004 0.20426258035608366
39 0.5488319381632121 0.45861053002847685 0.1646814971002149 0.1963682597392326
19 0.608075960983729 0.5026702215864904 0.16972419461070398 0.20113758035608367
39 0.6697229333893273 0.5459895734529295 0.16276379958972598 0.19165348620028233
24 0.7346133049650886 0.5878009723972694 0.16120129958972598 0.19162621266133187
1 0.3342314448111967 0.09032063149117411 0.15966211037760658 0.17131371266133194
6 0.3989325622377732 0.12430589366603872 0.16636239627037802 0.19795803327818295
4 0.45956148630304555 0.17073660876300267 0.1663623962703781 0.197958033278183
37 0.5234930091235623 0.21487812093786732 0.16648079544054112 0.19952053327818292
31 0.5849623827739162 0.26054122280430636 0.16768809793005204 0.19486030681713337
23 0.6473906051795145 0.3038742114402207 0.16996099295103023 0.20426258035608366
22 0.7098780271701944 0.34642595007613497 0.1663623962703781 0.197958033278183
2 0.7762124995757927 0.3898271225594251 0.16960579544054113 0.19957508035608368
26 0.8346752723963096 0.4338731773479635 0.16276379958972598 0.19165348620028233