4 0.13498080069175428 0.7356036679065148 0.08897003669052861 0.16308650496239868
22 0.20764475596754356 0.75230532444049 0.08795356826055975 0.1723887303552928
1 0.28127197176667657 0.7659183682780183 0.09080555247554419 0.16784677956950453
7 0.355407421780794 0.7842552994190994 0.08639106826055976 0.17231595574818695
34 0.4272901270565832 0.800920568649522 0.08768055247554418 0.1677012303552928
3 0.5024798428557162 0.8146063870941559 0.09751057878390341 0.17595037799792798
27 0.5761980639165211 0.8266569309316841 0.09393055247554401 0.16799232878371625
22 0.6488165165614743 0.8441398374656595 0.090805552475544 0.16784677956950453
37 0.7250149955147871 0.8539557932138464 0.092368052475544 0.16791955417661059
11 0.1673214057840169 0.5569350124059967 0.09071454721387232 0.16628427956950453
8 0.24072110842897027 0.574454306243525 0.09126057878390341 0.17565927956950453
7 0.31347606896643143 0.5895934627775004 0.08924305247554418 0.16777400496239886
33 0.3877935295038925 0.6048053939185815 0.089334057737216 0.16933650496239885
9 0.46229300056469735 0.6168923250596626 0.09098756299888784 0.17097177956950455
32 0.5366104611021585 0.6321042562007438 0.09393055247554401 0.16799232878371625
13 0.6117546742704556 0.6465713246453779 0.09420356826055976 0.17267982878371627
19 0.6861631400695886 0.660220755786459 0.08786256299888784 0.17082623035529282
4 0.7612163479762136 0.6762503242310931 0.09218604195220052 0.16479455417661057
38 0.19823601876878733 0.375849832298373 0.09613008930724706 0.17900260339082213
40 0.2732437240445766 0.3926606507430071 0.09925508930724707 0.17914815260503386
41 0.3475156819512018 0.40865383188408816 0.09126057878390341 0.17565927956950453
31 0.42348664775033484 0.4223760376322752 0.0911695735222315 0.17409677956950453
39 0.49849435302612405 0.4391868560769093 0.0959480787839034 0.17587760339082212
17 0.572121568825257 0.45279989991443753 0.09107856826055975 0.17253427956950454
41 0.6489647898860619 0.4649959929661775 0.0959480787839034 0.17587760339082212
19 0.7249812583160308 0.47793694871436454 0.0908965577372161 0.16940927956950452
3 0.8000799688534919 0.4931852671589986 0.10109060509226282 0.1839084272121397
34 0.23112265543108107 0.18780617679785497 0.09273207352223159 0.17416955417661045
29 0.3052581054451985 0.20614310793893614 0.09291408404557533 0.17729455417661039
18 0.38109256335182373 0.22220906368712315 0.09318709983059073 0.1819820541766104
26 0.45701802652012075 0.23671251943531013 0.08997109456891898 0.18027400496239868
23 0.5329889923192537 0.2504347251834972 0.09952810509226265 0.18383565260503384
27 0.6073974581183867 0.2640841563245783 0.09474959983059072 0.18205482878371626
28 0.6856211686558479 0.27947802398342414 0.0997101156156063 0.18696065260503386
1 0.7630636291933091 0.29483550433871697 0.09171560509226247 0.18347177956950453
33 0.838253344992442 0.3085213227833511 0.0961300893072469 0.17900260339082213