1 0.2131297465927052 0.8175522213558171 0.165896557737216 0.16744313335454458
6 0.2631528624200731 0.7783175460295896 0.1708570735222316 0.17218517735518085
11 0.3100964808782768 0.7398277580362711 0.1708570735222315 0.17218517735518085
16 0.35851159407480876 0.699793651376498 0.17903359456891899 0.178526084022908
21 0.39971344674799697 0.6565527287157705 0.17076606826055968 0.17062267735518083
26 0.44486705205202115 0.6141385093889065 0.1725105787839034 0.17376585868872638
31 0.48363414946353755 0.5693078147278609 0.1725105787839034 0.17376585868872638
36 0.5233190047675617 0.5268299607335878 0.1725105787839034 0.1737658586887262
39 0.5548728416557344 0.4787924500715876 0.16920356826055957 0.1706044960216353
32 0.5922139469597585 0.43628732407699644 0.1725105787839034 0.1737658586887262
32 0.630108789109603 0.389885038749178 0.1740730787839034 0.17378404002227174
32 0.6707114023061349 0.3497600254216778 0.177471094568919 0.17850790268936265
34 0.7137032681335028 0.31044353409449565 0.17416408404557532 0.17534654002227174
34 0.7574763839608707 0.27113613343408627 0.15753802616718496 0.1579772266868173