4 0.12421875 0.37509247117110794 0.140625 0.13327095792955612
26 0.16171875 0.4511522266189896 0.1421875 0.13181771857321783
17 0.19765625 0.5247589714232095 0.14375 0.13505197921687967
38 0.23671875 0.5978029875147529 0.146875 0.13995800050420293
24 0.27578125 0.6716282536062963 0.140625 0.13327095792955604
40 0.31328125 0.7476880090541778 0.1453125 0.13984873986054147
21 0.35234375 0.8222945251457212 0.1453125 0.13672373986054112
32 0.39375 0.8970649322027573 0.15 0.14486402179152655
11 0.43203125 0.9515728436992686 0.1484375 0.09685431260146267
3 0.225 0.3188585326872898 0.15 0.14173902179152656
29 0.26328125 0.3902854184570024 0.1421875 0.13494271857321785
33 0.29921875 0.4670171632612223 0.146875 0.1368330005042031
37 0.340625 0.5394438203182583 0.1484375 0.14006726114786475
23 0.37734375 0.613886445444309 0.15 0.14017652179152656
9 0.41640625 0.6869304615358524 0.1421875 0.13181771857321783
13 0.4578125 0.7609196185928884 0.1484375 0.14006726114786475
28 0.4953125 0.8377606240407701 0.1453125 0.13672373986054112
37 0.534375 0.9123671401323132 0.146875 0.13527050050420328
16 0.3265625 0.2618979745253026 0.1421875 0.13181771857321783
31 0.36484375 0.33566861029501516 0.146875 0.1352705005042031
12 0.40234375 0.4086033657428968 0.146875 0.1368330005042031
24 0.4390625 0.4822647408689475 0.1421875 0.13650521857321785
39 0.4765625 0.5559807463168291 0.1390625 0.1300366972858944
39 0.5171875 0.6291340230520343 0.1421875 0.13181771857321783
4 0.5578125 0.7030685497872394 0.1421875 0.13494271857321785
2 0.59765625 0.7792921962006136 0.146875 0.13995800050420293
19 0.6359375 0.8538440819703261 0.1359375 0.12669317599857094
36 0.4265625 0.20560940571965364 0.14375 0.13505197921687967
16 0.465625 0.27865342181119707 0.1421875 0.13494271857321785
8 0.50078125 0.35064303629358606 0.14375 0.13348947921687965
21 0.53984375 0.42524955238512946 0.1421875 0.13181771857321783
17 0.575 0.49958291686751843 0.1390625 0.1315991972858944
7 0.61875 0.5737359648900471 0.1421875 0.13181771857321783
4 0.6578125 0.6459987309815904 0.1421875 0.13494271857321785
26 0.696875 0.7198239970731338 0.1453125 0.13828623986054148
17 0.73515625 0.7943758828428463 0.1390625 0.1315991972858944