32 0.38386595981857713 0.9264060311538891 0.13524912860909727 0.10777874525034718
11 0.5049772404037854 0.8964302032659728 0.12885365824437506 0.10138327488562524
28 0.6269425061713549 0.8695975591736463 0.13048889342673622 0.10454464247680555
14 0.7465822057345146 0.8434916136945493 0.12885365824437506 0.10138327488562524
41 0.3575378895301049 0.8352173334905906 0.13041615824437508 0.10141964247680554
36 0.48024803770649366 0.8068403731938545 0.12580139342673605 0.10443553970326391
38 0.6037758034740632 0.7800440966927088 0.12892639342673604 0.10450827488562524
19 0.7233791354460423 0.7523756512136117 0.12412979065319459 0.09971167211208325
16 0.3328450544239937 0.7471900034184724 0.1320877610179167 0.10614351006798621
24 0.45708133500920195 0.717286910712917 0.12881729065319458 0.09982077488562524
19 0.579028416981181 0.6896730166205908 0.1274002610179167 0.10603440729444458
24 0.6994493665443409 0.6635852549370839 0.12572865824437507 0.10131053970326391
9 0.31038686654434083 0.6545297247331252 0.13059799620027784 0.10923214247680554
4 0.43545894851632 0.6269885658231601 0.13041615824437508 0.10141964247680554
37 0.5566247804882991 0.5993564879352435 0.12892639342673623 0.10450827488562524
26 0.6747565314382296 0.5755579248649658 0.12892639342673604 0.10450827488562506
23 0.28405879625586855 0.5633410270698266 0.13681162860909737 0.10781511284152785
11 0.4099121282278476 0.5358180519554517 0.1367752610179167 0.10625261284152784
36 0.531096143995417 0.5089672240675351 0.13056162860909737 0.10766964247680555
12 0.6530795935585767 0.48291582997520893 0.13059799620027784 0.10923214247680554
22 0.2624545935585768 0.47382393218006963 0.13365026101791672 0.10617987765916688
4 0.38520110932614615 0.4470094718833336 0.1273638934267362 0.10447190729444458
37 0.5086561399113545 0.417088195382188 0.12885365824437506 0.10138327488562524
22 0.6306759570656948 0.39259930128986165 0.1273638934267362 0.10447190729444458
17 0.23530890567892393 0.3810545507211808 0.13059799620027784 0.10923214247680564
8 0.36354235524208367 0.3551486269935767 0.13532186379145833 0.11090374525034737
8 0.4847445548052433 0.3290790491056601 0.13532186379145833 0.11090374525034737
21 0.605165504368403 0.3029912874221533 0.13216049620027787 0.10926851006798621
29 0.21521265159486136 0.2892300734226043 0.13205139342673622 0.10458101006798622
31 0.34039383634038217 0.26637641451263916 0.13365026101791672 0.10617987765916678
24 0.4615233007211808 0.23718183662472261 0.12881729065319442 0.09982077488562506
1 0.5819442502843405 0.21109407494121574 0.12420252583555573 0.10283667211208343
6 0.18721297853284738 0.19331750816812515 0.12565592306201395 0.098185539703264
6 0.3131935970739585 0.17126328305375024 0.1272547906531946 0.09978440729444457
19 0.4382111276591668 0.1413783741437851 0.12402068787965277 0.09502417211208343
39 0.5603036799958682 0.1200144800514588 0.12561955547083342 0.096623039703264