11 0.5796875 0.1015625 0.115625 0.0921875
8 0.59765625 0.178125 0.1171875 0.1
31 0.61484375 0.253125 0.11875 0.09375
24 0.63125 0.3265625 0.1109375 0.0875
24 0.64609375 0.40390625 0.1109375 0.09375
24 0.66484375 0.47890625 0.1140625 0.09375
18 0.68125 0.55625 0.115625 0.096875
2 0.696875 0.63125 0.1140625 0.096875
6 0.7140625 0.71171875 0.1140625 0.09375
41 0.471875 0.13828125 0.1109375 0.090625
32 0.48828125 0.21484375 0.1171875 0.1
27 0.50703125 0.28828125 0.1078125 0.090625
33 0.52265625 0.3640625 0.115625 0.096875
16 0.5390625 0.43984375 0.1109375 0.0953125
9 0.55546875 0.51484375 0.1140625 0.09375
34 0.57109375 0.590625 0.109375 0.090625
1 0.58828125 0.6703125 0.1140625 0.0953125
34 0.60625 0.74375 0.1140625 0.090625
21 0.3671875 0.175 0.11875 0.096875
21 0.384375 0.2515625 0.1171875 0.0984375
40 0.4 0.325 0.11875 0.1015625
39 0.41796875 0.4 0.1171875 0.096875
7 0.43203125 0.4765625 0.1109375 0.0890625
17 0.45 0.55234375 0.1140625 0.096875
28 0.46640625 0.62890625 0.115625 0.096875
9 0.48125 0.70546875 0.1078125 0.090625
18 0.49765625 0.784375 0.1171875 0.096875
24 0.259375 0.21171875 0.1140625 0.0921875
8 0.2765625 0.2859375 0.1140625 0.0890625
36 0.29453125 0.3609375 0.1171875 0.096875
28 0.3078125 0.4375 0.1171875 0.1
33 0.325 0.51328125 0.115625 0.096875
32 0.340625 0.58984375 0.1171875 0.1
14 0.35546875 0.66484375 0.11875 0.1015625
27 0.37265625 0.74375 0.1140625 0.0953125
31 0.3875 0.82109375 0.11875 0.09375