40 0.9344643234562249 0.4965064714684619 0.13107135308755033 0.1705394400324213
36 0.9052343396882792 0.43713362552123786 0.174684174511885 0.16894270678164425
37 0.8533757848997408 0.37778005025217826 0.173121674511885 0.16886993217453838
23 0.8022984801112024 0.31839008767956567 0.17945349512873604 0.17384853060296185
26 0.6915228469951751 0.19844792287342275 0.1763012215897856 0.1721404813887502
6 0.6443381554371616 0.13809477378304552 0.17153190097293453 0.1672346575674326
16 0.5902313080349493 0.08439523190773343 0.174684174511885 0.16879046381546686
38 0.538700035713815 0.058343231183862386 0.18365007142762996 0.11668646236772477
22 0.8154975040538945 0.6266199646440364 0.17786372158978558 0.17221325599585596
31 0.765187812495881 0.5664123647678709 0.17786372158978558 0.17221325599585596
16 0.7110536915547183 0.51107420140947 0.173121674511885 0.16886993217453855
8 0.4988501517837136 0.2691907241545491 0.17945349512873604 0.17384853060296185
27 0.4470734176120262 0.21452464888548942 0.17309440097293471 0.16730743217453847
3 0.39369327313191327 0.15758759822353566 0.17948076866768634 0.17541103060296193
34 0.6523680328678505 0.7773028229972573 0.17627394805083546 0.1705779813887503
13 0.6028805016182626 0.7194025858175388 0.17948076866768634 0.175411030602962
33 0.5502679703686744 0.6616478978520322 0.17786372158978575 0.17221325599585596
4 0.3318553409060952 0.4223992690255346 0.17630122158978576 0.1721404813887501
2 0.28155928611755676 0.3629729191493691 0.17630122158978567 0.1721404813887502
29 0.22898766517639418 0.3075619811838624 0.16994212743398435 0.16559938296032675
18 0.5091692321365019 0.905164611458102 0.17594666558343128 0.15182798138875028
6 0.4574470450427152 0.8536235361890423 0.17948076866768634 0.175411030602962
12 0.40790496671522647 0.7925982990093239 0.18104326866768633 0.1754838052100677
11 0.3552787986961632 0.7340623610438172 0.17630122158978576 0.1721404813887503
27 0.23973384496328495 0.6096510200589919 0.17153190097293472 0.16723465756743253
1 0.18791620048317206 0.5526411947899323 0.17312167451188504 0.16886993217453855
28 0.13841503246410877 0.4939597076102139 0.174684174511885 0.16894270678164425
41 0.08815988798399588 0.4368771077340483 0.16371940097293466 0.16687078453190338