12 0.1046875 0.2703125 0.08125 0.1203125
37 0.19765625 0.26953125 0.071875 0.115625
13 0.29375 0.271875 0.084375 0.11875
34 0.38984375 0.26875 0.075 0.1171875
8 0.48828125 0.2671875 0.0828125 0.11875
41 0.58515625 0.26953125 0.078125 0.1171875
39 0.6859375 0.26640625 0.08125 0.1140625
6 0.7859375 0.26796875 0.08125 0.1140625
22 0.88828125 0.265625 0.0796875 0.11875
40 0.10390625 0.40546875 0.08125 0.1125
39 0.19765625 0.40546875 0.078125 0.1125
41 0.29453125 0.40390625 0.078125 0.1171875
36 0.38984375 0.4046875 0.0828125 0.1171875
34 0.48984375 0.40703125 0.0796875 0.1171875
24 0.58515625 0.40546875 0.0796875 0.109375
18 0.68359375 0.403125 0.0734375 0.1171875
40 0.78515625 0.40234375 0.0859375 0.1171875
18 0.88359375 0.4046875 0.0734375 0.11875
38 0.10546875 0.53515625 0.0828125 0.1125
9 0.2 0.5390625 0.071875 0.109375
24 0.29375 0.5390625 0.0765625 0.1078125
40 0.3890625 0.53828125 0.0828125 0.1140625
33 0.48671875 0.53671875 0.08125 0.115625
9 0.58203125 0.5375 0.071875 0.1015625
11 0.6828125 0.53828125 0.078125 0.1140625
24 0.784375 0.54296875 0.075 0.1078125
28 0.8828125 0.540625 0.0859375 0.11875
37 0.10625 0.665625 0.06875 0.1140625
13 0.19921875 0.66796875 0.0828125 0.1171875
32 0.2921875 0.66953125 0.08125 0.1171875
9 0.38828125 0.66640625 0.0796875 0.1171875
22 0.48671875 0.67109375 0.078125 0.1203125
36 0.58515625 0.671875 0.078125 0.11875
24 0.68671875 0.67421875 0.075 0.1125
3 0.78359375 0.6765625 0.0859375 0.1234375
8 0.88359375 0.6765625 0.08125 0.121875