19 0.234375 0.19375 0.0703125 0.159375
17 0.30234375 0.1890625 0.0703125 0.1546875
31 0.37421875 0.1859375 0.071875 0.1578125
31 0.44296875 0.1828125 0.0703125 0.1625
12 0.51328125 0.17890625 0.071875 0.15625
6 0.5828125 0.17734375 0.071875 0.15625
41 0.65234375 0.175 0.0734375 0.1546875
41 0.71953125 0.1703125 0.06875 0.1546875
38 0.7875 0.16796875 0.071875 0.1578125
21 0.21796875 0.36484375 0.06875 0.1546875
28 0.2890625 0.359375 0.075 0.165625
11 0.36015625 0.3546875 0.071875 0.159375
9 0.42890625 0.3515625 0.0703125 0.1609375
17 0.4984375 0.34921875 0.0703125 0.15625
16 0.56875 0.3421875 0.0734375 0.1484375
32 0.6375 0.34140625 0.071875 0.1578125
38 0.70625 0.3390625 0.075 0.159375
6 0.77421875 0.33671875 0.071875 0.1546875
23 0.2015625 0.53515625 0.0734375 0.159375
38 0.27421875 0.53125 0.0765625 0.165625
33 0.34453125 0.525 0.075 0.1609375
39 0.41640625 0.5203125 0.071875 0.159375
28 0.4859375 0.5171875 0.0734375 0.1578125
40 0.55703125 0.51328125 0.075 0.1609375
24 0.62578125 0.51171875 0.075 0.1625
7 0.6953125 0.5078125 0.0703125 0.1546875
34 0.76328125 0.503125 0.0671875 0.1578125
27 0.18828125 0.71015625 0.0734375 0.1625
19 0.25703125 0.70546875 0.0734375 0.1625
17 0.3296875 0.69921875 0.0734375 0.165625
39 0.40078125 0.6953125 0.0765625 0.165625
9 0.471875 0.68984375 0.06875 0.159375
37 0.540625 0.68515625 0.071875 0.1609375
7 0.61171875 0.68125 0.06875 0.159375
24 0.68125 0.6796875 0.06875 0.159375
38 0.75078125 0.67421875 0.0734375 0.15625