19 0.5707286859423046 0.9515579805748786 0.09846686305535748 0.09688403885024285
2 0.520004053125 1 0.5424531640625 0.951470746875 0.56135499375 0.9090091749999999 0.521253259375 0.8859069187499999 0.48175380937499995 0.974851634375 0.5196110421875 1 0.520004053125 1
28 0.472007303125 0.9751127828125 0.5126603234375 0.8818563359375 0.47182794375 0.8589107640625 0.431928609375 0.9503798453125001 0.472007303125 0.9751127828125
26 0.42245321875 0.9507860703125001 0.4631062390625 0.8575296265624999 0.42481960625 0.834850996875 0.382705290625 0.9284208140624999 0.42245321875 0.9507860703125001
1 0.3760331875 0.923755096875 0.41388291875 0.83557059375 0.376892203125 0.8113947546875 0.3386656265625 0.900472940625 0.3760331875 0.923755096875
38 0.329024853125 0.8996953281250001 0.368381959375 0.807936090625 0.3271727328125 0.785884203125 0.28873469687500003 0.8770399125000001 0.329024853125 0.8996953281250001
16 0.6138370203125 0.9129958890625 0.651567446875 0.8203661828125 0.6112312140625 0.80097213125 0.5724624109375 0.8897601609375 0.6138370203125 0.9129958890625
22 0.562610178125 0.891060071875 0.6016365171875 0.7969331562499999 0.5631384265625 0.7763320499999999 0.52323909375 0.8678011296875001 0.562610178125 0.891060071875
11 0.4620867890625 0.83945865625 0.503401340625 0.7509375703125001 0.4660798546875 0.7243940515625 0.42459992187499995 0.8117312984374999 0.4620867890625 0.83945865625
34 0.5700380261671849 0.1693059652338199 0.09450740514873246 0.12234908510611117
34 0.5191279735504664 0.1525172023160421 0.09276289462538863 0.1191877175149306
34 0.4723138867328808 0.12568129217180596 0.09276289462538863 0.1191877175149306
3 0.5142904281909711 0.8062045935585769 0.09946792093374804 0.12714568787965277
36 0.7910749231410609 0.58873203172257 0.10268392619541977 0.1287809230620139
36 0.7383293547393268 0.5672194012136117 0.10268392619541977 0.1287809230620139
3 0.6877455258142491 0.5426363220914242 0.10286593671876343 0.1319059230620141
8 0.635826710043351 0.5219231253780561 0.09781441567207594 0.12554682028847228
13 0.5889216179640936 0.4935247152338199 0.0977234104104042 0.12398432028847228
4 0.5399912943006877 0.47054050370281286 0.09432539462538862 0.11922408510611113
4 0.4916147074831022 0.44366822596739625 0.09267188936371688 0.11762521751493064
1 0.42200786277300895 0.413961235751042 0.09267188936371688 0.11762521751493064
32 0.7197719866340588 0.23520633500920196 0.09946792093374804 0.12714568787965286
37 0.6693701682323248 0.21374825588701443 0.09946792093374804 0.12714568787965286
40 0.619613091938083 0.1899646105604172 0.10103042093374785 0.12718205547083344