1 0.3444989128623742 0.1297961824363875 0.10837610226293623 0.10001202335696498
1 0.3738091629605701 0.19377611441055653 0.10837610226293623 0.10001202335696498
1 0.4085881630587659 0.2575969220115462 0.10837610226293641 0.10001202335696498
6 0.43317000654110355 0.32874449630558333 0.10995678298109546 0.10318248746358769
6 0.46011832592114016 0.39591762443968637 0.10838519262201593 0.10157452335696497
6 0.49175869048071663 0.4621731102539215 0.10680451190385672 0.09840405925034226
11 0.5210507598607532 0.5292780422280904 0.11307269262201594 0.10171091567683313
11 0.5573968051384889 0.5922721357224574 0.10835792154477701 0.09688702335696497
11 0.5851172841594459 0.6609850318032493 0.10993860226293624 0.1000574874635877
16 0.6237843535394825 0.7278171791376822 0.11307269262201594 0.10171091567683313
16 0.6569963084581386 0.7924647008452945 0.11307269262201594 0.10171091567683313
16 0.6988111037358743 0.8552996699664821 0.10679542154477702 0.09684155925034262