29 0.10269046166584724 0.4478955938900784 0.19359219028743926 0.21483069279472175
32 0.17014238611816887 0.41389031842154234 0.20006951082055266 0.22282504922121243
41 0.23989259646386785 0.38151573911294034 0.19042172618081654 0.2131772645814764
1 0.3103785927029442 0.35072639185764964 0.18876829796757127 0.2100068004748537
9 0.3816685709953318 0.31917852665567026 0.19042172618081654 0.2131772645814764
11 0.4497880851810968 0.2891022332404456 0.19198422618081654 0.21322272868809905
36 0.5209871352602391 0.2606793680384662 0.19042172618081654 0.2131772645814764
9 0.5906236853393814 0.2322110387298642 0.18720579796757128 0.20996133636823097
32 0.6595926456850802 0.19981372736795083 0.2016774749271754 0.22443301332783516
33 0.18509848172410695 0.6254415838609486 0.20489340314042073 0.22764894154108042
24 0.2587094779631832 0.5947431648189033 0.19685358260730731 0.2196091210079672
27 0.3269199203621936 0.5615418714036785 0.2016774749271754 0.22443301332783516
12 0.39823263070789255 0.5292127562016992 0.20006951082055266 0.22282504922121243
4 0.4678691807870348 0.5007444268930972 0.1952456185006847 0.21800115690134447
3 0.5375966590794224 0.4691510975844951 0.2016774749271754 0.22443301332783516
2 0.6073014053184987 0.4383390182758931 0.20002404671392995 0.22126254922121244
38 0.678500455397641 0.40991615307391366 0.19685358260730723 0.2196091210079672
7 0.748963719583406 0.3799080558186231 0.19198422618081673 0.21322272868809905
18 0.2751826094624986 0.8079023943649322 0.2001149749271754 0.22438754922121262
7 0.34486462364826354 0.77787156505633 0.19850701082055267 0.22277958511458973
33 0.41383358399396253 0.7454742536944167 0.19685358260730723 0.2196091210079672
17 0.4843423122863502 0.713903656439126 0.19198422618081654 0.21322272868809905
11 0.5556095585254266 0.6831370412371467 0.19685358260730723 0.2196091210079672
18 0.6261182868178141 0.6515664439818559 0.20006951082055266 0.22282504922121243
41 0.6943287292168245 0.6183651505666312 0.19685358260730723 0.2196091210079672
31 0.7670675472426554 0.5907689994712746 0.19359219028743943 0.21483069279472175
3 0.8390478473217977 0.5623688663226065 0.19846154671392996 0.22121708511458973
38 0.37115903602639133 0.9419782145023341 0.1848871285298145 0.11604357099533189
34 0.4349858553058635 0.9241147645814763 0.19066576708875882 0.15177047083704737
21 0.5003524425320244 0.9070325646606185 0.1995239415410804 0.18593487067876283
27 0.5736679220780532 0.8912699980862847 0.2032854390337981 0.21746000382743064
32 0.6464522042105069 0.8664018337944416 0.2064559031404208 0.22769440564770313
34 0.713858664556206 0.8339590583259054 0.19846154671392996 0.2212170851145899
19 0.7867111428485934 0.8024566572305488 0.1904217261808167 0.21317726458147632
14 0.855589174981047 0.7731843458686354 0.19359219028743943 0.21483069279472175
24 0.8997854558598594 0.7322471088007592 0.13693301332783533 0.1991314849563052