38 0.1242219351560637 0.5830332440095501 0.16177541300675893 0.17544148801910034
27 0.20206255410055424 0.6893402969121079 0.1828302067862034 0.1668303798517325
23 0.29858482252666513 0.7955208642426358 0.19146291300675894 0.17647819836338668
7 0.3888570909527761 0.9014831767638404 0.17617010367592564 0.16192462504240906
28 0.17812889368569346 0.5226066646981227 0.18990041300675892 0.17642363466105593
27 0.27067656159342474 0.6278695727728236 0.1897637119699997 0.17486113466105593
19 0.36570468053791527 0.7347768264010206 0.17630680471268487 0.1634871250424091
28 0.46165075051916504 0.8432738618803832 0.19316211404351816 0.17809526206571746
17 0.5311827090487948 0.7833929195922642 0.17970520678620333 0.16672125244707078
1 0.4371408916594432 0.6788566978152325 0.18296690782296263 0.1683928798517325
34 0.34425147115981375 0.5696875397405318 0.1812677067862034 0.16677581614940173
26 0.2517721537704621 0.46520588166583093 0.18622860885972195 0.17006450725639405
7 0.31987831333685113 0.4068328756753812 0.18480280989648118 0.17157244355406326
8 0.41711348124458236 0.5122594748570746 0.19486131508027746 0.1797123257680484
4 0.5115654017442118 0.6214831966341061 0.18480280989648107 0.17157244355406326
1 0.6006463170600449 0.7227307273041453 0.17970520678620333 0.16672125244707078
24 0.3940294213481012 0.3463343744942548 0.18283020678620332 0.1668303798517324
17 0.486069241329351 0.4546950007177902 0.18466610885972196 0.17000994355406326
1 0.5754235587187027 0.5590675313878293 0.1865020109332404 0.17318950725639404
32 0.6702466261080543 0.6636310350160264 0.19159961404351816 0.1780406983633867
28 0.46213558091449025 0.28796136850380505 0.19486131508027746 0.1797123257680484
9 0.5548883003773604 0.39556802657850587 0.1897637119699997 0.17486113466105585
16 0.6468597698402305 0.5031474028020412 0.18480280989648107 0.17157244355406326
14 0.7418195382663415 0.6092734064302382 0.18650201093324056 0.17318950725639404
39 0.5330933384073606 0.22657248991801698 0.18990041300675883 0.17642363466105584
41 0.6260511094253698 0.3365228979927178 0.1865020109332404 0.1731895072563942
38 0.7171729783698602 0.4432937423650877 0.1897637119699997 0.17486113466105593
36 0.8103651952408324 0.5470214322909539 0.19146291300675883 0.17647819836338668
39 0.6043928484921294 0.16908986133222892 0.19486131508027746 0.1797123257680484
13 0.6979268179549996 0.27672380125809515 0.18990041300675883 0.17642363466105584
31 0.7897615863811105 0.3827406774816305 0.1897637119699997 0.17486113466105585
33 0.8800338548072213 0.48870299000283507 0.19316211404351832 0.17809526206571746
18 0.671346611168796 0.11534979163944832 0.1859552067862033 0.16693950725639412
29 0.7669509285581478 0.21994057711881082 0.18310360885972193 0.16995537985173242
22 0.857936096465879 0.32514892149118074 0.18296690782296282 0.1683928798517324
40 0.926883003157546 0.42876748401238524 0.14623399368490803 0.17793157095872497