18 0.88203125 0.70234375 0.09375 0.1671875
40 0.809375 0.71796875 0.096875 0.1671875
26 0.7359375 0.73203125 0.0953125 0.1703125
27 0.6625 0.746875 0.09375 0.1734375
23 0.5078125 0.77890625 0.0953125 0.1703125
4 0.43515625 0.79296875 0.09375 0.1734375
41 0.36328125 0.80625 0.09375 0.1671875
29 0.2921875 0.821875 0.09375 0.165625
8 0.8453125 0.52578125 0.0953125 0.1734375
6 0.771875 0.5390625 0.09375 0.1671875
17 0.69921875 0.55234375 0.09375 0.1703125
7 0.4015625 0.61484375 0.0921875 0.1671875
28 0.32890625 0.628125 0.0953125 0.1734375
41 0.2546875 0.64453125 0.090625 0.1671875
28 0.803125 0.321875 0.096875 0.1734375
3 0.73046875 0.3328125 0.0984375 0.18125
16 0.65703125 0.35078125 0.0953125 0.1703125
12 0.359375 0.41015625 0.096875 0.1703125
6 0.28515625 0.425 0.09375 0.1734375
38 0.2125 0.43828125 0.0953125 0.1734375
29 0.76640625 0.140625 0.096875 0.1734375
22 0.69453125 0.15625 0.1 0.178125
36 0.61953125 0.171875 0.0953125 0.1765625
31 0.5453125 0.1859375 0.096875 0.1765625
19 0.39375 0.21875 0.0921875 0.1703125
40 0.31953125 0.23125 0.096875 0.1734375
2 0.24765625 0.24453125 0.096875 0.1703125
41 0.175 0.26015625 0.09375 0.1703125