17 0.23515625 0.21875 0.1640625 0.190625
7 0.5984375 0.5828125 0.1796875 0.2078125
40 0.27265625 0.4828125 0.1671875 0.1921875
41 0.23203125 0.8203125 0.165625 0.1890625
1 0.5078125 0.07265625 0.171875 0.1453125
21 0.4203125 0.09609375 0.165625 0.1921875
24 0.684375 0.1078125 0.1578125 0.178125
28 0.44765625 0.9328125 0.1546875 0.109375
32 0.63984375 0.84609375 0.15625 0.184375
11 0.77109375 0.46328125 0.1765625 0.2015625
31 0.690625 0.521875 0.1765625 0.203125
4 0.7046875 0.021875 0.165625 0.04375
9 0.834375 0.1484375 0.16875 0.19375
14 0.94375 0.3671875 0.1125 0.2046875
29 0.81640625 0.31640625 0.1703125 0.196875
19 0.93125 0.5296875 0.1375 0.2078125
6 0.640625 0.25546875 0.171875 0.196875
16 0.9078125 0.675 0.1703125 0.1953125
26 0.5546875 0.3109375 0.171875 0.196875
36 0.82265625 0.7296875 0.1703125 0.196875
39 0.328125 0.15859375 0.159375 0.184375
2 0.46171875 0.36953125 0.1671875 0.1921875
12 0.728125 0.7859375 0.1671875 0.19375
22 0.36875 0.428125 0.1625 0.1875
27 0.503125 0.63828125 0.1640625 0.190625
37 0.13984375 0.2734375 0.1765625 0.2046875
3 0.40625 0.69296875 0.175 0.20625
8 0.54296875 0.89453125 0.1703125 0.178125
13 0.0765625 0.3296875 0.1203125 0.20625
18 0.18359375 0.540625 0.1796875 0.20625
23 0.3171875 0.75390625 0.1796875 0.209375
38 0.1078125 0.59921875 0.1453125 0.2015625