37 0.8637773626241199 0.18488814860347746 0.1479175296574951 0.15223166394474275
37 0.7480184169590134 0.3313801245167122 0.13171952669174586 0.13689370636839734
37 0.8014418473010807 0.26239113739358977 0.13985036167271758 0.14534393515657004
7 0.4406237055137572 0.1742680946800711 0.12846719269935694 0.13351361485312832
7 0.4842410543348935 0.09751440498157318 0.14147652866891214 0.14703398091420458
27 0.5938893324723329 0.34941213164371393 0.12033635771838505 0.12506338606495557
33 0.18850817680766405 0.724331093931165 0.0894391847906915 0.09295251666989941
23 0.2647550004199295 0.7640475560494383 0.08456068380210838 0.08788237939699588
18 0.3333922538799706 0.742093065592336 0.09106535178688588 0.09464256242753386
18 0.3671743462753164 0.696509627560828 0.09431768577927464 0.09802265394280311
33 0.21685335270110703 0.6784128160513779 0.09106535178688588 0.09464256242753386
37 0.6946586536131405 0.3988066116398346 0.1235886917107738 0.12844347758022465
40 0.9145612712173573 0.2188966157227205 0.14635502965749508 0.1521041181871082
13 0.37309408243515196 0.761433125893838 0.09269151878308035 0.09633260818516849
40 0.7466058141835441 0.42337630588026043 0.12684102570316255 0.13182356909549373
27 0.751575792966187 0.12941901178961582 0.13985036167271775 0.14534393515657004
7 0.4011036076812039 0.24601541998448268 0.12033635771838505 0.12506338606495565
28 0.20080524695988836 0.785619409233637 0.08130834980971961 0.0845022878817268
12 0.44986210125541326 0.27240270574017755 0.12033635771838505 0.12506338606495557
33 0.16276141889899864 0.7638080531745004 0.08130834980971957 0.0845022878817268
7 0.5317328196579327 0.0459032049912715 0.14590936068413463 0.091806409982543
27 0.6419076798105946 0.2793070546723124 0.12846719269935694 0.13351361485312827
40 0.7975899940313199 0.35692238739358984 0.14147652866891197 0.14703398091420458
28 0.2833696906478285 0.6511808942307274 0.09431768577927464 0.09802265394280311
33 0.24457644608503593 0.6286520610504082 0.09269151878308027 0.09633260818516849
40 0.8572634243733873 0.28742321723992925 0.1431026956651067 0.14872402667183912
12 0.49325661558986933 0.20111776604167964 0.12846719269935694 0.13351361485312827
13 0.34471707304361177 0.8081326537736253 0.09269151878308035 0.09633260818516831
8 0.44957566939329024 0.7380596566485631 0.09594385277546902 0.09971269970043757
27 0.6971164446393422 0.20472177179155548 0.13497186068413464 0.14027379788366642
18 0.27855090357595946 0.8267708255942757 0.08293451680591399 0.08619233363936125
28 0.2274605888609426 0.7429536771114844 0.08781301779449713 0.09126247091226496
23 0.29225525931717805 0.7197555510484684 0.09269151878308035 0.09633260818516849
38 0.17571635813831446 0.6560753015075104 0.08781301779449713 0.09126247091226496
38 0.1262164238419145 0.7434316513577292 0.0796821828135252 0.08281224212409236
17 0.6424992233082543 0.07369478346048511 0.13985036167271758 0.14534393515657004
32 0.8073655365403963 0.15523234163595528 0.14147652866891214 0.14703398091420458
22 0.5458802554000265 0.3237423230092018 0.12033635771838505 0.12506338606495557
23 0.2381633255150697 0.8051507881715908 0.08293451680591399 0.08619233363936125
12 0.5383091304186169 0.12736153058554717 0.13497186068413464 0.14027379788366642
41 0.16136203946896488 0.5879470548414903 0.09269151878308031 0.09633260818516849
2 0.4332343112549758 0.07040081628089892 0.1382241946765232 0.14080163256179784
41 0.08873101129434442 0.7270252724197753 0.08781301779449713 0.09126247091226496
17 0.5926000409890207 0.15173990618952118 0.1382241946765234 0.1436538893989355
2 0.35303086361270297 0.22190811134997057 0.12196252471457933 0.1267534318225902
23 0.32297601870871817 0.6728647045322296 0.09106535178688588 0.09464256242753386
13 0.31496856464065476 0.8502722274110468 0.08456068380210838 0.0878823793969957
38 0.2056877010279518 0.6084669778700887 0.0894391847906915 0.09295251666989941
8 0.35310789319583613 0.8697398334701834 0.08293451680591399 0.08619233363936125
2 0.47693257311797393 0.0316652328710586 0.13988485376405216 0.0633304657421172
38 0.15124559874677432 0.7024559649932112 0.08456068380210838 0.08788237939699588
17 0.49874792882201147 0.29566499149587244 0.12027269072219049 0.12350088606495557
2 0.393459545437645 0.1469720131667417 0.12846719269935694 0.13351361485312832
28 0.2543069317505799 0.6956004449893318 0.08781301779449713 0.09126247091226496
41 0.11238868718778738 0.6814896318128918 0.08781301779449713 0.09126247091226496
13 0.40840684133240046 0.7165033921046955 0.0959438527754692 0.09971269970043757
18 0.306051162473208 0.7824788205933059 0.08781301779449713 0.09126247091226496
32 0.695353673384804 0.3053117031551037 0.12846719269935694 0.13351361485312835
32 0.6466177430427367 0.37391805300532244 0.12033635771838505 0.12506338606495557
12 0.5875543967302393 0.05988608559621533 0.14147652866891214 0.11977217119243067
22 0.6412630340689385 0.18047094194521604 0.13334569368794008 0.13858375212603188
34 0.18140391992476287 0.36361673453804855 0.09757001977166349 0.1014027454580722
32 0.7495901872249684 0.23547769315316405 0.13659802768032883 0.14196384364130096
41 0.13376628007742472 0.6345828098424601 0.09106535178688593 0.09464256242753386
17 0.5412020256659815 0.22835007467619178 0.12846719269935694 0.13351361485312827
34 0.22713291399326385 0.3879153618090125 0.10082235376405232 0.10478283697334119
8 0.3821069850968903 0.8268827827115791 0.08130834980971961 0.0845022878817268
8 0.4150123269979445 0.7837068675588883 0.08781301779449713 0.09126247091226496
22 0.5907099357420936 0.25545483755306936 0.12684102570316255 0.13182356909549373
22 0.698193466388172 0.10185186330682457 0.14310269566510633 0.14872402667183912