37 0.24870682630702615 0.8813759037652262 0.0940839478903042 0.11351988433001133
37 0.26477924421354093 0.7035315060169797 0.0888142510334573 0.10071949568106327
37 0.25857844003693053 0.7864942003414537 0.09223034946188076 0.10716975478036198
7 0.6199205084815647 0.6877832834717591 0.0856892510334573 0.10051923658176456
7 0.6276366550907424 0.7729698118493891 0.09379284946188057 0.10726988433001132
27 0.38887602378304553 0.614571530693982 0.07907537799792799 0.09230621838316733
33 0.5254815353604728 0.10653088834440616 0.06214043507002263 0.0631799228866742
23 0.4372730599675787 0.11062570789959278 0.06050516046291676 0.061517293337024895
18 0.390558571754403 0.16035440006459845 0.062285984284234354 0.0663049228866742
18 0.387193823202145 0.21587321483942312 0.06392125889134022 0.0679675524363235
33 0.5277674733259795 0.15779299969545818 0.062285984284234354 0.0663049228866742
37 0.2725061610865985 0.6212499321428563 0.08220037799792798 0.09250647748246621
40 0.1832637628247908 0.8816750948504979 0.10040672249741003 0.11548290252860838
13 0.34446482175440296 0.16330822177925342 0.06384848428423436 0.06640505243632351
40 0.21313116108659846 0.6250548550295305 0.08539815260503385 0.09426923658176474
27 0.3776130763070261 0.8731152159191573 0.08925089867609248 0.11009449568106362
7 0.6150746507475162 0.6078652459948304 0.07907537799792799 0.09230621838316751
28 0.4800812981807544 0.06114733960871046 0.057234611248705033 0.05819203423772623
12 0.557334925354622 0.6100075393318554 0.07907537799792799 0.09230621838316751
33 0.5252846362700956 0.060587332668880146 0.057234611248705033 0.05819203423772623
7 0.6335719778786026 0.8629439697766687 0.09252144789030403 0.11341975478036197
27 0.3874354942135409 0.695671336369508 0.0856892510334573 0.10051923658176456
40 0.20707590612419974 0.7048925493540045 0.09684507485477489 0.10590764342931003
28 0.48466813668438036 0.21352136798634053 0.06392125889134022 0.0679675524363235
33 0.5329964747737217 0.2127611019472116 0.06235875889134022 0.06786742288667424
40 0.1945159400369305 0.7905995118770758 0.09699062406898662 0.10903264342931003
12 0.5605818957851175 0.6908069563584334 0.0856892510334573 0.10051923658176473
13 0.34381415839600216 0.11038348087855207 0.06377570967712849 0.0648425524363235
8 0.2919904851128038 0.21963736736803172 0.06399403349844598 0.06953005243632351
27 0.3810163662156129 0.7833215306939819 0.0874700748547749 0.10530686613141409
18 0.38960184739496617 0.06382985348837109 0.0588698858558109 0.05985466378737556
28 0.48173153536047286 0.10933451573458715 0.060577935070022626 0.06307979333702489
23 0.43810565984374417 0.15964419880029418 0.06384848428423436 0.06640505243632351
38 0.5752781741117678 0.1578640484311539 0.060577935070022626 0.06307979333702489
38 0.5696703370558839 0.06085864050387448 0.05567211124870504 0.05809190468807692
17 0.5032851643963674 0.8673985371723869 0.08925089867609248 0.11009449568106326
32 0.31422266439636737 0.8795142126799547 0.09081339867609248 0.11019462523071297
22 0.44501686187238676 0.6133106169066064 0.07907537799792799 0.09230621838316751
23 0.43565921009141323 0.06165728177371611 0.0588698858558109 0.05985466378737556
12 0.5637197043049541 0.7739501233850115 0.0874700748547749 0.10530686613141409
41 0.6274549501666158 0.20826576419342765 0.06384848428423417 0.06640505243632351
2 0.6876473558765307 0.7722398241878903 0.09066784946188058 0.10706962523071262
41 0.6111493616629897 0.05664270743816748 0.062067660462916764 0.0616174228866742
17 0.5019281796978483 0.7794677405961595 0.09066784946188075 0.10706962523071262
2 0.6704342388368575 0.6066543969822795 0.08063787799792799 0.09240634793281668
23 0.43864716129148623 0.2149126897009955 0.062285984284234173 0.06630492288667425
13 0.3445076712162837 0.062046110428201386 0.0604323858558109 0.05995479333702489
38 0.5774549501666157 0.21146990978220592 0.06072348428423417 0.06620479333702489
8 0.30004919582338957 0.06333730259320705 0.0588698858558109 0.05985466378737554
2 0.6936554532714968 0.8606514821151698 0.09081339867609231 0.11019462523071297
38 0.5706484861462611 0.10675213140457585 0.05894266046291676 0.06141716378737554
17 0.5003036753546221 0.6136622678940554 0.0790026033908223 0.0907437183831675
2 0.6775510719637999 0.6879847401347343 0.0856892510334573 0.10051923658176456
28 0.48550719871887366 0.16205899753598985 0.060577935070022626 0.06307979333702489
41 0.6166694615391553 0.10536080968992087 0.060577935070022626 0.06307979333702489
13 0.3403915978092509 0.21731460132890276 0.06399403349844598 0.06953005243632351
18 0.3903980599675787 0.11362959438907243 0.060577935070022626 0.06307979333702489
32 0.32571674421354097 0.6996264535806562 0.08725175103345731 0.10061936613141391
32 0.3286833864794926 0.6192077683554809 0.07907537799792799 0.09230621838316751
12 0.5672748897892614 0.8648557256367647 0.08932367328319835 0.11165699568106327
22 0.4435163662156129 0.7793163487080091 0.08739730024766904 0.10374436613141391
34 0.7382339766357484 0.40524328887042993 0.06577485731976367 0.07431768198597286
32 0.3178806654298246 0.7842517774547794 0.09059507485477489 0.10550712523071262
41 0.624424149504662 0.1562724676172003 0.062285984284234173 0.0663049228866742
17 0.5029513323028822 0.6906054996954583 0.0856892510334573 0.10051923658176473
34 0.6852181385464073 0.40630394355850685 0.0674829065339754 0.07754281153562222
8 0.29928290839600213 0.11323717304355771 0.0557448858558109 0.05965440468807692
8 0.2960637090579559 0.1656309878183824 0.062067660462916764 0.0616174228866742
22 0.44521160690998807 0.692747793032483 0.0810017510334573 0.10021884793281685
22 0.43922266439636737 0.8715038487080091 0.09237589867609249 0.11029475478036196