37 0.13277694980879612 0.6574475176674305 0.1301629419114117 0.11221167211208342
37 0.307966203957981 0.6455436636596179 0.1153900468904335 0.10250936379145834
37 0.22611255271322556 0.6497967121965971 0.1235577444009226 0.10737870174736112
7 0.3179975964801594 0.28217084147128446 0.11359074855010753 0.09934799620027786
7 0.23363425187409978 0.2739602575994443 0.12367614357108563 0.10894120174736113
27 0.39404356868526513 0.5214502405976038 0.10686715186945542 0.09295252583555573
33 0.8923724796782828 0.3948052072595131 0.07564046265733601 0.07194904160312507
23 0.8906458815477383 0.4856302290110063 0.07227866431700995 0.06875130642076392
18 0.8408952578973844 0.5313979771111452 0.07720296265733602 0.07198540919430556
18 0.787048207482466 0.5334339090068744 0.08056476099766208 0.0751831443766667
33 0.8412360321677937 0.3912996539728813 0.07720296265733637 0.07198540919430566
37 0.3896422564474919 0.6389468651226385 0.10710395020978139 0.09607752583555573
40 0.1376905153705616 0.7222912676674305 0.12438653859206376 0.11831620174736131
13 0.8389784830022752 0.5784002636802772 0.07900226099766208 0.07514677678548623
40 0.38560687449876835 0.6993031368741317 0.10890324855010754 0.09923889342673622
27 0.1376751695151021 0.5258520255512151 0.1251202444009226 0.1074150693385418
7 0.3961109410862191 0.29052689570784695 0.10686715186945542 0.09295252583555555
28 0.9382895535384181 0.44304203229763817 0.06903526514684692 0.06711607123840277
12 0.3958634099673325 0.34922974848138855 0.10686715186945542 0.09295252583555565
33 0.9378625784335274 0.39609429711527705 0.06903526514684692 0.06711607123840287
7 0.14380215726804013 0.265876960296736 0.13004454274124866 0.11064917211208343
27 0.31339721993002057 0.5209794215434026 0.11359074855010753 0.09934799620027786
40 0.30693742283909436 0.7042647002287498 0.12223204274124866 0.11046733415618064
28 0.7881236101771141 0.4340151372553813 0.08056476099766208 0.0751831443766667
33 0.7867969859020603 0.38552308586861045 0.07888386182749904 0.07358427678548614
40 0.22159191868990952 0.7140774177436804 0.1239129419114117 0.1120662017473613
12 0.31642436370159893 0.34403506183600674 0.11359074855010753 0.09934799620027786
13 0.8908369809276827 0.5811063831713188 0.07732136182749905 0.07354790919430557
8 0.7842919056176549 0.6313265483495479 0.08212726099766207 0.0752195119678472
27 0.2259564195151021 0.5237972566495138 0.1185150468904336 0.10258209897381967
18 0.936622154992955 0.5346483040491312 0.07059776514684693 0.06715243882958326
28 0.890278106027929 0.43946374382864517 0.07395956348717299 0.07035017401194459
23 0.8411311336223306 0.48286955813319377 0.07900226099766208 0.07514677678548623
38 0.8414127083076586 0.34198998499492983 0.07395956348717334 0.07035017401194459
38 0.9368911516689626 0.3522897457285062 0.0689168659766839 0.06555357123840277
17 0.14124768756173417 0.3974179010261804 0.1251202444009226 0.1074150693385418
32 0.13393578549178609 0.5901145473027082 0.12523864357108563 0.10897756933854161
22 0.39440949897431477 0.4643098878240622 0.10686715186945542 0.09295252583555573
23 0.9376984803029828 0.48688295127558956 0.07059776514684693 0.06715243882958344
12 0.23386031743586527 0.33891311037298594 0.1185150468904335 0.1025820989738195
41 0.7912341869370343 0.2891565789347563 0.07900226099766208 0.07514677678548623
2 0.23364498465266034 0.21213240482590262 0.12187684523075956 0.10577983415618064
41 0.9406664244894796 0.3091573415681937 0.07251546265733602 0.07187630642076392
17 0.22916208465730473 0.4008500659200693 0.12187684523075956 0.10577983415618064
2 0.39815777054543167 0.23491267534312468 0.10698555103961845 0.09451502583555564
23 0.7885505852820046 0.4809628724377424 0.07720296265733602 0.07198540919430556
13 0.9393336805127642 0.5807602378447214 0.07071616431700996 0.06871493882958327
38 0.787991710382251 0.33932023309506876 0.07708456348717299 0.07042290919430556
8 0.938079756447492 0.6261818406182631 0.07059776514684693 0.06715243882958344
2 0.1468786904615192 0.2031951223408332 0.12523864357108563 0.10897756933854179
38 0.8912826537435553 0.3494381558727423 0.07227866431701031 0.06875130642076392
17 0.3923724796782828 0.40644283643729134 0.10530465186945541 0.09291615824437507
2 0.3167418271841275 0.22428560628892336 0.11359074855010753 0.09934799620027786
28 0.8390232593472771 0.4343956905420132 0.07395956348717334 0.07035017401194459
41 0.8924181786386644 0.3024540530992007 0.07395956348717334 0.07035017401194459
13 0.7860310817575197 0.581980511780416 0.08212726099766207 0.0752195119678472
18 0.8871666066526289 0.5326688831713188 0.07395956348717299 0.07035017401194459
32 0.3103206867365415 0.5836612594993054 0.11359074855010753 0.09934799620027786
32 0.390067386321623 0.5825877623490969 0.10686715186945542 0.09295252583555573
12 0.14342457158505018 0.33319174686586794 0.1266827444009226 0.10745143692972228
22 0.23059545270858112 0.46107905110243036 0.11695254689043359 0.102545731382639
34 0.5944398520792369 0.1708644398764231 0.08380816016782511 0.07681837955902786
32 0.22774498507686758 0.5887137418318749 0.12031434523075965 0.10574346656500015
41 0.8423706344475234 0.2926621322213882 0.07720296265733602 0.07198540919430556
17 0.3169580825827123 0.40271973081395807 0.11359074855010753 0.09934799620027786
34 0.5938371234498612 0.22487979264996477 0.08861405933798813 0.0784899823325695
8 0.889523857277329 0.6257467359448604 0.07047936597668389 0.06558993882958326
8 0.838079756447492 0.6285093664538188 0.07251546265733602 0.07187630642076392
22 0.3167697510489072 0.4622038335874998 0.11335395020978148 0.09622299620027785
22 0.1399112531234996 0.4624071213909026 0.12691954274124867 0.11057643692972227