37 0.7744711566615681 0.872688676588458 0.11419095941492116 0.10211477171162145
37 0.6196802909954113 0.7818174658778723 0.09999209172016936 0.09364730024766903
37 0.6932308392911279 0.8235555097154006 0.10629663879807012 0.0970633986760923
7 0.7614270547918338 0.45533635669608186 0.09996481818121908 0.09208480024766885
7 0.8421997678602029 0.4864643862655864 0.10788641233702023 0.09869867328319834
27 0.5933513904262184 0.632814885646414 0.09204322402541756 0.08547092721213971
33 0.19117087621946363 0.29116446319178513 0.06515344155801364 0.06548375889134021
23 0.1561316286550956 0.37241230913900913 0.06356366801906325 0.06384848428423436
18 0.18161682386655717 0.43536822745980874 0.06827844155801359 0.06562930810555194
18 0.23041283401282692 0.4618793775836433 0.06986821509696392 0.06726458271265781
33 0.23929473052153477 0.3113892260120667 0.06827844155801355 0.06562930810555194
37 0.5477058794691698 0.7393709466474498 0.0936602711033185 0.08866870181924558
40 0.7468449886425048 0.9323890082676585 0.1174523271096728 0.11007282092583352
13 0.16366566477594766 0.47831770678164426 0.06986821509696392 0.06726458271265763
40 0.5264115320669576 0.7946748767550738 0.09527731818121907 0.09186647642635144
27 0.8250087191607444 0.7546321894087396 0.10942163879807013 0.09720894789030421
7 0.6876583181845144 0.42609831285855365 0.09204322402541756 0.08547092721213971
28 0.1306055231352085 0.31180014081820956 0.06038412094116259 0.060577935070022626
12 0.6632798810907277 0.4789129437519658 0.09204322402541756 0.08547092721213971
33 0.15007827191739254 0.27126718610347983 0.06038412094116259 0.060577935070022626
7 0.9268378206201463 0.5201181023528557 0.1126011858759707 0.10047949710451576
27 0.6669973961082614 0.669084179483942 0.0999375446422686 0.09052230024766902
40 0.5960831039016246 0.8346684840748374 0.10476141233702041 0.09855312406898661
28 0.27027594927194665 0.37303735545773675 0.06986821509696392 0.06726458271265771
33 0.2913521083625562 0.3302334253501129 0.06984094155801354 0.06570208271265772
40 0.6695245580415399 0.8826565279123656 0.10953073295387128 0.10345894789030438
12 0.7385565706201463 0.5113487621965997 0.0999375446422686 0.09052230024766886
13 0.11556908401282691 0.45653044396136266 0.06674321509696393 0.0671190334984459
8 0.19212585552318234 0.5500129243166556 0.0698954886359143 0.06882708271265763
27 0.7452218076345029 0.7118217971427879 0.10467959172016954 0.09386562406898662
18 0.09319525203189018 0.39450132485477485 0.061946620941162565 0.0606507096771284
28 0.1756043774372796 0.3318793544242794 0.06512616801906326 0.06392125889134022
23 0.20192536972664188 0.39174666004863196 0.06830571509696393 0.06719180810555195
38 0.25960327638161945 0.2677676586008899 0.06671594155801355 0.06555653349844608
38 0.1695237471606262 0.2322967313887502 0.05879434740221225 0.05894266046291676
17 0.8747377581209701 0.6381018149254682 0.11098413879807012 0.09728172249741007
32 0.8020973246806313 0.8129883449092576 0.10942163879807013 0.09720894789030403
22 0.6177025539810548 0.5815627547530018 0.09363299756436802 0.08710620181924558
23 0.1119276611224997 0.3515882328364922 0.06038412094116259 0.060577935070022626
12 0.8153821233800898 0.5446386052483397 0.10467959172016919 0.09386562406898662
41 0.32806295008272557 0.2428083540099947 0.06830571509696393 0.06719180810555185
2 0.8681543417234646 0.4329412799792801 0.10629663879807012 0.09706339867609248
41 0.18351410917333505 0.19229031554914996 0.06359094155801363 0.06541098428423431
17 0.7932792524389273 0.6014686480524107 0.10470686525911965 0.09542812406898663
2 0.7096384582004004 0.3762995200544827 0.09363299756436802 0.08710620181924558
23 0.25155717695081226 0.4151691974760194 0.06827844155801355 0.06562930810555194
13 0.07216000324970616 0.43496150496239866 0.061946620941162565 0.06065070967712849
38 0.31005724391421535 0.2888828333318303 0.06984094155801354 0.0657020827126578
8 0.05348214123699733 0.4747495969806813 0.061946620941162586 0.06065070967712849
2 0.9450208047918338 0.4638873730310201 0.09692163879807011 0.0966267510334573
38 0.21220612500164765 0.25070428308416126 0.061973894480112965 0.06221320967712849
17 0.642040080766416 0.5310918738595897 0.09204322402541773 0.08547092721213971
2 0.7865594683466701 0.4041206131062226 0.0999375446422686 0.09052230024766902
28 0.22453675527830103 0.35057800454811394 0.06512616801906326 0.06392125889134022
41 0.23092489732278199 0.2085724410658786 0.06512616801906326 0.06392125889134022
13 0.21165315138326707 0.5063549696019258 0.07145798863591431 0.06889985731976367
18 0.1381668327950109 0.41614303846084477 0.06356366801906325 0.06384848428423436
32 0.6433320251670986 0.7258414476809072 0.0999375446422686 0.09052230024766902
32 0.5720570430240063 0.6881188157540377 0.09204322402541756 0.08547092721213971
12 0.8999929026010831 0.5798548213356091 0.11098413879807012 0.09728172249741007
22 0.7665570653451406 0.654174117035164 0.10308981818121907 0.09223034946188076
34 0.5566106899364558 0.2292146966474499 0.07458298863591431 0.06904540653397531
32 0.7168552999238651 0.7691419915184354 0.10470686525911965 0.09542812406898663
41 0.27992545901117927 0.22336484118971311 0.06827844155801355 0.06562930810555186
17 0.71264290706531 0.5625281184829062 0.0999375446422686 0.09052230024766886
34 0.5346714602289954 0.2766697394515208 0.07620003571381488 0.07224318114108108
8 0.0992213352306429 0.49720894789030423 0.05879434740221223 0.05894266046291676
8 0.1449059821463878 0.5227932987999269 0.06200116801906326 0.06377570967712849
22 0.6890457199715232 0.6153791366798712 0.09832049756436803 0.08732452564056317
22 0.8494553401019068 0.6979113085153275 0.10944891233702059 0.09877144789030404