31 0.63203125 0.4140625 0.1359375 0.1484375
40 0.93984375 0.696875 0.1203125 0.15
31 0.58515625 0.30078125 0.140625 0.1578125
13 0.3671875 0.77265625 0.1359375 0.14375
28 0.590625 0.5625 0.134375 0.1484375
29 0.959375 0.54609375 0.08125 0.1484375
37 0.86328125 0.728125 0.1375 0.1546875
41 0.853125 0.46875 0.134375 0.153125
28 0.6359375 0.678125 0.1328125 0.1421875
39 0.7578125 0.2390625 0.1375 0.15625
19 0.35546875 0.2515625 0.1359375 0.1484375
37 0.9078125 0.840625 0.134375 0.1453125
19 0.2203125 0.16953125 0.140625 0.1578125
38 0.8140625 0.6109375 0.13125 0.14375
11 0.27421875 0.54453125 0.1390625 0.146875
13 0.3203125 0.65703125 0.140625 0.1578125
26 0.4953125 0.33203125 0.1421875 0.1609375
3 0.18125 0.8359375 0.1359375 0.146875
11 0.225 0.42734375 0.146875 0.165625
1 0.08984375 0.609375 0.1375 0.15
23 0.54765625 0.71015625 0.134375 0.1421875
41 0.8984375 0.57890625 0.1296875 0.1421875
32 0.81796875 0.87421875 0.134375 0.14375
32 0.77421875 0.76171875 0.134375 0.1515625
26 0.54453125 0.44921875 0.1359375 0.146875
6 0.13125 0.459375 0.1453125 0.1625
40 0.96328125 0.80859375 0.0734375 0.1421875
18 0.45703125 0.74375 0.1359375 0.14375
7 0.32265625 0.921875 0.14375 0.15625
6 0.18203125 0.5765625 0.1390625 0.1484375
23 0.5046875 0.5953125 0.140625 0.15625
39 0.80625 0.3515625 0.13125 0.146875
4 0.0359375 0.3765625 0.0546875 0.15625
38 0.76875 0.4984375 0.1359375 0.1546875
12 0.41640625 0.88984375 0.140625 0.15625
1 0.06015625 0.49375 0.096875 0.15625
3 0.13671875 0.72734375 0.1359375 0.1484375
24 0.2640625 0.28125 0.1359375 0.146875
34 0.84453125 0.209375 0.134375 0.153125
15 0.70859375 0.12421875 0.1328125 0.1484375
14 0.175 0.31015625 0.140625 0.153125
24 0.31015625 0.134375 0.1375 0.1546875
18 0.4109375 0.62578125 0.140625 0.1578125
16 0.3640625 0.50859375 0.1375 0.15
12 0.4609375 0.965625 0.134375 0.06875
21 0.40625 0.365625 0.1421875 0.159375
16 0.31640625 0.39609375 0.140625 0.1578125
22 0.5953125 0.825 0.1390625 0.153125
8 0.27421875 0.8046875 0.140625 0.15
8 0.2296875 0.69296875 0.1421875 0.15625
21 0.45234375 0.47734375 0.1390625 0.1515625
36 0.72265625 0.38359375 0.13125 0.14375
22 0.63828125 0.9328125 0.13125 0.134375
36 0.675 0.26953125 0.1359375 0.15625
14 0.1265625 0.2 0.1390625 0.1546875
17 0.50703125 0.85546875 0.140625 0.15625
29 0.9359375 0.43515625 0.128125 0.1578125
7 0.36640625 0.97890625 0.1375 0.0421875
33 0.72734375 0.64609375 0.1328125 0.1421875
17 0.54921875 0.95 0.134375 0.1
9 0.08359375 0.34140625 0.1390625 0.15
33 0.68203125 0.5328125 0.134375 0.1515625
9 0.05546875 0.2328125 0.1015625 0.153125
27 0.68359375 0.7921875 0.1375 0.15625
2 0.22890625 0.93828125 0.1375 0.1234375
27 0.72734375 0.90234375 0.1328125 0.140625
0 0.446875 0.21796875 0.1375 0.15
34 0.89140625 0.32109375 0.13125 0.146875
25 0.5375 0.18515625 0.1375 0.1484375
10 0.6265625 0.1546875 0.13125 0.146875