31 0.4209960921434889 0.579174056994091 0.2021677621279716 0.18623514427970278
40 0.6032652977629802 0.930858064165667 0.1911029742462448 0.10794645317271012
31 0.325046121231224 0.49790918802694967 0.2137429909161442 0.1944295901960187
13 0.8409901145632641 0.4454190388531055 0.19735271637033697 0.18450895317271013
28 0.575332776841017 0.588670564165667 0.20204021637033698 0.18467264427970279
29 0.454062523217173 0.9266666158870983 0.17700852333785927 0.12615081614940138
37 0.6574267682162033 0.8937102390305908 0.20778003333979883 0.1786408990890262
41 0.4113652270004965 0.8067187036360464 0.2052927621279716 0.18634427168436432
28 0.6743439748744646 0.6690450557281465 0.1939726248550679 0.1812748257680486
39 0.2168664436606976 0.6411458112552602 0.21036289940087513 0.19119546279135696
19 0.34204307622249547 0.26462297287333997 0.2021677621279716 0.1862351442797027
37 0.7499967765511529 0.9335688579977319 0.1913900166698994 0.09237601687504124
19 0.3012272733378592 0.1101363695152954 0.2137429909161442 0.1944295901960187
38 0.5593881388192073 0.8156522156169459 0.19540757909743328 0.17976688947037936
11 0.6475914456175517 0.28372511462115396 0.2024228536432407 0.18936014427970269
13 0.7426326207721821 0.36345476543946054 0.2137429909161442 0.1944295901960187
26 0.3800527435012181 0.4231249536360463 0.2171230824314133 0.1976637176006804
3 0.9266896589437728 0.29062735673178763 0.1466206821124544 0.1854712524470707
11 0.5481976103112004 0.19866312305867445 0.22388326546195145 0.20413197241000383
1 0.7619733257634536 0.13008670473235462 0.2039853536432405 0.18941470798203355
23 0.7294781429020933 0.595823321337243 0.19566267061270254 0.18289188947037935
41 0.5047163563974923 0.8849404181566838 0.19371753333979883 0.17814982576804858
32 0.8103444741255587 0.8954215280533324 0.19569462152108805 0.16419645317271012
32 0.7154786421531872 0.8274379090861912 0.20373026212797143 0.18628970798203354
26 0.47944657880756936 0.5081869451985258 0.2006052621279716 0.18618058057737183
6 0.6060741410659254 0.12064476126310937 0.21894067394668237 0.20084328130301127
18 0.7876097651720875 0.5209299595416781 0.19735271637033697 0.18450895317271013
7 0.944849469704317 0.4534993789643062 0.11030106059136599 0.19559029691210786
6 0.7039692492510939 0.20654256652791975 0.2039853536432407 0.18941470798203355
23 0.6314395135050974 0.5177652979235982 0.21218049091614422 0.19437502649368774
39 0.3113814603305971 0.7240277439247322 0.1986601248550679 0.1814385168750409
4 0.5531248710620462 0.03012397650153705 0.17187474212409234 0.0602479530030741
38 0.46356571366457694 0.7359498466498046 0.20867285364324067 0.1895783990890262
12 0.9167562272057717 0.5305083122667504 0.1664875455884566 0.19437502649368774
1 0.658705062427534 0.07067456543161138 0.19323930121764618 0.14134913086322276
3 0.8619570924333531 0.2127776644436687 0.20216776212797144 0.1862351442797027
24 0.3969221527348551 0.18827623848243663 0.2006052621279716 0.18618058057737183
34 0.16401225275425174 0.7135044500926673 0.20529276212797157 0.1863442716843645
15 0.1293189041119809 0.5572370919252992 0.18160017061270248 0.18240081614940157
14 0.4495850250048491 0.1135738496450295 0.2089279451585096 0.19270339908902612
24 0.2421868553102306 0.1834945131620259 0.20880039940087514 0.19114089908902612
18 0.6869085213810052 0.43904753168152943 0.2137429909161444 0.1944295901960187
16 0.5877060047111058 0.3563292901190499 0.2039853536432407 0.18941470798203355
12 0.9687331219801301 0.5966491782386668 0.06253375603973979 0.153764895460829
21 0.43753066152884673 0.3498213736916466 0.2155605824314133 0.19760915389834946
16 0.4925372837988409 0.27503713930074325 0.2137429909161442 0.1944295901960187
22 0.8271181595719928 0.6785961266020535 0.20723789940087514 0.19108633538669526
8 0.8976557342481846 0.36820920890870584 0.20468853150363095 0.1910317716843645
8 0.8031717659209934 0.2892608080903992 0.21230803667377884 0.19593752649368784
21 0.5326356095622944 0.43033227450995326 0.20567539940087515 0.1910317716843643
36 0.3661170156311293 0.6555207913849943 0.19540757909743345 0.17976688947037936
22 0.9129133632707273 0.754528654825022 0.17417327345854544 0.17631450725639403
36 0.2692582489612299 0.5727207042690184 0.2102353536432407 0.18963296279135697
14 0.3586732404571023 0.06349452640886982 0.2048464809142046 0.12698905281773964
17 0.8814073047208041 0.6046204240623155 0.21218049091614438 0.19437502649368793
29 0.3557208759423297 0.8736904380269497 0.20816267061270244 0.1833283990890262
7 0.9943869551604493 0.5128272497455459 0.011226089679101391 0.14549603847458742
33 0.6171211483621051 0.7454736356725462 0.19397262485506808 0.18127482576804824
17 0.9411979244057243 0.6755207119039308 0.1176041511885515 0.16590279691210785
9 0.5059308777300059 0.06559025054815418 0.20248675546001174 0.13118050109630836
33 0.5212987232074747 0.665771266705405 0.20373026212797143 0.18628970798203354
9 0.412770938031508 0.026438470511087275 0.18491687606301604 0.05287694102217455
27 0.7703577186655469 0.7510911746952876 0.21036289940087513 0.19119546279135696
2 0.9746646443999054 0.36954104121535825 0.05067071120018909 0.17454862141421196
27 0.8644263251837254 0.8285043573647599 0.1924101248550681 0.18122026206571745
0 0.28397522683131865 0.3402975846689051 0.2039853536432406 0.18941470798203355
34 0.25839972366651665 0.7948238827621393 0.19866012485506798 0.1814385168750409
25 0.22740610456132454 0.4151363827621394 0.20229530788560607 0.18779764427970277
10 0.17239948229133045 0.4899206171530427 0.19866012485506798 0.18143851687504106