31 0.6396992395826956 0.4483582911725191 0.1048386917107738 0.11933178298109545
40 0.7941732449827221 0.8188758451326577 0.10034219269935676 0.12399201190385653
31 0.6492572647915665 0.3288543122497579 0.10678319368794006 0.12871587334017515
13 0.22656127513450883 0.6725709333504379 0.1061465237259962 0.11309087334017516
28 0.5309542978719218 0.5665037822937246 0.1032761917107738 0.11932269262201593
29 0.902950020191593 0.6999491040114523 0.104902358706968 0.12089428298109546
37 0.7028306619789164 0.8167815591264999 0.10353085969555131 0.12557269262201592
41 0.8164461288985612 0.5791048180052945 0.10040585969555131 0.12555451190385652
28 0.5190206891649537 0.6867753756778662 0.1014590237259961 0.11306360226293641
39 0.8372520133086919 0.33698095051885185 0.10209569368794007 0.12868860226293624
19 0.46154104197760387 0.19882540290342515 0.1048386917107738 0.11933178298109555
37 0.69177380376624 0.9347139476901816 0.10158635771838505 0.11618860226293606
19 0.3759457346769608 0.0748606620768073 0.10834569368794007 0.12872496369925476
38 0.7141421881763705 0.6925991705628184 0.09996019072219049 0.11461701190385672
11 0.24880232555225076 0.43358115622307486 0.10777269072219058 0.11466246369925485
13 0.2385267173395742 0.5515180899662961 0.10834569368794007 0.12872496369925485
26 0.5517920157801498 0.32359866480728183 0.10697419467652339 0.13340337334017516
3 0.03929068648353104 0.6612420270291672 0.07858137296706208 0.11777837334017516
11 0.2577701017497049 0.30938513212077384 0.11172536167271767 0.134993144417414
1 0.05078591994335339 0.4238192950813439 0.10157183988670677 0.11934087334017515
23 0.4214599396592453 0.6838634782353901 0.10608285672980174 0.11152837334017515
41 0.8062660211801761 0.6946980017485158 0.09989652372599629 0.11305451190385654
32 0.5934636377586286 0.9310162550681655 0.1030215237259963 0.11307269262201594
32 0.6060829959713052 0.8130929568635636 0.10190469269935694 0.12400110226293641
26 0.5420748230807929 0.447008893730043 0.10471135771838505 0.11620678298109546
6 0.15799293623638525 0.3033345991396783 0.10997186068413449 0.13029655405833437
40 0.7846470532719483 0.9375985740554187 0.09846135771838505 0.11617042154477701
18 0.32318160714973126 0.6793845356133742 0.1061465237259962 0.11309087334017516
7 0.1162538334237351 0.7907073341125637 0.11134335969555131 0.1256181444174139
6 0.14902516003893113 0.4275306232419793 0.10946252471457933 0.11779655405833438
23 0.43651854836621345 0.5636100655694076 0.10665585969555132 0.12559087334017516
39 0.8277258215979181 0.45570367944161305 0.1017136917107738 0.11931360226293623
4 0.06783746292813095 0.17621758723582165 0.10997186068413449 0.13029655405833437
38 0.7251990463890471 0.5746667819991369 0.10203202669174569 0.1271261022629364
12 0.21759349893705476 0.7967669574527388 0.10665585969555132 0.12559087334017532
1 0.05733902022877403 0.299623270979043 0.10834569368794009 0.12872496369925476
3 0.044396657091772124 0.5464346384654857 0.08879331418354425 0.12089428298109546
24 0.36332637646428423 0.1927839602814092 0.10471135771838495 0.11620678298109555
34 0.9307791788220114 0.34299512206362887 0.10040585969555131 0.12555451190385672
15 0.8460924555137572 0.21590992641655088 0.101777358706968 0.12087610226293632
14 0.268300377947159 0.18519819837755253 0.10958985870696818 0.12092155405833438
2 0.029684911027514298 0.9041789607723885 0.059369822055028595 0.12085792154477701
24 0.47506898418266924 0.07778164987836303 0.10353085969555131 0.12557269262201592
18 0.33517888285289377 0.5575504422292324 0.10678319368794006 0.12871587334017515
16 0.3488023255522507 0.4341629392041703 0.10646485870696817 0.12090337334017516
12 0.2040973902300866 0.9170294604778009 0.10477502471457942 0.11776928298109546
21 0.4542630997725386 0.31990551736480566 0.10840936068413462 0.13028746369925476
16 0.35754726726302455 0.3154356651018694 0.10834569368794007 0.12872496369925476
22 0.41105699745418 0.8049254119786114 0.10659219269935694 0.12402837334017498
8 0.12597102612309202 0.6672971051898025 0.10946252471457933 0.11779655405833438
8 0.13855855083767138 0.5501550569852005 0.10821835969555131 0.12559996369925486
4 0.07489257064651593 0.060606222774441075 0.10646485870696813 0.12090337334017516
21 0.4439556580617648 0.43862370110802706 0.10802735870696818 0.12091246369925468
36 0.7363514050960152 0.4543906434354554 0.09846135771838505 0.11617042154477701
22 0.3985649732338922 0.9197237101832133 0.10139535672980182 0.11150110226293641
36 0.7467543473010806 0.33332870969223405 0.10053319368794007 0.1286795119038567
14 0.2753873191636412 0.06880558391617195 0.10502969269935694 0.12401928298109555
17 0.3167485819408603 0.7989066952542945 0.10821835969555131 0.12559996369925486
29 0.9132256284042695 0.5820121702682308 0.10365819368794008 0.12869769262201594
7 0.10438389171296136 0.9094164274967055 0.10958985870696818 0.12092155405833438
33 0.6172353546782734 0.6928168182998821 0.10145902372599629 0.11306360226293641
17 0.3008450562376978 0.9207180627407372 0.10471135771838495 0.11620678298109581
9 0.1685232124338394 0.179147665396457 0.10790002471457934 0.11778746369925477
33 0.6291371298871443 0.5733264749157405 0.10184102570316256 0.12243860226293642
9 0.17561015365032154 0.06275505093507641 0.10971719269935694 0.1240465540583344
27 0.5086177469598884 0.8078373094210874 0.1035945266917457 0.12713519262201595
2 0.03451167387909557 0.783880096311008 0.06902334775819113 0.12401019262201593
27 0.4968751392415034 0.9234214028052292 0.10289418973360735 0.10994769262201594
0 0.5606006244871178 0.20330889070498084 0.10640119171077381 0.11934087334017515
34 0.921316654107432 0.46015535098639004 0.1001511917107738 0.11930451190385671
25 0.6597238739928264 0.20622987850653657 0.10633752471457925 0.11777837334017516
10 0.7555629560080487 0.21303893558993306 0.1001511917107738 0.11930451190385671