31 0.39591538633259615 0.4310850621881864 0.20077765730897051 0.19272084577069998
40 0.5126292103636029 0.0774764625722991 0.1908834207272058 0.11122518430531073
31 0.3155851411129581 0.51408126865605 0.2122158050572171 0.20110655585660825
13 0.836167751384276 0.5577149977366924 0.19755252775932136 0.19099457146044047
28 0.5470075169619796 0.41953780981333716 0.20067752775932118 0.19115834577069996
29 0.36650518198597287 0.08149781999010243 0.17676036397194572 0.1338438127540132
37 0.572644560455888 0.11488128731209993 0.20778912091177587 0.1806302815463487
41 0.34560929595791856 0.20498290762020202 0.2054651573089706 0.19296650723608924
28 0.6305128269564422 0.337486627655733 0.19422726866002266 0.18770579715018093
39 0.18275524984311647 0.3731962398232347 0.20889054595791853 0.19781778154634874
19 0.37493556446105764 0.7476650525772479 0.20077765730897063 0.19272084577069998
37 0.6565096182908824 0.07489477442180116 0.19114423658176474 0.09099457146044047
19 0.36229226942598974 0.9010872054497812 0.2122158050572171 0.19782558910043768
38 0.49040136181247734 0.19232685662483381 0.1956896391103733 0.1862251843053107
11 0.6731635109449999 0.7235845799397251 0.20097791640826923 0.19584584577069997
13 0.7535438209394627 0.6413696234718615 0.2122158050572171 0.20110655585660825
26 0.38342228562200226 0.5884914484388049 0.2155410641565158 0.20439533016686778
3 0.9378048928110012 0.7099093407938589 0.12439021437799766 0.19124687697836434
11 0.5906897748246605 0.8095829556748942 0.22219158235511322 0.21097287878738696
1 0.8144567442875623 0.8750352945481892 0.2041029164082694 0.19600962008095948
23 0.6989810271410124 0.4095940010160528 0.194327398209672 0.18926829715018095
41 0.4237459855020306 0.12420762041964375 0.19246450956072395 0.1844989099950512
32 0.7251187183831674 0.11274997851481561 0.19398743676633484 0.1596626843053107
32 0.6429057981173869 0.17851774140511437 0.20390265730897053 0.19288462008095947
26 0.46662720696751697 0.5017527662812007 0.2007776573089707 0.19272084577069998
6 0.6618521784330034 0.8872819097679085 0.2188663232558145 0.2076841044771271
18 0.7698931068752318 0.4833867051090673 0.19755252775932117 0.19099457146044047
7 0.9417728971299377 0.5471194137246375 0.11645420574012455 0.20120173111680745
6 0.7433944702288687 0.7988988404551747 0.20254041640826922 0.1959277329258297
23 0.6153255228220758 0.489301433173657 0.2106533050572171 0.2010246687014785
39 0.2614228655131052 0.2885556462002413 0.19735226866002256 0.18786957146044045
4 0.6287171082595078 0.9728487590451115 0.17073160703211537 0.054302481909777
38 0.40997098704318996 0.2737605630926975 0.20722791640826924 0.196173394391219
12 0.9066574174880035 0.4717166220015234 0.186685165023993 0.2010246687014785
1 0.7245314535714309 0.9311033333326568 0.19086243676633502 0.13779333333468635
3 0.8993242951827263 0.7899409995457148 0.2007776573089707 0.19272084577069998
24 0.4420415237449264 0.822815538782438 0.20077765730897051 0.19272084577069998
34 0.11663079965854635 0.3012116971956095 0.20546515730897058 0.19296650723608924
15 0.11268138417312779 0.4582872127994417 0.1787023982096719 0.1884494255988834
14 0.5083161682539705 0.897143831410063 0.20742817550756776 0.199298394391219
24 0.2899178192414196 0.8304155975797223 0.2088905459579185 0.19781778154634894
18 0.6849254264304185 0.5669185001115417 0.2122158050572171 0.20110655585660825
16 0.6007890607604298 0.6512724886915808 0.20410291640826922 0.19600962008095948
12 0.9518802799187895 0.40254389812080527 0.09623944016242092 0.15597776232447186
21 0.45423423580657235 0.6607216525318194 0.2139785641565158 0.204313443011738
16 0.5212400655407918 0.7343096387370094 0.2122158050572171 0.20110655585660844
22 0.7799923928110012 0.32507623812575404 0.2073280459579184 0.197735894391219
8 0.9018080336194174 0.6345917582521421 0.19638393276116517 0.19765400723608922
8 0.8267495858988575 0.7145039082975706 0.21231593460686646 0.20266905585660827
21 0.5330520458010349 0.578424808908826 0.2057655459579184 0.19765400723608922
36 0.32729699182355204 0.35663393882786654 0.1956896391103733 0.1862251843053107
22 0.8575981562292364 0.24816625734763093 0.18611438001107458 0.18260886137453217
36 0.24701681137873863 0.44041139529573015 0.20879041640826923 0.19625528154634875
14 0.42852734114064467 0.9398957389187235 0.20548614126984166 0.12020852216255307
17 0.8469481577703959 0.3978829743309441 0.2106533050572171 0.2010246687014785
29 0.27827279919712106 0.13838522783744706 0.20682739820967191 0.189923394391219
7 0.985102592534146 0.48695319764583544 0.029794814931707946 0.1465341632744117
33 0.5602818676725735 0.2621723671402834 0.19422726866002266 0.18770579715018093
17 0.9131856246124037 0.3258275898893478 0.15572597316352912 0.17011550542706697
9 0.5757330081672227 0.9367950723649516 0.20169980721668548 0.12640985527009682
33 0.4798514929032862 0.3436060736081471 0.2039026573089707 0.19288462008095947
9 0.4901552560077544 0.9768125627540133 0.1853553115356222 0.046374874491973375
27 0.7107930074012556 0.2537091711878693 0.2088905459579186 0.19781778154634874
2 0.9782203392949433 0.6285674875599272 0.043559321410113226 0.17893058344622811
27 0.789811076495017 0.17453732756487594 0.1925646391103733 0.18606140999505122
0 0.3031921699520135 0.6730501549066685 0.20410291640826922 0.19600962008095948
34 0.19544860965300903 0.2189148535726161 0.19735226866002265 0.18786957146044045
25 0.2330112754429694 0.598517144391219 0.20244028685861987 0.19436523292582972
10 0.16605551048357461 0.5257104081860289 0.1973522686600226 0.18786957146044045