22 0.2485025405883742 0.5886618878701718 0.21689103977100474 0.2602212114824372
33 0.4565697796280303 0.2242186803792483 0.19290806899199797 0.22801620653952134
40 0.1304167881527422 0.5009788626613008 0.20573535145940197 0.24727554250907655
11 0.7621907138824431 0.4071054121276406 0.22160581330995513 0.2619747124710205
22 0.39774283563768 0.6830870030029306 0.21357512499835246 0.24915637749004843
4 0.7166116124230413 0.6444807367284893 0.21689103977100482 0.2602212114824372
28 0.28928504789197484 0.35734556228074 0.1786819277582959 0.21806820357377185
8 0.43375602232442967 0.45626717642491565 0.19137284253094827 0.22951503954332697
8 0.5697150673737355 0.550151122090022 0.21516489853730256 0.2507825444862428
22 0.24475993182207625 0.5791277203796857 0.18177965421934558 0.21663303756616054
17 0.5276700689985885 0.7642162806832594 0.19126374837514692 0.22326503954332716
6 0.665014336044717 0.8683201433445603 0.18501374837514692 0.22301037155854928
39 0.6098390556026126 0.31177171300249307 0.1977592102256999 0.23758220752810458