22 0.5276581002080906 0.30934061623577225 0.26257796086541685 0.2853044934412793
33 0.7672180947928477 0.6784911651949755 0.23052787385944457 0.24929175033868417
40 0.6525840586049655 0.24566097580128216 0.2481517849536113 0.2689425090451115
11 0.4828651978507299 0.8606741070213186 0.267338196047778 0.27865178595736284
22 0.38460039086128506 0.3986001108087053 0.2560733877271531 0.27403944482076026
4 0.2911472104841672 0.7081621393028363 0.2625415932742364 0.2837419934412793
28 0.7161056172099309 0.46045049411864786 0.21613806553881965 0.23449226594251654
8 0.5705768712939936 0.5441184079588863 0.22896537385944454 0.2492098631835546
8 0.43269697121774353 0.6211645075747735 0.2561097553183336 0.2756019448207603
22 0.5378507177992711 0.31143538274411564 0.21613806553881965 0.23449226594251646
17 0.2607829907850351 0.4763831948207603 0.2273301386770835 0.24600297602842486
6 0.11737978932201434 0.5507989393936933 0.2147574034947224 0.24222287878738663
39 0.6274490396063548 0.7749456840781681 0.23852221181534752 0.2575136861143331