14 0.09746112155253943 0.9823494125677866 0.12772318091374957 0.0353011748644267
6 0.06134099501401156 0.6114874667243169 0.12268199002802312 0.130496541958086
14 0.3852215692867431 0.32113167407885984 0.14240283278320492 0.12733518052176757
29 0.31440201304903265 0.8740885024358869 0.13544243776222675 0.1179238190854491
6 0.1690475045501702 0.574673788834828 0.14709033278320494 0.12736245159900647
24 0.4221930474919115 0.7512236950579029 0.1341167361025528 0.12103972872636923
16 0.08092573960381585 0.9227522196511831 0.13712333693238982 0.11949540944452863
24 0.2744947889930491 0.45179534591822446 0.14432053029369402 0.13203177088084708
29 0.40212103629375673 0.5416396167990716 0.13927783278320494 0.12731699980360833
3 0.5411546898135973 0.8316384237842722 0.13039974025173784 0.11320904800821019
3 0.505688357254107 0.2991662913689108 0.1360344336130419 0.1257363190854491
9 0.5181371226014466 0.5165219630118838 0.13267263527271583 0.12259313836728972
11 0.5970041319487236 0.06365603824565283 0.15599173610255282 0.12116699375348405
29 0.8730433072401738 0.8663962606273105 0.13172544191141178 0.1100931383672897
34 0.20444667259215787 0.8914254724798536 0.13219903859206372 0.11634313836729007
32 0.3736706078788069 0.20538849941082482 0.13939623195336798 0.12887949980360824
11 0.6433585750863131 0.7103043001495095 0.12883724025173765 0.11319995764913067
4 0.434677701636452 0.9458220809893056 0.13340634108157481 0.1083558380213887
29 0.525829378200524 0.6213003666026798 0.12919243776222675 0.11788745764913067
7 0.8612549634825287 0.12459458000734706 0.14107713112353082 0.1304510901626879
26 0.35233024937530005 0.09505953258831208 0.15296182448483525 0.1430147226762452
7 0.6277866549697331 0.3897599959929792 0.142639631123531 0.13046018052176755
36 0.2530262211561985 0.22969763212077385 0.14443892946385706 0.13359427088084708
39 0.41221624147791563 0.6456504059284873 0.13591603444287886 0.12417381908544911
13 0.1902676186527544 0.7897357074527388 0.1391594336130419 0.12575449980360814
1 0.5311778837996014 0.7260651346548567 0.1271563410815748 0.1116283672900508
26 0.04700228671796399 0.39331418364502546 0.09400457343592798 0.13350336729005097
21 0.6477365765362058 0.8072474778426066 0.13051813942190088 0.11477154800821018
16 0.1502993497809298 0.47139425273047453 0.144202131123531 0.1304692708808471
34 0.38997807903500536 0.4337089421310366 0.14072193361304192 0.12576359016268784
16 0.052807367214472864 0.5066681565176625 0.10561473442894573 0.1304692708808471
31 0.7483816522704407 0.4795633602579681 0.14720873195336814 0.1289249515990063
21 0.7439821852634271 0.2591281404103932 0.1456462319533678 0.12891586123992677
21 0.07119738732408637 0.8242147257013073 0.13712333693238982 0.11949540944452863
4 0.5056981674172877 0.4124975383438487 0.13435353444287887 0.12416472872636941
22 0.616888734228453 0.16225261952954612 0.13627123195336796 0.128861319085449
4 0.6313358622284844 0.49764067368607634 0.1391594336130419 0.12575449980360814
7 0.7356746230256539 0.14184064646051747 0.14275803029369402 0.13202268052176752
4 0.6219528972960633 0.2810844327612627 0.145764631123531 0.1304783612399268
25 0.8432521699160874 0.042422429441612994 0.1478706601678251 0.07582722267624523
11 0.30412920910962915 0.7724214633064713 0.1356792361025528 0.12104881908544911
17 0.06587957343592798 0.7178556413923519 0.13175914687185597 0.12889768052176756
39 0.3203900586900663 0.9587806232419794 0.1267060551888033 0.08243875351604117
31 0.8692548724009541 0.23562752877768306 0.1374785344428787 0.12418290944452863
17 0.6382468678275618 0.6024145320973328 0.13459033278320492 0.1272897287263694
15 0.8702278057902813 0.7694621732932929 0.13508724025173785 0.11323631908544893
21 0.8669307427273154 0.46227638718893943 0.14865283278320476 0.127371541958086
13 0.6524814308905276 0.9096639507152435 0.12739313942190086 0.11475336729005078
39 0.8715571979114746 0.5662553600615764 0.14048513527271567 0.12263859016268804
19 0.2808729983263929 0.5636004543294809 0.13771533278320494 0.12730790944452863
17 0.8733546510210409 0.6663099022160541 0.13856743776222658 0.11794199980360834
36 0.04122680601399588 0.27919259631100796 0.08245361202799176 0.13651019262201594
36 0.13303302986948676 0.24541301483072292 0.15092572780418312 0.13675563231716562
19 0.18269376222384004 0.6833948038619427 0.144202131123531 0.1304692708808471
6 0.42951845018655954 0.8505288034691592 0.1336431394219007 0.11478972872636958
26 0.2659504284149498 0.3376328519683487 0.142639631123531 0.13046018052176747
31 0.7406301970862817 0.37556620666717194 0.14720873195336798 0.12892495159900638
9 0.5461955420933269 0.9301486466569091 0.12547544191141177 0.11005677693097127
6 0.29397480434038875 0.6691919241770556 0.1375969336130419 0.12574540944452864
0 0.027757224480190794 0.16424430718159236 0.05551444896038159 0.1441136143631847
27 0.49474104709092614 0.1857714118804156 0.13435353444287906 0.12416472872636941
34 0.7651357188578914 0.8876531162098964 0.12715634108157464 0.1116283672900508
1 0.7601540661632434 0.7883616433372594 0.1302813410815748 0.1116465480082102
19 0.2110859136690882 0.9678329154946528 0.12997276514684702 0.06433416901069436
26 0.1463240900326675 0.35882152985783755 0.14600142946385702 0.13360336123992678
5 0.10388017136597993 0.13503859621281208 0.15272502614450914 0.13988972267624522
1 0.7557779099441105 0.5882480138487642 0.14036673610255282 0.12107609016268786
27 0.7271535732354353 0.04799974286972129 0.14256785352912935 0.08829086123992674
20 0.4767624869277454 0.07233562577606206 0.15897502614450917 0.1399260841125637
35 0.8695723358834826 0.35521332093216074 0.15057053029369422 0.13206813231716552
10 0.2276495580885883 0.11074764422102228 0.15272502614450917 0.13988972267624522
31 0.756557314713351 0.6914230108237022 0.1271563410815748 0.11162836729005096