6 0.8126583713371716 0.8430893330781677 0.1865238363682309 0.1886353715585493
14 0.699047883082161 0.4248884783255322 0.18169994404836293 0.1837568705699663
29 0.4335906484550602 0.9025545860067362 0.17044419530200425 0.1723737015966055
6 0.7325867749398107 0.7461878167665453 0.18491587226160816 0.1870092045623551
24 0.4157402557394807 0.7449821665390839 0.17039873119538154 0.1708112015966055
24 0.714781846330854 0.590177897298893 0.18491587226160816 0.1870092045623551
29 0.5548074527573446 0.5899020301889679 0.17848401583511767 0.1805045365775774
3 0.2673936839527261 0.7420588019006167 0.1656203029821361 0.16749520060802237
3 0.6091837495377816 0.34007312653864635 0.17526808762187224 0.17725220258518865
9 0.47195183715965383 0.5045919298849567 0.17205215940862678 0.17399986859279987
11 0.6758016335443794 0.10869047535978274 0.2016032670887588 0.17052204152049333
34 0.51480119602692 0.946589793003368 0.1629666644231918 0.10682041399326395
32 0.7761439290046681 0.33907299513144623 0.18009197994174037 0.18213070357377176
11 0.252759219450392 0.587738716425353 0.16240437476889086 0.16424286661563342
4 0.2874968984550602 0.8966017218625606 0.16722826708875882 0.16912136760421675
29 0.40400347070403325 0.5829769150562092 0.16722826708875882 0.16912136760421675
7 0.41984113855894434 0.05456275498009692 0.16454588479802065 0.07693386760421672
26 0.8589815095669113 0.26285534642404057 0.20251254922121262 0.20177204152049333
7 0.4531838021242064 0.34230017691920717 0.18487040815498562 0.18544670456235499
36 0.8637097766556703 0.42535534642404055 0.18808633636823088 0.18869903855474385
39 0.48603237219510137 0.666692681862123 0.1736146594086268 0.17406353558899426
13 0.5889457381885035 0.9049832021280781 0.17683058762187223 0.177315869581383
1 0.3376858004083466 0.6637693172236558 0.16079641066226813 0.16261669961943923
26 0.9338738609788372 0.6845976952451769 0.1322522780423256 0.18729836463846716
21 0.19175117478152606 0.6632852030794802 0.1656203029821362 0.1674952006080222
16 0.8085522298752335 0.675152416576265 0.18491587226160816 0.1870092045623551
34 0.6282018371596538 0.510958629504396 0.17848401583511767 0.18050453657757756
16 0.8869703980593489 0.7688652658916929 0.18491587226160816 0.1870092045623551
31 0.2995503367639424 0.3454039777940596 0.18491587226160835 0.1870092045623551
21 0.4326714106622681 0.17369475695726327 0.18491587226160835 0.18700920456235504
21 0.6641563383467881 0.9566770588206989 0.16085859514371953 0.08664588235860222
4 0.5438746497752085 0.4287098622041903 0.17205215940862678 0.17399986859279987
22 0.5955889478092866 0.16784795805957717 0.17843855172849493 0.17894203657757748
4 0.38693432798845373 0.42543632908665396 0.17843855172849493 0.17894203657757757
7 0.5076964912245113 0.09715877326888564 0.1810179824490227 0.16031937056996623
4 0.5217770262599588 0.259259525246052 0.1865238363682309 0.18863537155854945
11 0.5024111931239261 0.8273264343335811 0.1736146594086268 0.17406353558899426
17 0.7399997728282395 0.9143118159879269 0.1816999440483631 0.17137636802414632
39 0.3696250883467881 0.9483486111784261 0.15956887978345574 0.1033027776431478
31 0.3415402938109361 0.09897198817418296 0.17132473370266404 0.14899986859279987
17 0.31903142563945586 0.5053838142579063 0.1767851235152495 0.17575336958138302
15 0.061468978225880634 0.5034725098858317 0.09825094655564544 0.15850751977166339
21 0.20828282759274241 0.2659937090109793 0.18652383636823106 0.18863537155854945
13 0.12846757627259414 0.7410799392393159 0.16240437476889075 0.16424286661563342
39 0.14430890729705584 0.3468816116727177 0.17526808762187226 0.17725220258518865
19 0.643890336301724 0.6746855484777565 0.17843855172849493 0.17894203657757757
17 0.09037757673481257 0.4242770998097196 0.16111465940862688 0.17355419961943924
36 0.9718224903665815 0.6072831201500367 0.05635501926683695 0.17942751482874755
36 0.9289159248480331 0.5063771947508854 0.14216815030393376 0.1906143656270503
19 0.6568486405375014 0.8250357169568258 0.18491587226160816 0.1870092045623551
6 0.3515844790173034 0.8196200692008222 0.16883623119538155 0.17074753460041095
26 0.789534142253361 0.5042669136105153 0.18487040815498582 0.18544670456235507
31 0.36598166732618564 0.26851782562661286 0.18652383636823097 0.18863537155854945
9 0.20558165723054883 0.8167922050566465 0.1575804824490227 0.15936436562705047
6 0.5711862736861695 0.7505357826604259 0.17683058762187223 0.177315869581383
27 0.6847854916202228 0.2565377263483659 0.17205215940862678 0.17399986859279987
34 0.0784244606749034 0.6571068458553869 0.09333612602253202 0.15050401878308045
1 0.10831889766363738 0.5849745192773719 0.16562030298213615 0.16749520060802237
19 0.44645201279910973 0.985909619581383 0.14966503087881247 0.028180760837233976
26 0.8778130437444291 0.5882373484012069 0.18813180047485362 0.19026153855474384
5 0.9741231247688908 0.4410678711386199 0.051753750462218306 0.17435801285158128
1 0.22937188057487856 0.4275997124710204 0.17526808762187224 0.17725220258518865
27 0.5868922462390763 0.056687623572896806 0.1675344924781527 0.0723737015966055
20 0.7682224657559753 0.17410191113905743 0.20255801332783516 0.20333454152049332
35 0.26977660556856087 0.18032280585494936 0.18973976458147632 0.1918877055509382
10 0.9281824874635877 0.3492186107584966 0.1436350250728246 0.19166752965749528
31 0.16776444233250332 0.5093643656270503 0.16079641066226813 0.16261669961943923