6 0.22684027683277547 0.17809022362167587 0.16344539734428026 0.1653364480508354
14 0.3269236527070334 0.5935731274372796 0.1571590359079617 0.15897735389503395
29 0.6093209787263694 0.11437695657884259 0.14772949375348396 0.149438712661332
6 0.30474308391617194 0.27283393344363405 0.16030221662612104 0.16215690097293473
24 0.623515809813871 0.2711763814977647 0.14930108411256365 0.15102848620028234
24 0.31581291500367353 0.4296879054404569 0.16187380698520065 0.16374667451188502
29 0.47675496018321334 0.4276599809285718 0.1555874455488821 0.15738758035608366
3 0.7711947857115701 0.27250528206695757 0.1430147226762452 0.14466939204448098
3 0.4133565772768725 0.677229332795011 0.15244426483072288 0.15420803327818292
9 0.5577145895735127 0.5106303936726293 0.14930108411256365 0.15102848620028234
11 0.3373900166774347 0.9152981229730528 0.17435562626704143 0.16083986282348803
34 0.5284749788245653 0.05617431331325037 0.14444995764913066 0.11234862662650073
32 0.24616453209733277 0.6793663514626973 0.15715903590796182 0.15897735389503395
11 0.7806793909013725 0.4254802776027307 0.14144313231716552 0.14307961850553053
4 0.7570181353422276 0.11883085714803546 0.14615790339440443 0.14784893912238162
29 0.6283538216195318 0.43126444765038885 0.14458631303532493 0.14625916558343127
7 0.5986229533475222 0.9615246919683461 0.15813975292686636 0.05900462743398407
26 0.15988666451269423 0.7566612828744412 0.17287493949875793 0.17487508928453738
7 0.5703741917382532 0.6721445921305017 0.15873062626704132 0.16056712743398444
36 0.16128501716841398 0.5941203725660157 0.16187380698520065 0.16374667451188502
39 0.5497470325883121 0.3498156245979058 0.15087267447164338 0.15261825973923263
13 0.45461075282867036 0.11317078693492624 0.1540158551898026 0.15579780681713334
1 0.6982072584860111 0.3511308883976236 0.139871541958086 0.14148984496658024
26 0.07618226756119742 0.3362045068998588 0.14938289734428023 0.16509098620028234
21 0.8443100988450908 0.35014331250576675 0.14301472267624504 0.1446693920444809
16 0.22546919525429457 0.34531863393010137 0.16030221662612104 0.16215690097293473
34 0.40064697813719424 0.5071213843371385 0.1555874455488821 0.15738758035608366
16 0.1499237737095175 0.25287776379971766 0.16030221662612104 0.16215690097293473
31 0.7258293061996337 0.6670871250049429 0.16187380698520074 0.16374667451188502
21 0.5861997005188518 0.8406354935104735 0.16030221662612104 0.16215690097293453
21 0.37763918667008756 0.048135716721817025 0.14902837334017516 0.09627143344363405
4 0.48315092680933436 0.5869395235422455 0.14930108411256365 0.15102848620028234
22 0.4206019715960907 0.8482139886392096 0.1540158551898026 0.15579780681713337
4 0.6402094478865732 0.5888860328777364 0.1540158551898026 0.15579780681713337
7 0.5069667184728328 0.9201514439969408 0.16020222267624523 0.1449694009729349
4 0.4981997307694728 0.7562253116916926 0.16187380698520074 0.16374667451188502
11 0.5378777707826512 0.1898502893705582 0.14930108411256365 0.15102848620028234
17 0.30295280405833436 0.09941007021310921 0.15715903590796182 0.158977353895034
39 0.6753454336450255 0.054097570213109215 0.14131586729005097 0.10819514042621843
31 0.6757303540114522 0.9195496517903041 0.1539249515990065 0.14017280681713337
17 0.7108441347530525 0.5087388368554959 0.15244426483072288 0.15420803327818292
15 0.9661482165279252 0.5042523396981651 0.06770356694414978 0.14653980925276536
21 0.8130162096922341 0.746042193593199 0.16187380698520074 0.16374667451188502
13 0.9118288760706497 0.27161316356142695 0.14144313231716552 0.1430796185055306
39 0.8813026013791735 0.6651546578793841 0.1540158551898024 0.15579780681713337
19 0.3895362404338344 0.3432361623403157 0.1540158551898026 0.15579780681713337
17 0.9351300206844554 0.5860478104771719 0.12973995863108917 0.1507557508107789
36 0.03680667105379774 0.41736873214309256 0.0697226684215191 0.16838753571381487
36 0.07878561367581366 0.5150834833609086 0.1525351684215191 0.16983303327818292
19 0.38319936114173087 0.19411286972664188 0.16030221662612104 0.16215690097293473
6 0.690276062937129 0.19656611932290008 0.14615790339440443 0.14784893912238167
26 0.2381787943939729 0.5154265823879738 0.15873062626704132 0.16056712743398444
31 0.6551855289740749 0.7456718210271834 0.16187380698520074 0.16374667451188502
9 0.8363879936552883 0.19714104343104327 0.1382999515990065 0.1399000714276299
6 0.4664436531980127 0.26688612216227386 0.1540158551898026 0.1557978068171333
27 0.33415086630809226 0.7614327832814782 0.14930108411256365 0.15102848620028234
34 0.9610289244716433 0.3519904103150161 0.07794215105671327 0.13889095048646727
1 0.9260191619786114 0.42763133848034907 0.14144313231716552 0.1430796185055307
19 0.5954397650271146 0.017306682225818056 0.14400453005422928 0.03461336445163611
26 0.15253166500367352 0.4325379902607674 0.16344539734428026 0.1653364480508353
5 0.033105475013936264 0.5869818027599436 0.06035675878059871 0.1697863944801128
1 0.7987986527070333 0.5853365186742769 0.15244426483072288 0.15420803327818292
27 0.4306542033475223 0.9644565974055077 0.15970225292686635 0.05903190097293489
20 0.24868151980069264 0.8434015779237469 0.17601812021691715 0.17805463636243815
35 0.749453679441613 0.833097908690163 0.16501698770335996 0.1669262215897856
10 0.07815033030193466 0.6744857568998588 0.14942834913967834 0.17290348620028234
31 0.8631697040348932 0.5029546668078378 0.139871541958086 0.14148984496658024