40 0.69296875 0.1421875 0.2390625 0.190625
40 0.5640625 0.41328125 0.24375 0.19375
40 0.6375 0.22578125 0.2390625 0.1890625
40 0.5921875 0.31796875 0.2421875 0.19375
2 0.3140625 0.82578125 0.253125 0.2046875
2 0.465625 0.559375 0.2515625 0.2
2 0.42109375 0.6515625 0.2515625 0.2
1 0.11171875 0.5796875 0.171875 0.190625
2 0.35625 0.7296875 0.2515625 0.2
41 0.9484375 0.29375 0.103125 0.2
41 0.92734375 0.38515625 0.1453125 0.2
41 0.8859375 0.571875 0.228125 0.2015625
1 0.0921875 0.66640625 0.1234375 0.1921875
1 0.1296875 0.4875 0.2171875 0.190625
41 0.903125 0.475 0.19375 0.203125
3 0.65703125 0.94765625 0.2234375 0.08125
1 0.1703125 0.403125 0.215625 0.171875
39 0.23984375 0.25859375 0.20625 0.165625
39 0.28828125 0.1734375 0.2125 0.1703125
39 0.3359375 0.08984375 0.2046875 0.165625
39 0.37109375 0.03984375 0.2078125 0.0796875
3 0.721875 0.9046875 0.2203125 0.1640625
3 0.7734375 0.821875 0.234375 0.18125
3 0.80625 0.721875 0.2328125 0.1828125