40 0.7693336347787033 0.16373727838258936 0.24189213996249953 0.22264736318355452
40 0.5943895892558325 0.4067856727738084 0.24529054203601816 0.2259361374938141
40 0.6995672303961106 0.2364588054063823 0.2401929389257404 0.22100297602842475
40 0.6392147822340734 0.3181049530769616 0.24359134099925886 0.22429175033868418
2 0.2741904152693504 0.7657533955228727 0.2553490472198144 0.23423996042459266
2 0.471185118049536 0.5325370245374021 0.2536498461830551 0.23259557326946273
2 0.4117506209242581 0.6157047286304166 0.2536498461830551 0.23259557326946273
1 0.11900817191374909 0.4811437793986421 0.17157963996249959 0.21896244120271574
2 0.33335151032110977 0.6794606914298583 0.2553490472198144 0.23423996042459266
41 0.9723322041943053 0.37554348032789725 0.05533559161138939 0.2277775192218769
41 0.9430055806316663 0.45695061058562203 0.11398883873666747 0.2312167797373265
41 0.8852361092839578 0.6223509605401935 0.2295277814320844 0.23432184757972224
1 0.09190772115981374 0.5571231032339318 0.10452884099925885 0.21700379353213642
1 0.1432180685206474 0.39903728629604707 0.23394293892574036 0.22067542740790583
41 0.9119797560322681 0.5353146279984765 0.17604048793546384 0.23481981456303558
3 0.5817273876069426 0.9348564410911739 0.2177725518379628 0.08917976594251656
1 0.2051036223848605 0.32594394504790286 0.21654082544786996 0.19954405585660825
39 0.29899174048087923 0.19702000565420957 0.20804482026407375 0.19132212008095947
39 0.36308434330833306 0.12224133367337071 0.21314242337435144 0.19625528154634875
39 0.42422760339310167 0.07203437302163555 0.20470520678620333 0.1440687460432711
39 0.4785542269557407 0.0307575978068649 0.2039834539114814 0.0615151956137298
3 0.6624504158349982 0.8976629782917322 0.2188264953818516 0.15455910447712712
3 0.7308005831770817 0.8446364755781989 0.23325943374194402 0.21286292740790563
3 0.780821124081804 0.7525441508383981 0.23665783581546246 0.21615170171816517