40 0.2163809215306129 0.8175129474760194 0.23580910447712727 0.2167295434232436
40 0.4164096562654649 0.5871834003287223 0.23909787878738661 0.22000009263745515
40 0.2935852306665815 0.7490583540099948 0.23424660447712728 0.21665676881613755
40 0.3626461691557637 0.6716097502048878 0.2390978787873868 0.22000009263745515
2 0.7724161533247889 0.24977771546358749 0.24896420171816516 0.22981174028009033
2 0.5517849915207153 0.46974980541495553 0.24723792740790565 0.22661396567298447
2 0.6201465671650274 0.39070231430629565 0.24888231456303558 0.22824924028009033
1 0.897356441091174 0.5406660427995618 0.16401599163225705 0.21494441149637405
2 0.7054533033702175 0.33202298117935325 0.24896420171816516 0.22981174028009033
41 0.030317184532453335 0.5949700516954111 0.06063436906490667 0.2243151033908221
41 0.06369625056582688 0.5143942938375282 0.12739250113165376 0.22566358767505648
41 0.13580918871632483 0.3524807987999269 0.25052670171816527 0.2298845148871962
1 0.9326598552700969 0.4647777849416789 0.10159787878738698 0.2135959272121397
1 0.8618073654468621 0.6212418006574445 0.2264341044771271 0.21629289578060842
41 0.09937812302163555 0.4370526978903042 0.1987562460432711 0.23035539578060843
3 0.48084720827688593 0.059987353595709926 0.21643058344622812 0.08489734656639661
1 0.7954586691557637 0.6917683163732102 0.21130707146044045 0.19532542431665564
39 0.688003616012689 0.8144181042148825 0.20308513568479186 0.18714905128112633
39 0.6169674197215906 0.8847262961093307 0.20801829715018094 0.1920548751024441
39 0.5495475463612708 0.92964907444049 0.20078565128862386 0.14070185111901984
39 0.49269003675033235 0.9697089942090319 0.20269563206674715 0.060582011581936254
3 0.3985769408640314 0.09061446132975828 0.21534611827193723 0.15342902274507902
3 0.3261796404344901 0.14206349131354762 0.22914966870147851 0.20862594499482007
3 0.26670174185939965 0.2309226300648426 0.23087594301173803 0.21182371960192584