40 0.27593221793304246 0.76953125 0.2887114926931041 0.2484375
40 0.4822292621715693 0.5484375 0.2919183133099551 0.253125
40 0.3346293335991993 0.6859375 0.28714899269310407 0.2484375
40 0.40363270372958293 0.6109375 0.2935080868489054 0.2546875
2 0.774765995128736 0.165625 0.3014024074657563 0.259375
2 0.5820365730491878 0.403125 0.30140240746575647 0.259375
2 0.6533700564100962 0.32734375 0.30140240746575647 0.259375
1 0.46228754017804186 0.07734375 0.2777000803560837 0.1546875
2 0.7010342146899269 0.23828125 0.30140240746575647 0.259375
41 0.5493675381428563 0.9484375 0.2674250535707223 0.103125
41 0.6026192232080482 0.9109375 0.30467168344033874 0.178125
41 0.7476805328678505 0.80703125 0.3045819545436572 0.2625
1 0.5124278620127087 0.040625 0.24360572402541755 0.08125
1 0.3941784683433748 0.1140625 0.2852319366867496 0.228125
41 0.6699061347342898 0.871875 0.3075978603878557 0.25625
3 0.9597313303560837 0.40703125 0.08053733928783266 0.1953125
1 0.33364611728771465 0.18203125 0.25858761606989855 0.2234375
39 0.2239728827089901 0.29921875 0.24748647483619662 0.2140625
39 0.16282292288703193 0.3765625 0.25384556899199795 0.2203125
39 0.11495421306507377 0.45390625 0.21768988068039521 0.2078125
39 0.08113436647364043 0.53046875 0.1471591923687925 0.1953125
3 0.9339733997551187 0.503125 0.13205320048976255 0.203125
3 0.897141601459402 0.58828125 0.20571679708119603 0.2203125
3 0.8529975040538945 0.6640625 0.2807898985373026 0.2421875