40 0.8890625 0.50234375 0.1 0.2078125
40 0.58515625 0.5015625 0.1015625 0.2109375
40 0.7875 0.48828125 0.1 0.20625
40 0.684375 0.48671875 0.1015625 0.209375
2 0.09921875 0.453125 0.109375 0.215625
2 0.40859375 0.47578125 0.103125 0.21875
2 0.3046875 0.47578125 0.1046875 0.21875
1 0.21640625 0.1390625 0.1046875 0.203125
2 0.20546875 0.45 0.1046875 0.2203125
41 0.9015625 0.8625 0.1078125 0.21875
41 0.7984375 0.8640625 0.1046875 0.221875
41 0.59140625 0.86796875 0.103125 0.2234375
1 0.11640625 0.13671875 0.10625 0.203125
1 0.31875 0.1375 0.103125 0.203125
41 0.6953125 0.86015625 0.10625 0.221875
3 0.09921875 0.83359375 0.0890625 0.2
1 0.41796875 0.14609375 0.0921875 0.184375
39 0.5796875 0.146875 0.0875 0.178125
39 0.67890625 0.1546875 0.090625 0.18125
39 0.77578125 0.1609375 0.0890625 0.175
39 0.875 0.15234375 0.0859375 0.184375
3 0.2046875 0.8546875 0.09375 0.190625
3 0.30859375 0.86171875 0.090625 0.20625
3 0.4140625 0.8484375 0.0953125 0.2046875