28 0.47835956289962267 0.8762525994761265 0.12819100405718978 0.19155335149293862
9 0.26145529179959964 0.32510463476130635 0.1251750982129911 0.19758483020561535
11 0.7356736363591427 0.6056076916627858 0.1283000982129911 0.1978033514929388
37 0.2073247195578955 0.5400847785767905 0.1251750982129911 0.19758483020561535
1 0.9416640560047067 0.5517950047684516 0.1166718879905865 0.19914733020561534
18 0.6809800024290414 0.8331424658001009 0.12827282467404083 0.19624085149293896
20 0.8183466254053894 0.039965174233860125 0.12419325081077873 0.07993034846772025
8 0.8841635036468574 0.7774777018022444 0.12838191882984235 0.20249085149293897
35 0.5243744829538715 0.07997780505989407 0.1267103246740408 0.15995561011978815
2 0.9034848790555422 0.360776520859995 0.12665577759614025 0.19300659084927707
7 0.7999331850618965 0.3883548536635003 0.12665577759614025 0.19300659084927715
0 0.33129268465815476 0.11371938450920478 0.12819100405718978 0.19155335149293878
34 0.6593512751605081 0.221407290305733 0.1267375982129913 0.19769409084927708
6 0.8368543068138381 0.576630749824773 0.12350350405718977 0.19122556956195352
23 0.5789362613574951 0.8574865379599445 0.12997169236879244 0.20416261213660078
29 0.7567211530015295 0.1981722500768746 0.1267375982129911 0.19769409084927708
32 0.3070247106294418 0.5159045973824394 0.12355805113509044 0.19435056956195354
24 0.8618762573036006 0.1728284066297075 0.12514782467404081 0.19602233020561535
27 0.4043945884704632 0.492669557153581 0.1298898717519414 0.1994751121366006
22 0.49859855600305913 0.4673092882120461 0.1283000982129911 0.1978033514929388
33 0.3793180909027999 0.8933469003486465 0.1293989480508353 0.17135011213660079
14 0.16032916842280506 0.3572065765993191 0.1267375982129911 0.19769409084927717
40 0.11228495494739892 0.5623746778401564 0.12358532467404082 0.19591306956195353
31 0.3393401529982343 0.7091957754746974 0.12840919236879253 0.2040533514929388
13 0.780543625805836 0.8011497846057498 0.1283000982129911 0.19780335149293898
16 0.6360281923654971 0.6329128728571368 0.13309669236879246 0.20438113342392406
4 0.3627041461016707 0.30003394292329355 0.12514782467404081 0.19602233020561535
25 0.7255415166390915 0.052617993543712174 0.1260830332781829 0.10523598708742435
20 0.6171386814117439 0.06732498575004203 0.12490236282348768 0.13464997150008406
15 0.04330748944669317 0.19565135358662575 0.08290577759614012 0.1899472928267485
12 0.7018229675293007 0.41398827421418966 0.12355805113509036 0.19435056956195354
5 0.229289853895034 0.14040720666904843 0.12350350405718977 0.19122556956195358
26 0.4381634366834543 0.6796014746021772 0.12838191882984215 0.2024908514929388
21 0.5378497909855254 0.6546400434078261 0.13306941882984216 0.20281863342392406
36 0.24114811484878734 0.7301416960253867 0.1267375982129911 0.19769409084927717
10 0.12340804667086358 0.1689306804380464 0.11884327759614015 0.1924602876309684
19 0.06293201704283329 0.37887911682817754 0.1155000892845374 0.17974176634364492
38 0.27872775567545227 0.9113317118648286 0.11807961850553061 0.14871028763096844
41 0.18353798660072881 0.9250278611281944 0.13033415665497755 0.13552187278026223
39 0.14453221346881556 0.7517596059324142 0.1140739569792891 0.18744500569998318
3 0.9617553007280535 0.744124616400849 0.07648939854389311 0.18747785668871905
17 0.5974354764577543 0.43849623733952586 0.12514782467404081 0.19602233020561535