28 0.28203125 0.8546875 0.1953125 0.2046875
9 0.7703125 0.4453125 0.1921875 0.2015625
11 0.20625 0.5046875 0.1953125 0.203125
37 0.70234375 0.659375 0.1921875 0.2015625
1 0.07421875 0.3703125 0.1484375 0.203125
18 0.1328125 0.73046875 0.19375 0.203125
8 0.04140625 0.59609375 0.0828125 0.2015625
35 0.68203125 0.10390625 0.190625 0.2
2 0.19140625 0.21875 0.1890625 0.1984375
7 0.265625 0.28515625 0.1890625 0.1984375
0 0.82265625 0.228125 0.190625 0.1984375
34 0.478125 0.19296875 0.1921875 0.2015625
6 0.13359375 0.43828125 0.1859375 0.1953125
23 0.20859375 0.79296875 0.1984375 0.2078125
29 0.40625 0.13203125 0.1921875 0.2015625
32 0.628125 0.59765625 0.1890625 0.1984375
24 0.32578125 0.08359375 0.1921875 0.1671875
27 0.55625 0.53828125 0.1953125 0.203125
22 0.4875 0.47734375 0.1953125 0.203125
33 0.35703125 0.89921875 0.1953125 0.1671875
14 0.84140625 0.515625 0.1921875 0.2015625
40 0.77421875 0.71796875 0.1875 0.196875
31 0.49765625 0.7578125 0.196875 0.2078125
13 0.0796875 0.6609375 0.159375 0.203125
16 0.278125 0.56953125 0.2 0.209375
4 0.6953125 0.38203125 0.190625 0.2
25 0.53125 0.0375 0.1875 0.075
20 0.6125 0.071875 0.1875 0.14375
12 0.33828125 0.34765625 0.1890625 0.1984375
5 0.896875 0.2921875 0.1859375 0.1953125
26 0.4265625 0.690625 0.196875 0.20625
21 0.35234375 0.62890625 0.1984375 0.2078125
36 0.571875 0.81640625 0.19375 0.203125
10 0.93359375 0.36328125 0.10625 0.190625
19 0.9015625 0.57421875 0.153125 0.1828125
38 0.43125 0.93125 0.178125 0.09375
39 0.64375 0.87265625 0.1796875 0.184375
17 0.41640625 0.41171875 0.190625 0.2