28 0.6512902623244718 0.1109807639640471 0.24320552464894368 0.2219615279280942
9 0.27704377261277885 0.6026142806333652 0.23884557326946282 0.2370112933640895
11 0.8105102905914603 0.4298991078930959 0.24361496042459266 0.23862833736472594
37 0.29111515942922433 0.3788767886298653 0.2388455732694627 0.2370112933640895
1 0.9363004274079056 0.5345491505410968 0.1273991451841887 0.22987040802036277
18 0.8270925237444325 0.1944065032225051 0.24205246042459266 0.23861015603118035
8 0.9414648829712583 0.30712358454014216 0.11707023405748344 0.21546246268299923
35 0.4442057756649966 0.898506941279457 0.23515400723608923 0.19636811203054377
2 0.8880289023624772 0.7072241292170963 0.22394219527504547 0.2338499306969986
7 0.8060186216628391 0.657433761895323 0.2355567989592032 0.2338499306969986
0 0.27855644221876846 0.8253887093014105 0.2371192989592033 0.23386811203054414
34 0.6214499491161736 0.79012972525464 0.2388455732694627 0.2370112933640895
6 0.8903566239819176 0.48048890654841453 0.21928675203616485 0.2291260680299077
23 0.7386984090905401 0.14853147656750457 0.24706750904511168 0.24491470003181673
29 0.7066781201925012 0.8352598645767314 0.2388455732694629 0.2370112933640897
32 0.3779467740831169 0.4247699966184113 0.23555679895920328 0.2338499306969986
24 0.796679000450226 0.8670451192314138 0.23087594301173803 0.20412606802990788
27 0.4623118080043149 0.4683467266072755 0.24361496042459266 0.23862833736472594
22 0.5436337290806424 0.5135223192632304 0.24361496042459266 0.23862833736472594
33 0.5680307049975256 0.08799779730268323 0.2329364099950512 0.17599559460536646
14 0.19054302860567265 0.5481182319780464 0.23884557326946276 0.2370112933640895
40 0.20679106908559128 0.33608130864100116 0.23391241180407354 0.23226924936345322
31 0.466022226932936 0.240821163271821 0.2455050090451117 0.2448965186982713
13 0.8957473484842333 0.2514553872135964 0.20734991180407364 0.23196016669318062
16 0.7250774016273083 0.3808627185710044 0.24871189620024126 0.24649538136536214
4 0.3646975808442363 0.6492796479551384 0.23720118611433297 0.23543061203054413
25 0.6069414710515838 0.945862104591049 0.20343261646291494 0.09762152936027135
20 0.5196528329919429 0.9210808279360485 0.21863489258219673 0.14932948002863497
12 0.7199273134313817 0.6107502132400043 0.2355567989592034 0.2338499306969986
5 0.19086169040974615 0.7779420919796374 0.23218613749381403 0.2291260680299077
26 0.5516188902073476 0.2929825525939124 0.24542312188998175 0.24333401869827131
21 0.6384095612836751 0.33809451058245843 0.2470675090451115 0.24491470003181667
36 0.3793953301668678 0.19883420528327503 0.24205246042459247 0.23861015603118035
10 0.13836745420455612 0.7160148039863188 0.15151599163225699 0.2094488200190902
19 0.11855516395178009 0.5020523013208187 0.19534787878738674 0.21152039735836253
38 0.48847267978275494 0.061017673973592125 0.1988203595655099 0.12203534794718425
39 0.29597532055592934 0.15837338462763814 0.22223792740790582 0.21807948002863506
17 0.6291485051999244 0.5641212085853219 0.23720118611433313 0.23543061203054413